0.507377	0.659955	0.502697	0.654323	0.002980	0.678309	0.700600	0.750560	0.498068	0.732260
0.536512	0.661180	0.528175	0.664966	0.019285	0.685240	0.663514	0.740905	0.487768	0.726144
0.465132	0.631003	0.499838	0.680613	0.043932	0.654221	0.662477	0.739673	0.492975	0.780534
0.511047	0.637954	0.497653	0.692634	0.026161	0.657759	0.655207	0.723527	0.513325	0.744492
0.515237	0.660300	0.497576	0.674045	0.024880	0.661825	0.670462	0.765563	0.522706	0.761168
0.508960	0.663546	0.525894	0.663536	0.015589	0.647620	0.706525	0.772055	0.486536	0.752236
0.510043	0.678687	0.485138	0.652778	0.009505	0.712164	0.666857	0.740159	0.549087	0.744103
0.499987	0.645610	0.490433	0.643256	0.024477	0.646051	0.646367	0.751733	0.489713	0.741183
0.502646	0.649363	0.472690	0.671424	0.001847	0.689850	0.648450	0.767358	0.486903	0.752080
0.466956	0.679783	0.480108	0.656220	0.019071	0.676131	0.640390	0.751705	0.506914	0.733153
0.502211	0.649069	0.496761	0.721131	0.007700	0.657102	0.618223	0.781087	0.520646	0.726942
0.527350	0.666230	0.529536	0.656022	0.027539	0.651065	0.647943	0.782174	0.468491	0.770932
0.488446	0.654878	0.485116	0.656003	0.017099	0.641998	0.642837	0.748501	0.517587	0.779055
0.509120	0.662610	0.504903	0.689776	0.014388	0.678535	0.656364	0.784477	0.524762	0.735672
0.529802	0.704329	0.475484	0.658374	0.009195	0.703598	0.677261	0.721359	0.526016	0.745936
0.504582	0.650144	0.524491	0.670106	0.012433	0.693234	0.670596	0.744395	0.487387	0.739769
0.526460	0.635233	0.456793	0.658870	0.040276	0.664452	0.643650	0.767092	0.496573	0.767129
0.495193	0.663276	0.517530	0.647992	0.014021	0.669143	0.683593	0.767490	0.496596	0.743818
0.499955	0.710751	0.503615	0.628735	0.003975	0.663124	0.653665	0.744074	0.476251	0.731114
0.523345	0.663986	0.503572	0.637614	0.011073	0.646084	0.628923	0.782884	0.510456	0.778047
0.515504	0.647368	0.518914	0.644003	0.002457	0.663660	0.639669	0.756314	0.474728	0.735964
0.487172	0.650350	0.497531	0.668579	0.015729	0.661519	0.650920	0.787146	0.488778	0.738106
0.466308	0.688635	0.011640	0.654206	0.667153	0.487812	0.625139	0.658517	0.495981	0.673244
0.511881	0.663435	0.001696	0.678180	0.663455	0.493880	0.673238	0.663601	0.511954	0.653470
0.464532	0.678027	0.015532	0.626172	0.700939	0.507947	0.669579	0.689041	0.493918	0.674294
0.511439	0.679430	0.019463	0.669660	0.661247	0.490013	0.677290	0.656220	0.497739	0.675554
0.506009	0.685113	0.007626	0.681433	0.622791	0.516136	0.654125	0.652697	0.521058	0.666640
0.473101	0.646851	0.007256	0.667793	0.653800	0.474662	0.665653	0.660750	0.526291	0.678087
0.506025	0.628434	0.012975	0.646592	0.706806	0.519403	0.669702	0.681942	0.576537	0.686149
0.545416	0.642131	0.027180	0.658501	0.701071	0.511548	0.664233	0.674302	0.519552	0.672420
0.509622	0.686930	0.020823	0.658973	0.669125	0.494089	0.660723	0.660468	0.499436	0.651113
0.500004	0.676593	0.018240	0.658928	0.634065	0.469144	0.677160	0.654134	0.511395	0.665608
0.491079	0.673743	0.011424	0.650003	0.650272	0.503427	0.661108	0.632982	0.490740	0.659452
0.515404	0.668614	0.017593	0.651503	0.650170	0.494566	0.670330	0.679552	0.497224	0.695186
0.496637	0.654079	0.023172	0.665715	0.660954	0.533019	0.656511	0.710253	0.462151	0.684875
0.498884	0.679742	0.012991	0.651352	0.684931	0.462262	0.653269	0.655557	0.497746	0.672214
0.507007	0.660683	0.020163	0.638711	0.669747	0.477419	0.702688	0.646059	0.487140	0.665425
0.470250	0.617870	0.006185	0.654562	0.651872	0.496891	0.643602	0.670733	0.520526	0.631750
0.539299	0.675476	0.012995	0.643812	0.693101	0.508702	0.637400	0.646184	0.490547	0.679944
0.484853	0.683615	0.020416	0.672392	0.658045	0.499696	0.636112	0.664763	0.497028	0.674923
0.516072	0.682585	0.022014	0.683792	0.697775	0.486575	0.655321	0.685363	0.486019	0.702699
0.496357	0.689787	0.012772	0.685163	0.718418	0.488451	0.670415	0.642132	0.492792	0.678513
0.494267	0.691185	0.004373	0.658925	0.667190	0.513808	0.707200	0.648388	0.523426	0.667112
0.498698	0.674765	0.044199	0.665445	0.653634	0.518845	0.727577	0.677594	0.513728	0.675296
0.540118	0.347680	0.473190	0.667212	0.001250	0.665100	0.323243	0.325442	0.291147	0.335302
0.515791	0.324908	0.498625	0.697789	0.000370	0.699279	0.330181	0.323930	0.245253	0.329766
0.512778	0.342932	0.531513	0.652637	0.008565	0.655587	0.360381	0.317359	0.262966	0.347747
0.535577	0.314774	0.526465	0.658002	0.008857	0.663688	0.303241	0.316056	0.268095	0.332124
0.483707	0.339960	0.520385	0.687084	0.038368	0.669678	0.350731	0.340855	0.242579	0.332630
0.492198	0.344123	0.483940	0.669009	0.003959	0.675104	0.331273	0.340894	0.272980	0.351610
0.495736	0.332761	0.492091	0.671278	0.042352	0.668490	0.340409	0.338548	0.255275	0.287666
0.493293	0.365878	0.491833	0.670077	0.034519	0.654261	0.359678	0.359870	0.256607	0.327619
0.472978	0.336810	0.483418	0.668830	0.013340	0.663393	0.328664	0.330386	0.247651	0.341769
0.510875	0.327544	0.497345	0.678801	0.020467	0.686924	0.326763	0.320797	0.248926	0.331108
0.505272	0.340852	0.525083	0.697607	0.022335	0.650637	0.301786	0.358115	0.259118	0.338570
0.519002	0.324454	0.499416	0.648937	0.015684	0.626796	0.328727	0.370112	0.261880	0.363273
0.506976	0.337219	0.490446	0.679225	0.011936	0.663857	0.332680	0.354456	0.236586	0.327140
0.496087	0.333130	0.505016	0.661187	0.021441	0.650246	0.304681	0.364002	0.281741	0.344506
0.549797	0.358858	0.488720	0.655565	0.002232	0.627595	0.338868	0.315663	0.209470	0.371361
0.530056	0.360060	0.516436	0.635763	0.004852	0.681869	0.306923	0.351940	0.223553	0.373229
0.497666	0.633917	0.007134	0.348709	0.685340	0.308326	0.667103	0.684817	0.672900	0.633872
0.495131	0.648521	0.006250	0.355891	0.688367	0.366241	0.703210	0.652081	0.690776	0.641951
0.488400	0.711222	0.015242	0.335524	0.650234	0.334309	0.626911	0.671388	0.641122	0.658929
0.468276	0.655831	0.015808	0.308725	0.678824	0.320013	0.694562	0.653394	0.663758	0.688884
0.497933	0.637646	0.013524	0.325953	0.668359	0.310657	0.662048	0.649181	0.667811	0.678765
0.502157	0.629100	0.015239	0.366034	0.668394	0.342136	0.678878	0.666090	0.650378	0.653865
0.478087	0.634409	0.023996	0.297304	0.665285	0.346481	0.664533	0.675567	0.653010	0.678870
0.491962	0.640204	0.017562	0.341120	0.652168	0.294885	0.653099	0.675472	0.691354	0.663432
0.495435	0.653952	0.037738	0.329053	0.666623	0.370626	0.678768	0.672783	0.647637	0.666911
0.514427	0.701460	0.009680	0.346049	0.675908	0.349156	0.681408	0.664679	0.663843	0.676029
0.489475	0.669378	0.002128	0.327762	0.678380	0.328249	0.680116	0.661516	0.660876	0.693341
0.455046	0.636597	0.024502	0.328377	0.667879	0.348465	0.657283	0.664502	0.677450	0.682999
0.527981	0.691382	0.018184	0.337198	0.671700	0.380178	0.666304	0.637618	0.662428	0.664753
0.493490	0.664536	0.006285	0.305255	0.668710	0.315566	0.650536	0.671687	0.720904	0.672586
0.511548	0.678677	0.032575	0.334091	0.634521	0.327341	0.654922	0.659939	0.671355	0.659896
0.503385	0.676767	0.031430	0.323881	0.632992	0.356851	0.668065	0.640282	0.683798	0.653180
0.467098	0.641983	0.003607	0.341904	0.667617	0.325427	0.674724	0.667529	0.671281	0.678233
0.527364	0.639151	0.004615	0.303373	0.647995	0.348712	0.656452	0.683919	0.672122	0.665863
0.474650	0.679867	0.019058	0.307233	0.700701	0.336331	0.672851	0.686135	0.659940	0.673533
0.473202	0.694565	0.011118	0.330084	0.695921	0.338366	0.676523	0.659781	0.688387	0.659140
0.528355	0.642257	0.011042	0.340211	0.664703	0.343142	0.665946	0.615402	0.665100	0.686743
0.524138	0.696250	0.021886	0.338148	0.679786	0.357837	0.651691	0.666914	0.681350	0.657294
0.478917	0.643601	0.028774	0.341891	0.669583	0.318080	0.684666	0.648675	0.664984	0.685041
0.491137	0.636931	0.006981	0.367476	0.649818	0.338157	0.664464	0.657285	0.682014	0.661453
0.511498	0.634669	0.013355	0.328425	0.654725	0.330091	0.677933	0.657857	0.682069	0.649043
0.507715	0.667048	0.003843	0.327866	0.667835	0.322202	0.644511	0.650589	0.693384	0.690581
0.538729	0.336993	0.028779	0.669721	0.006004	0.496002	0.334581	0.453957	0.469492	0.504928
0.510282	0.345560	0.010789	0.669543	0.028238	0.506056	0.298351	0.510225	0.474638	0.472296
0.536542	0.341516	0.018938	0.698991	0.025573	0.485740	0.394931	0.493952	0.507810	0.479615
0.537136	0.375607	0.007759	0.668577	0.031607	0.501597	0.321739	0.507139	0.516075	0.464520
0.490815	0.297085	0.010302	0.661389	0.014074	0.499599	0.319883	0.479611	0.486453	0.510500
0.547533	0.327427	0.009288	0.707009	0.048592	0.506253	0.320730	0.498439	0.512887	0.511554
0.487185	0.342601	0.010924	0.634630	0.031804	0.474375	0.292987	0.502339	0.485740	0.508223
0.493208	0.343472	0.034780	0.697519	0.016970	0.479462	0.331503	0.512242	0.499472	0.501262
0.457309	0.329832	0.003883	0.665051	0.014844	0.530875	0.319919	0.499608	0.522468	0.503006
0.477795	0.347467	0.012183	0.691519	0.001940	0.506824	0.346469	0.519855	0.492253	0.478462
0.491919	0.326518	0.008093	0.688528	0.001431	0.545578	0.327514	0.479703	0.495805	0.514332
0.499756	0.312378	0.022134	0.631353	0.009131	0.516861	0.348516	0.533222	0.540493	0.468402
0.483329	0.336782	0.015027	0.670556	0.010705	0.506367	0.351226	0.521563	0.507961	0.547895
0.498624	0.348659	0.027267	0.700652	0.020956	0.498044	0.336661	0.525631	0.500827	0.497215
0.495122	0.331272	0.000945	0.650431	0.003294	0.491970	0.300378	0.478548	0.514481	0.489641
0.490012	0.323723	0.042768	0.679440	0.019242	0.526494	0.327178	0.520147	0.498096	0.546562
0.545524	0.320309	0.003200	0.338693	0.002483	0.241497	0.339363	0.520141	0.344272	0.526336
0.463410	0.360108	0.009228	0.330113	0.022824	0.271031	0.336436	0.514644	0.314816	0.492520
0.516581	0.330602	0.001168	0.327461	0.030164	0.225322	0.332388	0.531375	0.317840	0.473793
0.502204	0.333162	0.012532	0.352347	0.015419	0.245477	0.351987	0.503496	0.322904	0.510184
0.491283	0.389554	0.010273	0.349207	0.019452	0.252278	0.345886	0.490169	0.342760	0.457279
0.492756	0.272999	0.000760	0.334474	0.005343	0.239827	0.333564	0.503804	0.336517	0.502485
0.495356	0.327859	0.014952	0.309178	0.003411	0.269940	0.348102	0.497532	0.294195	0.540085
0.522908	0.341062	0.030164	0.332953	0.015082	0.249405	0.354802	0.508854	0.325533	0.507473
0.472804	0.354624	0.007455	0.303080	0.008899	0.260736	0.317680	0.488101	0.335850	0.506676
0.489366	0.335282	0.043691	0.331303	0.019929	0.232148	0.350794	0.514090	0.307458	0.492382
0.493429	0.316151	0.013118	0.346725	0.004272	0.249893	0.343626	0.494456	0.317766	0.482476
0.524786	0.338694	0.018801	0.308412	0.030442	0.253231	0.358685	0.515201	0.310064	0.480730
0.533278	0.310679	0.017615	0.340853	0.033870	0.263678	0.343006	0.478840	0.370748	0.505737
0.472610	0.363271	0.004150	0.325606	0.002504	0.258760	0.318899	0.494777	0.332447	0.543199
0.490612	0.327417	0.000352	0.320826	0.002931	0.233192	0.302150	0.521557	0.350320	0.527333
0.521908	0.335925	0.035650	0.354830	0.009316	0.222209	0.323164	0.495181	0.348102	0.507183
0.515656	0.334089	0.016788	0.327385	0.021851	0.223180	0.348118	0.528533	0.318479	0.477179
0.509307	0.345656	0.008808	0.321850	0.020926	0.241059	0.339809	0.499581	0.352057	0.496833
0.518271	0.332857	0.003238	0.370575	0.007436	0.254045	0.357728	0.476576	0.312360	0.500010
0.503767	0.339756	0.681154	0.698179	0.645958	0.509343	0.256146	0.309509	0.338086	0.318517
0.513509	0.334856	0.648303	0.666666	0.693044	0.504547	0.251770	0.322497	0.329757	0.318990
0.490337	0.362161	0.646939	0.661962	0.661774	0.489895	0.232149	0.332865	0.344648	0.356529
0.525190	0.323690	0.654848	0.658291	0.664449	0.507235	0.267778	0.322298	0.343399	0.328091
0.506220	0.359056	0.614924	0.687832	0.678665	0.514348	0.222475	0.350108	0.335660	0.395354
0.489668	0.330254	0.659136	0.660372	0.692697	0.538574	0.233268	0.325337	0.332203	0.336008
0.482321	0.338958	0.674442	0.680095	0.651668	0.500017	0.252677	0.342849	0.301730	0.335947
0.468630	0.320420	0.666745	0.685951	0.690771	0.550304	0.262261	0.334897	0.352017	0.324774
0.495830	0.361508	0.677038	0.665997	0.691287	0.502473	0.253816	0.345936	0.349440	0.314075
0.525325	0.522060	0.328056	0.305777	0.534114	0.317958	0.461644	0.488490	0.010346	0.541585
0.474255	0.515915	0.354883	0.352235	0.473693	0.315332	0.524689	0.526014	0.014748	0.494720
0.470484	0.509768	0.346289	0.332419	0.493363	0.330557	0.485506	0.525409	0.007021	0.484579
0.485851	0.530605	0.325048	0.345374	0.519038	0.314118	0.470017	0.468950	0.017009	0.515574
0.485996	0.494354	0.344014	0.343921	0.507144	0.366465	0.487853	0.492150	0.008148	0.510214
0.501281	0.477792	0.342198	0.331781	0.481849	0.361575	0.499075	0.487208	0.016575	0.534307
0.540346	0.499222	0.325380	0.306595	0.470927	0.358318	0.522380	0.513621	0.008038	0.489214
0.469287	0.520522	0.283325	0.337008	0.474504	0.336974	0.501710	0.516427	0.028462	0.479259
0.472136	0.484829	0.316208	0.342272	0.527384	0.307704	0.498573	0.479865	0.020959	0.515716
0.486018	0.480373	0.328058	0.358502	0.510055	0.330784	0.504001	0.496271	0.025660	0.485943
0.491928	0.536108	0.311505	0.326276	0.482387	0.363767	0.498985	0.518534	0.008616	0.509847
0.503993	0.466837	0.336992	0.358082	0.462508	0.344402	0.479199	0.503951	0.009775	0.506478
0.493112	0.498724	0.350936	0.340430	0.476766	0.369493	0.532284	0.480091	0.018093	0.510552
0.468602	0.499189	0.346785	0.315411	0.505172	0.342956	0.466268	0.505024	0.010962	0.500242
0.477010	0.502109	0.347592	0.380294	0.513069	0.357911	0.481346	0.505615	0.011592	0.501057
0.492497	0.490142	0.336883	0.331321	0.472987	0.371558	0.491068	0.476022	0.004739	0.479285
0.494538	0.498869	0.303143	0.251641	0.491854	0.333085	0.489868	0.488390	0.030428	0.529941
0.486479	0.463505	0.334084	0.321359	0.496566	0.320858	0.508484	0.449483	0.016278	0.474646
0.475955	0.483458	0.323671	0.340938	0.522752	0.311642	0.491738	0.487852	0.057184	0.487752
0.502047	0.523965	0.322967	0.339262	0.497573	0.357799	0.508489	0.517489	0.005131	0.504030
0.515868	0.511413	0.348586	0.304732	0.505660	0.326524	0.489567	0.512581	0.006988	0.503483
0.494091	0.509561	0.331738	0.328797	0.483434	0.353328	0.518584	0.530625	0.007880	0.520427
0.471939	0.475965	0.332718	0.318862	0.548748	0.322210	0.482454	0.498120	0.005955	0.474524
0.502489	0.517710	0.306744	0.324688	0.497214	0.343728	0.487402	0.520683	0.018293	0.501395
0.537187	0.641915	0.676199	0.678813	0.037783	0.501175	0.675222	0.681837	0.346840	0.650286
0.497846	0.696179	0.645189	0.683178	0.021335	0.510064	0.665864	0.675788	0.304321	0.647310
0.500926	0.639702	0.664756	0.699454	0.002562	0.475469	0.657484	0.660749	0.372827	0.679284
0.524858	0.660519	0.670502	0.663766	0.015228	0.515685	0.685624	0.664746	0.337521	0.634249
0.516180	0.668454	0.671125	0.679523	0.007039	0.486102	0.689948	0.678943	0.310641	0.655872
0.463664	0.688899	0.654959	0.669200	0.013515	0.528288	0.648540	0.696892	0.352755	0.675759
0.485949	0.660719	0.666899	0.683201	0.004822	0.495453	0.659600	0.688206	0.308832	0.655987
0.537298	0.688725	0.659025	0.672983	0.004311	0.494919	0.671929	0.660017	0.334626	0.678484
0.505444	0.486493	0.044796	0.329090	0.332461	0.327442	0.481815	0.492124	0.030083	0.547874
0.527905	0.495618	0.011641	0.362470	0.331405	0.344232	0.501723	0.505493	0.006111	0.494435
0.511107	0.509633	0.013006	0.346514	0.337333	0.341409	0.514408	0.525158	0.020282	0.499894
0.536568	0.504719	0.004689	0.340493	0.316000	0.316291	0.482291	0.508007	0.017667	0.504148
0.521030	0.483756	0.002024	0.318022	0.297622	0.375102	0.478723	0.490401	0.002634	0.505418
0.510120	0.481098	0.015927	0.299885	0.355272	0.303188	0.530026	0.531125	0.021362	0.544018
0.522699	0.503639	0.030561	0.347245	0.328462	0.353715	0.519361	0.477587	0.010317	0.566381
0.488571	0.473757	0.003466	0.301288	0.326838	0.339425	0.499555	0.507321	0.011811	0.499097
0.473006	0.504124	0.000425	0.344520	0.317726	0.347712	0.503325	0.505121	0.031535	0.524206
0.513942	0.521945	0.020235	0.340916	0.325719	0.342960	0.493255	0.467388	0.011346	0.524082
0.485859	0.501876	0.014507	0.325017	0.356333	0.361191	0.500886	0.490625	0.023840	0.506205
0.499536	0.529500	0.039623	0.329285	0.346554	0.309482	0.480492	0.510429	0.006856	0.477026
0.499281	0.465317	0.006738	0.317844	0.331117	0.335460	0.475230	0.498655	0.028212	0.524505
0.508241	0.474109	0.008296	0.327536	0.344170	0.367195	0.489032	0.510263	0.006572	0.515571
0.498793	0.486376	0.004663	0.405159	0.330684	0.323957	0.513472	0.512787	0.030296	0.480614
0.477324	0.482305	0.021781	0.325677	0.358551	0.325964	0.489844	0.508442	0.035230	0.484256
0.497601	0.496034	0.014433	0.339945	0.344242	0.336028	0.533601	0.506196	0.038018	0.504298
0.510437	0.505725	0.022263	0.312384	0.323605	0.327096	0.501550	0.488464	0.005251	0.517286
0.484086	0.566693	0.007458	0.344551	0.331883	0.357729	0.505856	0.492595	0.036458	0.525609
0.481246	0.489488	0.005493	0.306323	0.318867	0.333974	0.528049	0.523468	0.000990	0.537629
0.472207	0.510635	0.020174	0.340290	0.313395	0.329078	0.498127	0.512608	0.008369	0.511642
0.517959	0.488916	0.033775	0.343658	0.359968	0.336642	0.531996	0.507505	0.012951	0.493379
0.490952	0.486982	0.005031	0.320716	0.311288	0.358000	0.521659	0.497989	0.018114	0.500669
0.483023	0.310507	0.535353	0.503729	0.524358	0.502574	0.318170	0.327043	0.509327	0.299657
0.502748	0.344673	0.492354	0.514327	0.475852	0.468354	0.339930	0.330277	0.490787	0.307781
0.524931	0.322357	0.510387	0.516714	0.527064	0.542407	0.341662	0.344614	0.492855	0.325097
0.494626	0.357058	0.506945	0.522676	0.500133	0.469253	0.357961	0.348506	0.510188	0.332134
0.517885	0.367114	0.493538	0.499362	0.533225	0.490409	0.328703	0.317087	0.483525	0.326210
0.535192	0.333619	0.496630	0.520983	0.476962	0.457362	0.366715	0.287682	0.501095	0.314686
0.501732	0.330175	0.468066	0.502370	0.465683	0.488330	0.377346	0.344031	0.502808	0.310435
0.492032	0.323629	0.474200	0.488196	0.525400	0.502009	0.327832	0.321907	0.486063	0.300168
0.517645	0.348735	0.486403	0.491721	0.527720	0.477014	0.318148	0.341807	0.473551	0.299722
0.480114	0.334147	0.477629	0.535806	0.506331	0.516809	0.314427	0.328784	0.539895	0.374017
0.488592	0.680066	0.018098	0.663947	0.016753	0.775468	0.747372	0.675609	0.469104	0.734695
0.487077	0.705444	0.002724	0.669074	0.026875	0.742619	0.785353	0.668064	0.491358	0.677071
0.508383	0.665502	0.002861	0.670912	0.027250	0.754868	0.743941	0.673912	0.533193	0.684385
0.478695	0.666925	0.004326	0.663831	0.009257	0.774423	0.751824	0.674655	0.496552	0.680289
0.498178	0.642327	0.035103	0.683512	0.004438	0.724987	0.753414	0.664087	0.508529	0.674290
0.471638	0.628603	0.013701	0.684686	0.008960	0.764553	0.744056	0.658071	0.488871	0.667991
0.517607	0.624665	0.026264	0.671946	0.007765	0.730959	0.796239	0.672705	0.500444	0.708853
0.492105	0.625813	0.026936	0.670780	0.017354	0.732213	0.752643	0.657462	0.496476	0.660642
0.505771	0.669348	0.030514	0.658472	0.001836	0.742393	0.765065	0.682823	0.517686	0.670850
0.459686	0.693957	0.014140	0.672978	0.008770	0.758903	0.725223	0.659673	0.490242	0.696279
0.499562	0.646945	0.023392	0.678809	0.013724	0.774645	0.765642	0.667285	0.510907	0.647077
0.536916	0.669197	0.018393	0.680663	0.002539	0.735981	0.742690	0.667204	0.532747	0.648804
0.516646	0.665459	0.013967	0.675615	0.018705	0.749701	0.764443	0.678905	0.506943	0.690956
0.494781	0.646610	0.024515	0.674676	0.030914	0.733562	0.723825	0.713778	0.500918	0.649528
0.498053	0.672004	0.022907	0.679802	0.007273	0.749098	0.708967	0.669996	0.486656	0.667756
0.521751	0.669289	0.021516	0.663375	0.018743	0.757155	0.751841	0.636524	0.517517	0.666627
0.510056	0.674881	0.000784	0.669655	0.041998	0.733566	0.738210	0.649231	0.506072	0.705138
0.467000	0.687043	0.047043	0.667620	0.013267	0.740419	0.727875	0.677306	0.515678	0.652174
0.485235	0.702342	0.000279	0.677270	0.018831	0.746329	0.748474	0.651518	0.530872	0.658815
0.507740	0.683773	0.026583	0.526280	0.702392	0.325091	0.749296	0.656376	0.666032	0.646360
0.539822	0.681974	0.015922	0.511478	0.648862	0.325809	0.729484	0.670480	0.703514	0.684326
0.533098	0.700008	0.003499	0.475482	0.678659	0.345334	0.705371	0.677963	0.649790	0.673452
0.497580	0.673209	0.012884	0.522453	0.645630	0.331084	0.771278	0.735310	0.671578	0.665510
0.493431	0.709654	0.006701	0.514061	0.667191	0.357452	0.757665	0.708701	0.651267	0.664390
0.501659	0.687440	0.032989	0.474220	0.685662	0.285592	0.784497	0.629506	0.668620	0.655629
0.503870	0.655015	0.002769	0.511529	0.641318	0.321428	0.771875	0.680532	0.653025	0.696989
0.513454	0.658224	0.006877	0.455945	0.686140	0.329094	0.770403	0.645592	0.680406	0.665585
0.462447	0.663062	0.003545	0.497096	0.642995	0.336770	0.768971	0.655728	0.680486	0.698643
0.497734	0.665027	0.030430	0.475098	0.655445	0.304947	0.729591	0.672082	0.663863	0.689800
0.489766	0.309948	0.715163	0.696108	0.505873	0.750597	0.318217	0.367108	0.523430	0.286390
0.500044	0.343875	0.670699	0.664013	0.470025	0.750455	0.348030	0.363742	0.478807	0.320953
0.519761	0.346567	0.667509	0.625635	0.493481	0.725706	0.368557	0.301382	0.528821	0.359869
0.481448	0.320214	0.681079	0.697627	0.511674	0.747595	0.331578	0.332982	0.501168	0.273615
0.510799	0.372077	0.681910	0.669432	0.496017	0.749482	0.332280	0.344817	0.477404	0.316072
0.502534	0.342546	0.694749	0.672540	0.519106	0.747178	0.349610	0.332858	0.497729	0.319366
0.476660	0.346839	0.671502	0.666636	0.525000	0.732804	0.278085	0.341068	0.521675	0.341735
0.494447	0.323788	0.669446	0.681526	0.508001	0.735294	0.324943	0.346487	0.457847	0.310063
0.469256	0.348640	0.665359	0.652032	0.472328	0.725724	0.342158	0.314129	0.503823	0.314289
0.496452	0.332864	0.664476	0.670904	0.553432	0.748651	0.312233	0.307387	0.487787	0.301598
0.498488	0.336268	0.666502	0.689167	0.485674	0.751738	0.322487	0.339111	0.504599	0.313964
0.502961	0.332413	0.671178	0.680206	0.479147	0.748476	0.352501	0.316023	0.514814	0.323984
0.495618	0.344191	0.706380	0.650999	0.476805	0.756164	0.324561	0.319547	0.489220	0.337503
0.540804	0.289948	0.653103	0.668228	0.511788	0.768332	0.358125	0.305555	0.517848	0.315041
0.514029	0.335132	0.726549	0.667562	0.506935	0.768973	0.342109	0.316699	0.478654	0.309002
0.537578	0.323786	0.646723	0.662052	0.472517	0.778153	0.366310	0.301121	0.542283	0.358835
0.524067	0.347365	0.681720	0.664183	0.483825	0.746447	0.313674	0.343139	0.507276	0.341006
0.518154	0.335107	0.001101	0.634216	0.466193	0.764270	0.343417	0.527602	0.508959	0.538876
0.503672	0.317611	0.031545	0.684440	0.531768	0.752286	0.333785	0.507627	0.514273	0.510654
0.481155	0.316448	0.015240	0.673095	0.536900	0.752761	0.304112	0.471566	0.529968	0.488404
0.523324	0.357619	0.019848	0.647054	0.479125	0.749593	0.357848	0.512820	0.516022	0.466277
0.495702	0.348207	0.021839	0.653150	0.519085	0.775702	0.352262	0.511271	0.527892	0.491240
0.498045	0.313738	0.000072	0.679968	0.522366	0.733908	0.331819	0.502194	0.492463	0.488783
0.541859	0.356229	0.015903	0.675319	0.478918	0.734210	0.302807	0.509223	0.482156	0.506038
0.483424	0.346418	0.006248	0.637543	0.476930	0.733281	0.360885	0.513524	0.474424	0.448586
0.499627	0.646171	0.320904	0.674535	0.470328	0.490277	0.683692	0.673341	0.651692	0.636326
0.480296	0.652224	0.317420	0.649039	0.506616	0.464130	0.668239	0.686475	0.670204	0.691505
0.483513	0.682897	0.330833	0.674235	0.508871	0.510431	0.671463	0.651492	0.660083	0.628250
0.493850	0.689647	0.339518	0.670931	0.476630	0.490403	0.665678	0.644514	0.666916	0.658714
0.487900	0.644143	0.355567	0.659714	0.531478	0.450404	0.642737	0.658927	0.706942	0.678320
0.466599	0.662726	0.343385	0.681493	0.492841	0.496066	0.630492	0.635384	0.695619	0.635400
0.502480	0.666089	0.301114	0.694467	0.522017	0.525966	0.680212	0.714701	0.669320	0.669560
0.518971	0.664521	0.356216	0.650380	0.503900	0.496758	0.659894	0.642228	0.630975	0.694425
0.532692	0.701663	0.343747	0.692931	0.524973	0.528273	0.655598	0.658481	0.700215	0.645423
0.508653	0.625385	0.352889	0.703341	0.456128	0.519994	0.657718	0.664249	0.670789	0.656185
0.507574	0.674750	0.342477	0.641375	0.489878	0.531260	0.649039	0.659805	0.675257	0.667479
0.495019	0.667718	0.322031	0.644201	0.523559	0.510796	0.683353	0.675712	0.651345	0.646647
0.498099	0.688858	0.313815	0.640583	0.491208	0.494959	0.665045	0.665044	0.662190	0.677547
0.510554	0.642602	0.327352	0.698533	0.505005	0.501704	0.634545	0.637530	0.681150	0.672215
0.494455	0.663604	0.351202	0.616136	0.530219	0.472982	0.644905	0.662386	0.668540	0.662709
0.517588	0.671420	0.334061	0.662063	0.483050	0.475051	0.682607	0.641572	0.674293	0.670121
0.527646	0.700836	0.330121	0.696800	0.496352	0.506536	0.649407	0.676521	0.652802	0.679092
0.513683	0.656109	0.309025	0.646450	0.509883	0.521118	0.680378	0.636791	0.660687	0.664253
0.484041	0.349019	0.334863	0.482001	0.053859	0.338417	0.272954	0.510485	0.378380	0.505775
0.485792	0.332549	0.370986	0.517891	0.006947	0.332946	0.238264	0.482865	0.329289	0.493600
0.500499	0.334076	0.335491	0.497682	0.010011	0.324839	0.212815	0.532744	0.325459	0.481176
0.485646	0.337718	0.317426	0.507410	0.013625	0.346086	0.235531	0.528517	0.312240	0.517737
0.465392	0.305630	0.357015	0.504021	0.003856	0.327236	0.237706	0.510642	0.317570	0.489403
0.513973	0.335765	0.361848	0.511420	0.052707	0.338697	0.247786	0.485401	0.322956	0.476657
0.478082	0.345963	0.324094	0.513866	0.013134	0.342568	0.265238	0.479457	0.333893	0.528225
0.497095	0.342714	0.323090	0.518332	0.009876	0.323676	0.268405	0.538776	0.355812	0.492030
0.500832	0.346359	0.016799	0.314910	0.495434	0.483176	0.343344	0.512974	0.337591	0.496930
0.510585	0.305493	0.008365	0.326710	0.508179	0.514068	0.357227	0.527271	0.347001	0.460820
0.521705	0.306101	0.006600	0.320694	0.502920	0.523358	0.360642	0.494420	0.323957	0.515488
0.514164	0.319730	0.016503	0.327806	0.493090	0.470035	0.360147	0.520725	0.296394	0.515763
0.518243	0.320650	0.019268	0.340522	0.506231	0.509029	0.323141	0.529834	0.289421	0.534024
0.522811	0.323859	0.010304	0.322037	0.459703	0.473030	0.271044	0.507561	0.334837	0.490028
0.506767	0.343433	0.000967	0.342820	0.516117	0.497331	0.374145	0.499093	0.303537	0.468606
0.494240	0.345370	0.023403	0.347394	0.486349	0.479763	0.344088	0.499929	0.333484	0.510863
0.498820	0.360710	0.012919	0.346350	0.516026	0.559334	0.315954	0.537844	0.300824	0.480805
0.500740	0.344629	0.013088	0.303699	0.467809	0.465842	0.314196	0.505375	0.366452	0.477762
0.470326	0.346101	0.023614	0.342702	0.513033	0.503322	0.340262	0.513430	0.312129	0.512647
0.492153	0.373710	0.011881	0.329565	0.489553	0.524783	0.334816	0.495948	0.330432	0.507509
0.502049	0.388824	0.002198	0.318464	0.493096	0.517994	0.322341	0.513989	0.350189	0.480891
0.506085	0.340786	0.030796	0.300745	0.478013	0.508864	0.342970	0.520045	0.374504	0.515951
0.485415	0.341372	0.000453	0.327523	0.508347	0.557775	0.330712	0.486359	0.349569	0.497203
0.489561	0.380365	0.012154	0.320580	0.526887	0.498508	0.334980	0.525953	0.300471	0.494842
0.485283	0.685419	0.024775	0.341756	0.448146	0.241116	0.684498	0.663468	0.752867	0.623516
0.522499	0.712596	0.033307	0.307074	0.511568	0.216997	0.676264	0.648577	0.750195	0.689927
0.553807	0.666406	0.010186	0.332379	0.514960	0.288164	0.676875	0.687103	0.747996	0.635492
0.513429	0.675633	0.006141	0.304834	0.524858	0.249368	0.661119	0.673317	0.721230	0.660300
0.517741	0.668618	0.027043	0.327235	0.501939	0.230172	0.670624	0.664127	0.759003	0.645203
0.472650	0.682958	0.022792	0.345795	0.473916	0.230531	0.656700	0.672117	0.728832	0.687687
0.497582	0.690544	0.005929	0.311759	0.521578	0.269571	0.666671	0.652540	0.759244	0.634756
0.508089	0.335091	0.013257	0.550000	0.485275	0.659272	0.367118	0.675013	0.516030	0.661164
0.506233	0.305854	0.007691	0.498651	0.489122	0.661499	0.325847	0.668941	0.490228	0.632771
0.483371	0.354086	0.000902	0.509593	0.491891	0.694345	0.305642	0.691074	0.486160	0.640856
0.529040	0.301483	0.012118	0.508907	0.508988	0.703401	0.359656	0.634011	0.489426	0.654732
0.486907	0.302531	0.012864	0.474435	0.520135	0.653837	0.344425	0.638573	0.494731	0.659447
0.502567	0.335237	0.013019	0.461469	0.475393	0.629196	0.319680	0.674482	0.476474	0.697296
0.483112	0.318410	0.019280	0.471879	0.516941	0.680309	0.312663	0.668796	0.506085	0.668287
0.460289	0.301899	0.008015	0.510505	0.472094	0.668566	0.348897	0.706869	0.510612	0.646870
0.506889	0.323006	0.009309	0.497732	0.492874	0.693310	0.320256	0.635480	0.481068	0.697814
0.482195	0.330945	0.046001	0.474308	0.505838	0.655235	0.323635	0.649239	0.515506	0.701582
0.495051	0.372511	0.003536	0.505837	0.514150	0.667879	0.305639	0.686104	0.507609	0.687441
0.486657	0.350970	0.006961	0.486631	0.503012	0.677925	0.337878	0.707885	0.459618	0.637565
0.472299	0.359434	0.009439	0.511544	0.514949	0.666938	0.329203	0.642950	0.508288	0.691810
0.512674	0.324134	0.011772	0.507113	0.482396	0.683360	0.330397	0.652094	0.525973	0.688307
0.468804	0.335734	0.029549	0.492948	0.493913	0.660092	0.306453	0.693537	0.486820	0.677734
0.511747	0.325197	0.020560	0.489188	0.500798	0.689514	0.288175	0.664363	0.520567	0.629966
0.492283	0.343309	0.011023	0.495667	0.517695	0.682101	0.364746	0.687323	0.506119	0.638616
0.495811	0.682837	0.015925	0.667403	0.013054	0.756710	0.742049	0.269210	0.510451	0.340788
0.482238	0.673386	0.008333	0.643337	0.026321	0.775242	0.751929	0.307413	0.489611	0.312107
0.501700	0.699259	0.019021	0.640195	0.009821	0.720251	0.718914	0.327136	0.501616	0.321960
0.515314	0.662841	0.003260	0.652417	0.042523	0.749473	0.754311	0.331522	0.520650	0.320242
0.479851	0.636432	0.008812	0.688172	0.002994	0.755627	0.728088	0.306577	0.500212	0.332197
0.511860	0.693674	0.012961	0.662839	0.009427	0.765099	0.741317	0.353841	0.517263	0.337731
0.524039	0.659570	0.014662	0.680922	0.025066	0.730001	0.725036	0.340023	0.455611	0.327533
0.515608	0.668432	0.002448	0.689108	0.024611	0.746636	0.756960	0.342452	0.519759	0.319517
0.537549	0.660050	0.028498	0.672202	0.022256	0.743468	0.769782	0.328810	0.494963	0.298745
0.496419	0.704090	0.480413	0.344616	0.484319	0.261317	0.635702	0.516810	0.627750	0.472951
0.482538	0.655438	0.494159	0.350447	0.533527	0.265047	0.713060	0.489249	0.653987	0.488627
0.532892	0.677487	0.505569	0.332331	0.493521	0.248220	0.655416	0.509748	0.669350	0.508965
0.472987	0.676149	0.510754	0.357708	0.513464	0.259685	0.662276	0.534167	0.638478	0.498395
0.500440	0.630336	0.485420	0.337870	0.509886	0.242124	0.708597	0.505892	0.657660	0.527282
0.494762	0.634536	0.498568	0.359643	0.490279	0.231865	0.640554	0.523879	0.656168	0.497947
0.482665	0.635826	0.480867	0.304031	0.497210	0.250578	0.622876	0.466716	0.675159	0.546689
0.502493	0.646141	0.504204	0.346025	0.513574	0.274658	0.702657	0.499156	0.656584	0.502305
0.514674	0.661646	0.496050	0.376021	0.480462	0.244911	0.665634	0.463101	0.663859	0.507647
0.472775	0.712231	0.514806	0.328634	0.494742	0.242781	0.656805	0.545972	0.660780	0.486516
0.511744	0.686067	0.540722	0.343801	0.500498	0.284517	0.679731	0.485247	0.654994	0.501073
0.481564	0.663350	0.495926	0.327719	0.517524	0.225433	0.698069	0.514713	0.681711	0.506059
0.540516	0.652583	0.509959	0.322213	0.487559	0.283030	0.671288	0.514911	0.659351	0.520251
0.481242	0.712998	0.483580	0.322972	0.552385	0.256074	0.648934	0.499391	0.658064	0.454365
0.499748	0.327974	0.009023	0.671562	0.501623	0.509744	0.448253	0.304141	0.335148	0.343024
0.501265	0.370128	0.003502	0.670035	0.513186	0.500949	0.504986	0.324334	0.349899	0.349100
0.520480	0.322990	0.047871	0.696745	0.493634	0.494414	0.527584	0.306213	0.301859	0.289404
0.548986	0.364784	0.034966	0.650751	0.525371	0.471113	0.487514	0.323940	0.324249	0.325463
0.486425	0.372804	0.014318	0.666790	0.495407	0.500575	0.479827	0.297293	0.317739	0.317491
0.481922	0.312787	0.005268	0.676590	0.492094	0.491833	0.493897	0.294734	0.359200	0.325440
0.507789	0.324295	0.506541	0.536097	0.637707	0.678036	0.330208	0.493870	0.502738	0.529743
0.523837	0.339886	0.471734	0.485784	0.625798	0.646156	0.304587	0.482591	0.458762	0.455796
0.512565	0.355008	0.507086	0.481639	0.686166	0.653148	0.314758	0.487346	0.515310	0.500962
0.518303	0.336050	0.507153	0.503115	0.655862	0.645807	0.337284	0.482630	0.502067	0.463864
0.501558	0.348531	0.528741	0.514316	0.663653	0.652440	0.299248	0.504658	0.504575	0.478610
0.502408	0.354868	0.501406	0.462982	0.676059	0.675667	0.330901	0.505726	0.492028	0.521039
0.494260	0.339764	0.483044	0.486416	0.664207	0.661987	0.318488	0.528787	0.500055	0.514704
0.501728	0.337403	0.504986	0.525616	0.639521	0.723424	0.324818	0.505725	0.509186	0.497712
0.520635	0.314470	0.528534	0.571150	0.696232	0.660169	0.347455	0.484422	0.528776	0.508673
0.521660	0.332578	0.492564	0.506590	0.651899	0.690096	0.339121	0.515246	0.448770	0.490364
0.508961	0.329471	0.519629	0.487610	0.701852	0.646772	0.340593	0.506452	0.483345	0.524420
0.484856	0.344691	0.487133	0.508770	0.644836	0.692459	0.363207	0.466341	0.508241	0.511670
0.469658	0.353863	0.506359	0.503240	0.660261	0.620210	0.297615	0.505427	0.479978	0.549306
0.494117	0.351265	0.468272	0.508454	0.683460	0.651896	0.333532	0.476100	0.497632	0.507316
0.511363	0.373205	0.517107	0.519367	0.656802	0.652468	0.329886	0.516647	0.520843	0.519711
0.504197	0.344803	0.480162	0.502120	0.694204	0.663108	0.336346	0.552858	0.494139	0.513309
0.491359	0.360905	0.493694	0.460000	0.667634	0.695036	0.320271	0.489947	0.509276	0.481446
0.491942	0.338675	0.007249	0.653808	0.503269	0.687420	0.248328	0.476394	0.491776	0.506874
0.556760	0.325136	0.027293	0.667274	0.508853	0.678208	0.257952	0.520355	0.498536	0.446118
0.492007	0.326434	0.027123	0.670001	0.496156	0.633368	0.270531	0.506963	0.520944	0.489028
0.545720	0.664358	0.001937	0.671553	0.017084	0.713822	0.664812	0.660062	0.710790	0.684672
0.480838	0.660888	0.021978	0.651362	0.014803	0.764226	0.663630	0.693175	0.675804	0.679300
0.495921	0.663780	0.026866	0.657621	0.019602	0.763291	0.653210	0.677059	0.665742	0.653780
0.503598	0.686966	0.032794	0.647436	0.015197	0.745125	0.671033	0.661464	0.696564	0.642339
0.516723	0.670744	0.045028	0.676557	0.012369	0.763773	0.641721	0.628718	0.657236	0.677335
0.503325	0.624918	0.022378	0.667738	0.022768	0.745661	0.637856	0.646858	0.663620	0.690633
0.488492	0.673878	0.003184	0.668639	0.005374	0.764912	0.682443	0.668484	0.664254	0.653077
0.507944	0.669560	0.022771	0.698941	0.010957	0.772683	0.627293	0.687060	0.661795	0.651428
0.489217	0.662232	0.009479	0.687413	0.055832	0.764063	0.690478	0.690997	0.629411	0.694418
0.482423	0.679618	0.008805	0.636902	0.011381	0.769756	0.645961	0.658689	0.666264	0.677666
0.500230	0.685643	0.023259	0.640470	0.005561	0.768196	0.629953	0.658894	0.696398	0.690720
0.484565	0.690769	0.008850	0.678085	0.031265	0.792173	0.672665	0.678768	0.668473	0.700091
0.519839	0.702734	0.000379	0.675828	0.032080	0.758290	0.655849	0.659144	0.658209	0.670088
0.555163	0.646288	0.000433	0.652838	0.034863	0.747470	0.678591	0.666097	0.635011	0.673770
0.498746	0.656928	0.022863	0.642948	0.006669	0.756047	0.653668	0.668776	0.676679	0.676750
0.501707	0.645298	0.014043	0.654631	0.007610	0.722321	0.673136	0.656052	0.658945	0.652046
0.496120	0.670181	0.000825	0.654478	0.006890	0.772143	0.663253	0.637131	0.693053	0.673489
0.488549	0.309753	0.029927	0.488348	0.472276	0.652287	0.319660	0.518530	0.522302	0.497691
0.485426	0.336362	0.022630	0.513932	0.453813	0.678204	0.345168	0.491537	0.512761	0.474697
0.500992	0.323213	0.005217	0.521014	0.563502	0.625455	0.350460	0.505794	0.486815	0.484349
0.489868	0.285181	0.514456	0.014618	0.337535	0.036619	0.258620	0.326904	0.508439	0.323875
0.486114	0.307137	0.511858	0.022377	0.346654	0.046858	0.275938	0.314804	0.503462	0.348312
0.472492	0.340788	0.510876	0.023092	0.332429	0.003004	0.208939	0.333827	0.502276	0.328538
0.518142	0.326703	0.542112	0.013030	0.327904	0.007966	0.261729	0.349965	0.527121	0.360366
0.505645	0.348991	0.492765	0.016453	0.333640	0.022600	0.198751	0.331303	0.469871	0.355136
0.506341	0.340839	0.495142	0.011204	0.371301	0.024690	0.257844	0.337999	0.526306	0.333894
0.489435	0.316478	0.482978	0.000268	0.347180	0.009977	0.211028	0.333437	0.519977	0.366107
0.502356	0.360202	0.499363	0.015073	0.328859	0.011341	0.272551	0.322841	0.500846	0.325900
0.531037	0.348992	0.517446	0.000772	0.335567	0.031142	0.227032	0.303564	0.500486	0.303810
0.490306	0.304870	0.506231	0.015420	0.331140	0.001277	0.275397	0.374884	0.521511	0.331840
0.553782	0.290639	0.506307	0.026831	0.304869	0.003371	0.275819	0.321109	0.485522	0.324715
0.501681	0.321884	0.511727	0.009267	0.349259	0.014196	0.224106	0.313971	0.509115	0.359382
0.503748	0.320915	0.516770	0.007661	0.339094	0.017381	0.198903	0.336697	0.474815	0.319133
0.515074	0.314432	0.491640	0.002995	0.315687	0.010117	0.262371	0.341143	0.487868	0.340676
0.488350	0.368448	0.547438	0.018197	0.316739	0.006811	0.227589	0.330111	0.485684	0.347191
0.496119	0.372093	0.449568	0.006093	0.346897	0.020017	0.233815	0.343589	0.512798	0.340423
0.491545	0.313881	0.661931	0.482552	0.336865	0.525369	0.326356	0.503139	0.500454	0.499833
0.506985	0.338561	0.642787	0.502806	0.336348	0.512069	0.344485	0.490884	0.491307	0.508601
0.479830	0.322221	0.650327	0.480841	0.333581	0.495039	0.309276	0.459884	0.493642	0.480254
0.509213	0.309076	0.662347	0.331047	0.024858	0.247267	0.304355	0.350709	0.324975	0.224874
0.492302	0.323822	0.651391	0.322288	0.016744	0.259166	0.362437	0.326344	0.330402	0.201992
0.509283	0.308991	0.657076	0.364783	0.007564	0.265088	0.354068	0.327817	0.312045	0.228380
0.497784	0.352249	0.698233	0.366122	0.000627	0.270732	0.334532	0.320569	0.326237	0.263468
0.506545	0.335052	0.677809	0.358026	0.010321	0.278283	0.324808	0.330510	0.340707	0.299304
0.511521	0.305834	0.678239	0.289242	0.029586	0.254315	0.336088	0.337709	0.304286	0.251052
0.485855	0.349771	0.683626	0.330469	0.023343	0.268549	0.373416	0.287124	0.335494	0.225557
0.493686	0.343613	0.712511	0.330048	0.020361	0.202001	0.331048	0.349376	0.326046	0.256699
0.516657	0.353838	0.643663	0.354143	0.007202	0.290939	0.306196	0.370823	0.336487	0.286072
0.498832	0.330749	0.664603	0.339836	0.028945	0.273980	0.330759	0.385835	0.364737	0.240932
0.501926	0.334296	0.638973	0.350856	0.016354	0.223405	0.319621	0.270036	0.331181	0.231337
0.473334	0.347522	0.684583	0.340517	0.023826	0.241872	0.319116	0.317370	0.332199	0.255150
0.503337	0.325838	0.687330	0.345923	0.002634	0.214138	0.321164	0.342452	0.327459	0.240472
0.469324	0.382761	0.627051	0.308754	0.025656	0.263544	0.326055	0.295392	0.322811	0.229734
0.522713	0.313640	0.611459	0.357402	0.020632	0.263872	0.318618	0.360163	0.319114	0.221726
0.468860	0.706698	0.463362	0.362160	0.353469	0.218093	0.650263	0.474805	0.681580	0.493173
0.491761	0.687458	0.492919	0.356867	0.313141	0.279449	0.691714	0.486631	0.649287	0.508958
0.519571	0.680999	0.504753	0.327088	0.335903	0.236738	0.704564	0.515937	0.694825	0.508352
0.480336	0.661257	0.507936	0.346057	0.283732	0.255846	0.680541	0.526604	0.681217	0.466693
0.534615	0.660285	0.514884	0.332738	0.330180	0.251283	0.675102	0.496377	0.654080	0.510888
0.488363	0.636005	0.522907	0.364814	0.352074	0.239697	0.641397	0.492973	0.689298	0.476205
0.486841	0.639938	0.496593	0.317802	0.656922	0.229005	0.672246	0.472436	0.626343	0.514483
0.456561	0.674666	0.483047	0.338955	0.677158	0.231678	0.643238	0.486195	0.669818	0.476675
0.512993	0.697034	0.537510	0.333863	0.639914	0.270409	0.660576	0.497927	0.662165	0.515105
0.498170	0.681942	0.516460	0.316733	0.658081	0.233205	0.678523	0.512952	0.658091	0.506403
0.470812	0.666963	0.519810	0.367666	0.633939	0.250432	0.682819	0.502697	0.683463	0.511563
0.498634	0.683023	0.488402	0.353076	0.670264	0.260870	0.674329	0.544539	0.672218	0.479114
0.503858	0.670774	0.525450	0.374054	0.674880	0.281680	0.649017	0.497991	0.649714	0.508035
0.507950	0.688794	0.490236	0.331919	0.649611	0.219598	0.671779	0.530901	0.647002	0.449896
0.533883	0.723980	0.510037	0.360543	0.659608	0.230139	0.635079	0.513418	0.636523	0.506092
0.495601	0.319085	0.007132	0.491134	0.516337	0.672519	0.364785	0.320224	0.506133	0.304061
0.469772	0.340937	0.003525	0.552020	0.487451	0.637392	0.333597	0.329636	0.457785	0.341373
0.523056	0.334731	0.027955	0.501272	0.497838	0.628509	0.342598	0.357266	0.465561	0.342155
0.504421	0.341451	0.001876	0.472802	0.514968	0.667866	0.316287	0.315580	0.530603	0.338058
0.490944	0.314843	0.283351	0.288662	0.491539	0.351519	0.325253	0.320675	0.321698	0.356213
0.506731	0.306730	0.276600	0.328885	0.501771	0.320955	0.340784	0.327161	0.323576	0.330890
0.496442	0.367321	0.328555	0.311512	0.506701	0.311662	0.320832	0.304493	0.340078	0.330244
0.495662	0.357056	0.341402	0.335513	0.488715	0.353397	0.317112	0.305130	0.339408	0.332945
0.525100	0.348114	0.329189	0.323954	0.479926	0.336764	0.338749	0.337673	0.350848	0.323780
0.490887	0.345026	0.342655	0.337054	0.515634	0.305205	0.342854	0.302649	0.338879	0.319222
0.515918	0.299153	0.363246	0.343793	0.470611	0.322390	0.352055	0.362009	0.317138	0.347940
0.489215	0.355762	0.331192	0.311279	0.473379	0.337285	0.316478	0.351476	0.335987	0.318841
0.513533	0.348123	0.346239	0.340433	0.500348	0.314284	0.331235	0.340397	0.325229	0.328420
0.492244	0.315880	0.319464	0.342183	0.479580	0.327901	0.378250	0.352789	0.338463	0.341385
0.492638	0.318788	0.005659	0.504856	0.006681	0.691129	0.336202	0.261867	0.330123	0.262803
0.486243	0.320379	0.056974	0.479463	0.018775	0.681875	0.337835	0.236713	0.327325	0.249060
0.533695	0.328641	0.019840	0.501173	0.004224	0.695572	0.329978	0.282086	0.348613	0.211823
0.450751	0.344062	0.023876	0.476748	0.513287	0.677622	0.297692	0.383855	0.328639	0.310875
0.491332	0.346034	0.007338	0.464056	0.505117	0.689987	0.328239	0.318710	0.358893	0.325789
0.503289	0.356794	0.021259	0.482911	0.528451	0.656914	0.313264	0.351518	0.344646	0.321339
0.531715	0.338797	0.011490	0.467752	0.541162	0.663712	0.357159	0.296297	0.326330	0.318565
0.536113	0.339588	0.008910	0.493782	0.497631	0.660488	0.292012	0.329424	0.344555	0.341381
0.477782	0.340603	0.012091	0.499056	0.510175	0.662229	0.362207	0.329512	0.338413	0.334631
0.468108	0.337764	0.032376	0.475793	0.470367	0.644878	0.304259	0.315858	0.328775	0.363274
0.473330	0.334534	0.010808	0.540569	0.507498	0.684372	0.330840	0.323311	0.360302	0.306600
0.505880	0.346467	0.009440	0.499412	0.506014	0.640613	0.287068	0.353268	0.350657	0.341760
0.497036	0.316252	0.018997	0.456714	0.487508	0.619819	0.306011	0.382343	0.350392	0.343886
0.531848	0.362617	0.035151	0.524620	0.512529	0.669404	0.369932	0.378838	0.316297	0.352925
0.488468	0.358539	0.492715	0.491204	0.010886	0.503730	0.213465	0.323306	0.636780	0.335678
0.476219	0.339888	0.478767	0.488577	0.020977	0.508911	0.220385	0.314615	0.658203	0.357968
0.491337	0.359919	0.487580	0.497039	0.025286	0.538816	0.269526	0.301746	0.652965	0.333443
0.517180	0.325392	0.484357	0.480596	0.014988	0.505079	0.263733	0.356620	0.669375	0.348423
0.494763	0.334651	0.462616	0.490089	0.006340	0.500647	0.212888	0.323155	0.660617	0.320425
0.492691	0.290079	0.004972	0.657333	0.007230	0.762695	0.366400	0.331816	0.475657	0.328779
0.493742	0.304058	0.014280	0.658042	0.004416	0.735436	0.322179	0.352532	0.506585	0.358550
0.520605	0.293857	0.005345	0.654219	0.017889	0.745575	0.307501	0.323092	0.523117	0.311784
0.479929	0.359957	0.001280	0.668323	0.001775	0.744333	0.346549	0.322214	0.539727	0.303797
0.513771	0.334725	0.006234	0.684950	0.019731	0.740352	0.327798	0.307325	0.539640	0.322648
0.500981	0.323935	0.015603	0.625745	0.003994	0.731360	0.324125	0.318353	0.478858	0.352279
0.508573	0.338094	0.008726	0.483199	0.531639	0.677099	0.341615	0.524898	0.227094	0.528351
0.486766	0.360921	0.063532	0.476627	0.515012	0.665867	0.309028	0.491595	0.212608	0.549674
0.498238	0.333263	0.021322	0.502997	0.489157	0.632937	0.335612	0.527315	0.237435	0.512733
0.500312	0.333073	0.019340	0.486498	0.512860	0.691372	0.332123	0.482217	0.257693	0.525226
0.532511	0.354880	0.021575	0.508335	0.519083	0.644220	0.336724	0.474387	0.249751	0.498448
0.514858	0.337751	0.516796	0.531012	0.477738	0.662526	0.234046	0.452012	0.481469	0.483009
0.490257	0.337135	0.522421	0.509590	0.514253	0.678674	0.230109	0.503220	0.492869	0.502588
0.509414	0.332176	0.506633	0.508258	0.532364	0.659740	0.229604	0.499014	0.467025	0.520170
0.503700	0.344507	0.527392	0.501156	0.452596	0.677176	0.281111	0.515045	0.498143	0.486971
0.479279	0.333914	0.479776	0.515077	0.502641	0.657507	0.227249	0.477066	0.545300	0.479993
0.486292	0.334562	0.469173	0.511427	0.490364	0.681239	0.238078	0.492311	0.504702	0.496556
0.488679	0.350768	0.670519	0.332942	0.011223	0.246236	0.310977	0.341704	0.256094	0.312789
0.481785	0.306344	0.671775	0.334079	0.010289	0.259254	0.334780	0.324702	0.241888	0.338035
0.485241	0.033944	0.005059	0.471884	0.671641	0.645605	0.011750	0.017552	0.027767	0.003241
0.518091	0.018035	0.025646	0.504985	0.664248	0.665623	0.033377	0.008883	0.008060	0.047648
0.490360	0.028578	0.006104	0.545466	0.669971	0.670225	0.017887	0.028157	0.015904	0.002412
0.489149	0.032487	0.002681	0.529419	0.675116	0.684299	0.021732	0.011583	0.004406	0.016666
0.479104	0.006014	0.034261	0.480468	0.645839	0.665124	0.010176	0.035252	0.012863	0.052055
0.510014	0.025201	0.035449	0.528732	0.678323	0.655803	0.008657	0.033419	0.029097	0.010221
0.493455	0.306918	0.515231	0.318084	0.502331	0.262729	0.512297	0.341928	0.330080	0.369079
0.500834	0.344009	0.476860	0.332556	0.461261	0.248457	0.505488	0.332658	0.299854	0.350327
0.516025	0.300789	0.491575	0.350080	0.491313	0.247759	0.527433	0.333250	0.322603	0.295423
0.520101	0.432165	0.510454	0.659779	0.017802	0.495874	0.497502	0.499359	0.484944	0.480330
0.468790	0.511728	0.508686	0.667310	0.003549	0.481664	0.508344	0.502948	0.503832	0.535289
0.519108	0.512736	0.562597	0.642747	0.049295	0.551322	0.477015	0.490283	0.500460	0.497420
0.541830	0.482325	0.477780	0.699676	0.033157	0.502434	0.507026	0.484871	0.503049	0.539637
0.525216	0.496189	0.503013	0.673697	0.035413	0.501688	0.523264	0.483985	0.494837	0.494701
0.508896	0.466487	0.478331	0.658746	0.004779	0.470876	0.474196	0.503823	0.486691	0.476300
