0.492623	0.340045	0.497303	0.345677	0.002980	0.321691	0.299400	0.249440	0.498068	0.267740
0.463488	0.338820	0.471825	0.335034	0.019285	0.314760	0.336486	0.259095	0.487768	0.273856
0.465132	0.368997	0.499838	0.319387	0.043932	0.345779	0.337523	0.260327	0.492975	0.219466
0.488953	0.362046	0.497653	0.307366	0.026161	0.342241	0.344793	0.276473	0.486675	0.255508
0.484763	0.339700	0.497576	0.325955	0.024880	0.338175	0.329538	0.234437	0.477294	0.238832
0.491040	0.336454	0.474106	0.336464	0.015589	0.352380	0.293475	0.227945	0.486536	0.247764
0.489957	0.321313	0.485138	0.347222	0.009505	0.287836	0.333143	0.259841	0.450913	0.255897
0.499987	0.354390	0.490433	0.356744	0.024477	0.353949	0.353633	0.248267	0.489713	0.258817
0.497354	0.350637	0.472690	0.328576	0.001847	0.310150	0.351550	0.232642	0.486903	0.247920
0.466956	0.320217	0.480108	0.343780	0.019071	0.323869	0.359610	0.248295	0.493086	0.266847
0.497789	0.350931	0.496761	0.278869	0.007700	0.342898	0.381777	0.218913	0.479354	0.273058
0.472650	0.333770	0.470464	0.343978	0.027539	0.348935	0.352057	0.217826	0.468491	0.229068
0.488446	0.345122	0.485116	0.343997	0.017099	0.358002	0.357163	0.251499	0.482413	0.220945
0.490880	0.337390	0.495097	0.310224	0.014388	0.321465	0.343636	0.215523	0.475238	0.264328
0.470198	0.295671	0.475484	0.341626	0.009195	0.296402	0.322739	0.278641	0.473984	0.254064
0.495418	0.349856	0.475509	0.329894	0.012433	0.306766	0.329404	0.255605	0.487387	0.260231
0.473540	0.364767	0.456793	0.341130	0.040276	0.335548	0.356350	0.232908	0.496573	0.232871
0.495193	0.336724	0.482470	0.352008	0.014021	0.330857	0.316407	0.232510	0.496596	0.256182
0.499955	0.289249	0.496385	0.371265	0.003975	0.336876	0.346335	0.255926	0.476251	0.268886
0.476655	0.336014	0.496428	0.362386	0.011073	0.353916	0.371077	0.217116	0.489544	0.221953
0.484496	0.352632	0.481086	0.355997	0.002457	0.336340	0.360331	0.243686	0.474728	0.264036
0.487172	0.349650	0.497531	0.331421	0.015729	0.338481	0.349080	0.212854	0.488778	0.261894
0.466308	0.311365	0.011640	0.345794	0.332847	0.487812	0.374861	0.341483	0.495981	0.326756
0.488119	0.336565	0.001696	0.321820	0.336545	0.493880	0.326762	0.336399	0.488046	0.346530
0.464532	0.321973	0.015532	0.373828	0.299061	0.492053	0.330421	0.310959	0.493918	0.325706
0.488561	0.320570	0.019463	0.330340	0.338753	0.490013	0.322710	0.343780	0.497739	0.324446
0.493991	0.314887	0.007626	0.318567	0.377209	0.483864	0.345875	0.347303	0.478942	0.333360
0.473101	0.353149	0.007256	0.332207	0.346200	0.474662	0.334347	0.339250	0.473709	0.321913
0.493975	0.371566	0.012975	0.353408	0.293194	0.480597	0.330298	0.318058	0.423463	0.313851
0.454584	0.357869	0.027180	0.341499	0.298929	0.488452	0.335767	0.325698	0.480448	0.327580
0.490378	0.313070	0.020823	0.341027	0.330875	0.494089	0.339277	0.339532	0.499436	0.348887
0.499996	0.323407	0.018240	0.341072	0.365935	0.469144	0.322840	0.345866	0.488605	0.334392
0.491079	0.326257	0.011424	0.349997	0.349728	0.496573	0.338892	0.367018	0.490740	0.340548
0.484596	0.331386	0.017593	0.348497	0.349830	0.494566	0.329670	0.320448	0.497224	0.304814
0.496637	0.345921	0.023172	0.334285	0.339046	0.466981	0.343489	0.289747	0.462151	0.315125
0.498884	0.320258	0.012991	0.348648	0.315069	0.462262	0.346731	0.344443	0.497746	0.327786
0.492993	0.339317	0.020163	0.361289	0.330253	0.477419	0.297312	0.353941	0.487140	0.334575
0.470250	0.382130	0.006185	0.345438	0.348128	0.496891	0.356398	0.329267	0.479474	0.368250
0.460701	0.324524	0.012995	0.356188	0.306899	0.491298	0.362600	0.353816	0.490547	0.320056
0.484853	0.316385	0.020416	0.327608	0.341955	0.499696	0.363888	0.335237	0.497028	0.325077
0.483928	0.317415	0.022014	0.316208	0.302225	0.486575	0.344679	0.314637	0.486019	0.297301
0.496357	0.310213	0.012772	0.314837	0.281582	0.488451	0.329585	0.357868	0.492792	0.321487
0.494267	0.308815	0.004373	0.341075	0.332810	0.486192	0.292800	0.351612	0.476574	0.332888
0.498698	0.325235	0.044199	0.334555	0.346366	0.481155	0.272423	0.322406	0.486272	0.324704
0.459882	0.347680	0.473190	0.332788	0.001250	0.334900	0.323243	0.325442	0.291147	0.335302
0.484209	0.324908	0.498625	0.302211	0.000370	0.300721	0.330181	0.323930	0.245253	0.329766
0.487222	0.342932	0.468487	0.347363	0.008565	0.344413	0.360381	0.317359	0.262966	0.347747
0.464423	0.314774	0.473535	0.341998	0.008857	0.336312	0.303241	0.316056	0.268095	0.332124
0.483707	0.339960	0.479615	0.312916	0.038368	0.330322	0.350731	0.340855	0.242579	0.332630
0.492198	0.344123	0.483940	0.330991	0.003959	0.324896	0.331273	0.340894	0.272980	0.351610
0.495736	0.332761	0.492091	0.328722	0.042352	0.331510	0.340409	0.338548	0.255275	0.287666
0.493293	0.365878	0.491833	0.329923	0.034519	0.345739	0.359678	0.359870	0.256607	0.327619
0.472978	0.336810	0.483418	0.331170	0.013340	0.336607	0.328664	0.330386	0.247651	0.341769
0.489125	0.327544	0.497345	0.321199	0.020467	0.313076	0.326763	0.320797	0.248926	0.331108
0.494728	0.340852	0.474917	0.302393	0.022335	0.349363	0.301786	0.358115	0.259118	0.338570
0.480998	0.324454	0.499416	0.351063	0.015684	0.373204	0.328727	0.370112	0.261880	0.363273
0.493024	0.337219	0.490446	0.320775	0.011936	0.336143	0.332680	0.354456	0.236586	0.327140
0.496087	0.333130	0.494984	0.338813	0.021441	0.349754	0.304681	0.364002	0.281741	0.344506
0.450203	0.358858	0.488720	0.344435	0.002232	0.372405	0.338868	0.315663	0.209470	0.371361
0.469944	0.360060	0.483564	0.364237	0.004852	0.318131	0.306923	0.351940	0.223553	0.373229
0.497666	0.366083	0.007134	0.348709	0.314660	0.308326	0.332897	0.315183	0.327100	0.366128
0.495131	0.351479	0.006250	0.355891	0.311633	0.366241	0.296790	0.347919	0.309224	0.358049
0.488400	0.288778	0.015242	0.335524	0.349766	0.334309	0.373089	0.328612	0.358878	0.341071
0.468276	0.344169	0.015808	0.308725	0.321176	0.320013	0.305438	0.346606	0.336242	0.311116
0.497933	0.362354	0.013524	0.325953	0.331641	0.310657	0.337952	0.350819	0.332189	0.321235
0.497843	0.370900	0.015239	0.366034	0.331606	0.342136	0.321122	0.333910	0.349622	0.346135
0.478087	0.365591	0.023996	0.297304	0.334715	0.346481	0.335467	0.324433	0.346990	0.321130
0.491962	0.359796	0.017562	0.341120	0.347832	0.294885	0.346901	0.324528	0.308646	0.336568
0.495435	0.346048	0.037738	0.329053	0.333377	0.370626	0.321232	0.327217	0.352363	0.333089
0.485573	0.298540	0.009680	0.346049	0.324092	0.349156	0.318592	0.335321	0.336157	0.323971
0.489475	0.330622	0.002128	0.327762	0.321620	0.328249	0.319884	0.338484	0.339124	0.306659
0.455046	0.363403	0.024502	0.328377	0.332121	0.348465	0.342717	0.335498	0.322550	0.317001
0.472019	0.308618	0.018184	0.337198	0.328300	0.380178	0.333696	0.362382	0.337572	0.335247
0.493490	0.335464	0.006285	0.305255	0.331290	0.315566	0.349464	0.328313	0.279096	0.327414
0.488452	0.321323	0.032575	0.334091	0.365479	0.327341	0.345078	0.340061	0.328645	0.340104
0.496615	0.323233	0.031430	0.323881	0.367008	0.356851	0.331935	0.359718	0.316202	0.346820
0.467098	0.358017	0.003607	0.341904	0.332383	0.325427	0.325276	0.332471	0.328719	0.321767
0.472636	0.360849	0.004615	0.303373	0.352005	0.348712	0.343548	0.316081	0.327878	0.334137
0.474650	0.320133	0.019058	0.307233	0.299299	0.336331	0.327149	0.313865	0.340060	0.326467
0.473202	0.305435	0.011118	0.330084	0.304079	0.338366	0.323477	0.340219	0.311613	0.340860
0.471645	0.357743	0.011042	0.340211	0.335297	0.343142	0.334054	0.384598	0.334900	0.313257
0.475862	0.303750	0.021886	0.338148	0.320214	0.357837	0.348309	0.333086	0.318650	0.342706
0.478917	0.356399	0.028774	0.341891	0.330417	0.318080	0.315334	0.351325	0.335016	0.314959
0.491137	0.363069	0.006981	0.367476	0.350182	0.338157	0.335536	0.342715	0.317986	0.338547
0.488502	0.365331	0.013355	0.328425	0.345275	0.330091	0.322067	0.342143	0.317931	0.350957
0.492285	0.332952	0.003843	0.327866	0.332165	0.322202	0.355489	0.349411	0.306616	0.309419
0.461271	0.336993	0.028779	0.330279	0.006004	0.496002	0.334581	0.453957	0.469492	0.495072
0.489718	0.345560	0.010789	0.330457	0.028238	0.493944	0.298351	0.489775	0.474638	0.472296
0.463458	0.341516	0.018938	0.301009	0.025573	0.485740	0.394931	0.493952	0.492190	0.479615
0.462864	0.375607	0.007759	0.331423	0.031607	0.498403	0.321739	0.492861	0.483925	0.464520
0.490815	0.297085	0.010302	0.338611	0.014074	0.499599	0.319883	0.479611	0.486453	0.489500
0.452467	0.327427	0.009288	0.292991	0.048592	0.493747	0.320730	0.498439	0.487113	0.488446
0.487185	0.342601	0.010924	0.365370	0.031804	0.474375	0.292987	0.497661	0.485740	0.491777
0.493208	0.343472	0.034780	0.302481	0.016970	0.479462	0.331503	0.487758	0.499472	0.498738
0.457309	0.329832	0.003883	0.334949	0.014844	0.469125	0.319919	0.499608	0.477532	0.496994
0.477795	0.347467	0.012183	0.308481	0.001940	0.493176	0.346469	0.480145	0.492253	0.478462
0.491919	0.326518	0.008093	0.311472	0.001431	0.454422	0.327514	0.479703	0.495805	0.485668
0.499756	0.312378	0.022134	0.368647	0.009131	0.483139	0.348516	0.466778	0.459507	0.468402
0.483329	0.336782	0.015027	0.329444	0.010705	0.493633	0.351226	0.478437	0.492039	0.452105
0.498624	0.348659	0.027267	0.299348	0.020956	0.498044	0.336661	0.474369	0.499173	0.497215
0.495122	0.331272	0.000945	0.349569	0.003294	0.491970	0.300378	0.478548	0.485519	0.489641
0.490012	0.323723	0.042768	0.320560	0.019242	0.473506	0.327178	0.479853	0.498096	0.453438
0.454476	0.320309	0.003200	0.338693	0.002483	0.241497	0.339363	0.479859	0.344272	0.473664
0.463410	0.360108	0.009228	0.330113	0.022824	0.271031	0.336436	0.485356	0.314816	0.492520
0.483419	0.330602	0.001168	0.327461	0.030164	0.225322	0.332388	0.468625	0.317840	0.473793
0.497796	0.333162	0.012532	0.352347	0.015419	0.245477	0.351987	0.496504	0.322904	0.489816
0.491283	0.389554	0.010273	0.349207	0.019452	0.252278	0.345886	0.490169	0.342760	0.457279
0.492756	0.272999	0.000760	0.334474	0.005343	0.239827	0.333564	0.496196	0.336517	0.497515
0.495356	0.327859	0.014952	0.309178	0.003411	0.269940	0.348102	0.497532	0.294195	0.459915
0.477092	0.341062	0.030164	0.332953	0.015082	0.249405	0.354802	0.491146	0.325533	0.492527
0.472804	0.354624	0.007455	0.303080	0.008899	0.260736	0.317680	0.488101	0.335850	0.493324
0.489366	0.335282	0.043691	0.331303	0.019929	0.232148	0.350794	0.485910	0.307458	0.492382
0.493429	0.316151	0.013118	0.346725	0.004272	0.249893	0.343626	0.494456	0.317766	0.482476
0.475214	0.338694	0.018801	0.308412	0.030442	0.253231	0.358685	0.484799	0.310064	0.480730
0.466722	0.310679	0.017615	0.340853	0.033870	0.263678	0.343006	0.478840	0.370748	0.494263
0.472610	0.363271	0.004150	0.325606	0.002504	0.258760	0.318899	0.494777	0.332447	0.456801
0.490612	0.327417	0.000352	0.320826	0.002931	0.233192	0.302150	0.478443	0.350320	0.472667
0.478092	0.335925	0.035650	0.354830	0.009316	0.222209	0.323164	0.495181	0.348102	0.492817
0.484344	0.334089	0.016788	0.327385	0.021851	0.223180	0.348118	0.471467	0.318479	0.477179
0.490693	0.345656	0.008808	0.321850	0.020926	0.241059	0.339809	0.499581	0.352057	0.496833
0.481729	0.332857	0.003238	0.370575	0.007436	0.254045	0.357728	0.476576	0.312360	0.499990
0.496233	0.339756	0.318846	0.301821	0.354042	0.490657	0.256146	0.309509	0.338086	0.318517
0.486491	0.334856	0.351697	0.333334	0.306956	0.495453	0.251770	0.322497	0.329757	0.318990
0.490337	0.362161	0.353061	0.338038	0.338226	0.489895	0.232149	0.332865	0.344648	0.356529
0.474810	0.323690	0.345152	0.341709	0.335551	0.492765	0.267778	0.322298	0.343399	0.328091
0.493780	0.359056	0.385076	0.312168	0.321335	0.485652	0.222475	0.350108	0.335660	0.395354
0.489668	0.330254	0.340864	0.339628	0.307303	0.461426	0.233268	0.325337	0.332203	0.336008
0.482321	0.338958	0.325558	0.319905	0.348332	0.499983	0.252677	0.342849	0.301730	0.335947
0.468630	0.320420	0.333255	0.314049	0.309229	0.449696	0.262261	0.334897	0.352017	0.324774
0.495830	0.361508	0.322962	0.334003	0.308713	0.497527	0.253816	0.345936	0.349440	0.314075
0.474675	0.477940	0.328056	0.305777	0.465886	0.317958	0.461644	0.488490	0.010346	0.458415
0.474255	0.484085	0.354883	0.352235	0.473693	0.315332	0.475311	0.473986	0.014748	0.494720
0.470484	0.490232	0.346289	0.332419	0.493363	0.330557	0.485506	0.474591	0.007021	0.484579
0.485851	0.469395	0.325048	0.345374	0.480962	0.314118	0.470017	0.468950	0.017009	0.484426
0.485996	0.494354	0.344014	0.343921	0.492856	0.366465	0.487853	0.492150	0.008148	0.489786
0.498719	0.477792	0.342198	0.331781	0.481849	0.361575	0.499075	0.487208	0.016575	0.465693
0.459654	0.499222	0.325380	0.306595	0.470927	0.358318	0.477620	0.486379	0.008038	0.489214
0.469287	0.479478	0.283325	0.337008	0.474504	0.336974	0.498290	0.483573	0.028462	0.479259
0.472136	0.484829	0.316208	0.342272	0.472616	0.307704	0.498573	0.479865	0.020959	0.484284
0.486018	0.480373	0.328058	0.358502	0.489945	0.330784	0.495999	0.496271	0.025660	0.485943
0.491928	0.463892	0.311505	0.326276	0.482387	0.363767	0.498985	0.481466	0.008616	0.490153
0.496007	0.466837	0.336992	0.358082	0.462508	0.344402	0.479199	0.496049	0.009775	0.493522
0.493112	0.498724	0.350936	0.340430	0.476766	0.369493	0.467716	0.480091	0.018093	0.489448
0.468602	0.499189	0.346785	0.315411	0.494828	0.342956	0.466268	0.494976	0.010962	0.499758
0.477010	0.497891	0.347592	0.380294	0.486931	0.357911	0.481346	0.494385	0.011592	0.498943
0.492497	0.490142	0.336883	0.331321	0.472987	0.371558	0.491068	0.476022	0.004739	0.479285
0.494538	0.498869	0.303143	0.251641	0.491854	0.333085	0.489868	0.488390	0.030428	0.470059
0.486479	0.463505	0.334084	0.321359	0.496566	0.320858	0.491516	0.449483	0.016278	0.474646
0.475955	0.483458	0.323671	0.340938	0.477248	0.311642	0.491738	0.487852	0.057184	0.487752
0.497953	0.476035	0.322967	0.339262	0.497573	0.357799	0.491511	0.482511	0.005131	0.495970
0.484132	0.488587	0.348586	0.304732	0.494340	0.326524	0.489567	0.487419	0.006988	0.496517
0.494091	0.490439	0.331738	0.328797	0.483434	0.353328	0.481416	0.469375	0.007880	0.479573
0.471939	0.475965	0.332718	0.318862	0.451252	0.322210	0.482454	0.498120	0.005955	0.474524
0.497511	0.482290	0.306744	0.324688	0.497214	0.343728	0.487402	0.479317	0.018293	0.498605
0.462813	0.358085	0.323801	0.321187	0.037783	0.498825	0.324778	0.318163	0.346840	0.349714
0.497846	0.303821	0.354811	0.316822	0.021335	0.489936	0.334136	0.324212	0.304321	0.352690
0.499074	0.360298	0.335244	0.300546	0.002562	0.475469	0.342516	0.339251	0.372827	0.320716
0.475142	0.339481	0.329498	0.336234	0.015228	0.484315	0.314376	0.335254	0.337521	0.365751
0.483820	0.331546	0.328875	0.320477	0.007039	0.486102	0.310052	0.321057	0.310641	0.344128
0.463664	0.311101	0.345041	0.330800	0.013515	0.471712	0.351460	0.303108	0.352755	0.324241
0.485949	0.339281	0.333101	0.316799	0.004822	0.495453	0.340400	0.311794	0.308832	0.344013
0.462702	0.311275	0.340975	0.327017	0.004311	0.494919	0.328071	0.339983	0.334626	0.321516
0.494556	0.486493	0.044796	0.329090	0.332461	0.327442	0.481815	0.492124	0.030083	0.452126
0.472095	0.495618	0.011641	0.362470	0.331405	0.344232	0.498277	0.494507	0.006111	0.494435
0.488893	0.490367	0.013006	0.346514	0.337333	0.341409	0.485592	0.474842	0.020282	0.499894
0.463432	0.495281	0.004689	0.340493	0.316000	0.316291	0.482291	0.491993	0.017667	0.495852
0.478970	0.483756	0.002024	0.318022	0.297622	0.375102	0.478723	0.490401	0.002634	0.494582
0.489880	0.481098	0.015927	0.299885	0.355272	0.303188	0.469974	0.468875	0.021362	0.455982
0.477301	0.496361	0.030561	0.347245	0.328462	0.353715	0.480639	0.477587	0.010317	0.433619
0.488571	0.473757	0.003466	0.301288	0.326838	0.339425	0.499555	0.492679	0.011811	0.499097
0.473006	0.495876	0.000425	0.344520	0.317726	0.347712	0.496675	0.494879	0.031535	0.475794
0.486058	0.478055	0.020235	0.340916	0.325719	0.342960	0.493255	0.467388	0.011346	0.475918
0.485859	0.498124	0.014507	0.325017	0.356333	0.361191	0.499114	0.490625	0.023840	0.493795
0.499536	0.470500	0.039623	0.329285	0.346554	0.309482	0.480492	0.489571	0.006856	0.477026
0.499281	0.465317	0.006738	0.317844	0.331117	0.335460	0.475230	0.498655	0.028212	0.475495
0.491759	0.474109	0.008296	0.327536	0.344170	0.367195	0.489032	0.489737	0.006572	0.484429
0.498793	0.486376	0.004663	0.405159	0.330684	0.323957	0.486528	0.487213	0.030296	0.480614
0.477324	0.482305	0.021781	0.325677	0.358551	0.325964	0.489844	0.491558	0.035230	0.484256
0.497601	0.496034	0.014433	0.339945	0.344242	0.336028	0.466399	0.493804	0.038018	0.495702
0.489563	0.494275	0.022263	0.312384	0.323605	0.327096	0.498450	0.488464	0.005251	0.482714
0.484086	0.433307	0.007458	0.344551	0.331883	0.357729	0.494144	0.492595	0.036458	0.474391
0.481246	0.489488	0.005493	0.306323	0.318867	0.333974	0.471951	0.476532	0.000990	0.462371
0.472207	0.489365	0.020174	0.340290	0.313395	0.329078	0.498127	0.487392	0.008369	0.488358
0.482041	0.488916	0.033775	0.343658	0.359968	0.336642	0.468004	0.492495	0.012951	0.493379
0.490952	0.486982	0.005031	0.320716	0.311288	0.358000	0.478341	0.497989	0.018114	0.499331
0.483023	0.310507	0.464647	0.496271	0.475642	0.497426	0.318170	0.327043	0.490673	0.299657
0.497252	0.344673	0.492354	0.485673	0.475852	0.468354	0.339930	0.330277	0.490787	0.307781
0.475069	0.322357	0.489613	0.483286	0.472936	0.457593	0.341662	0.344614	0.492855	0.325097
0.494626	0.357058	0.493055	0.477324	0.499867	0.469253	0.357961	0.348506	0.489812	0.332134
0.482115	0.367114	0.493538	0.499362	0.466775	0.490409	0.328703	0.317087	0.483525	0.326210
0.464808	0.333619	0.496630	0.479017	0.476962	0.457362	0.366715	0.287682	0.498905	0.314686
0.498268	0.330175	0.468066	0.497630	0.465683	0.488330	0.377346	0.344031	0.497192	0.310435
0.492032	0.323629	0.474200	0.488196	0.474600	0.497991	0.327832	0.321907	0.486063	0.300168
0.482355	0.348735	0.486403	0.491721	0.472280	0.477014	0.318148	0.341807	0.473551	0.299722
0.480114	0.334147	0.477629	0.464194	0.493669	0.483191	0.314427	0.328784	0.460105	0.374017
0.488592	0.319934	0.018098	0.336053	0.016753	0.224532	0.252628	0.324391	0.469104	0.265305
0.487077	0.294556	0.002724	0.330926	0.026875	0.257381	0.214647	0.331936	0.491358	0.322929
0.491617	0.334498	0.002861	0.329088	0.027250	0.245132	0.256059	0.326088	0.466807	0.315615
0.478695	0.333075	0.004326	0.336169	0.009257	0.225577	0.248176	0.325345	0.496552	0.319711
0.498178	0.357673	0.035103	0.316488	0.004438	0.275013	0.246586	0.335913	0.491471	0.325710
0.471638	0.371397	0.013701	0.315314	0.008960	0.235447	0.255944	0.341929	0.488871	0.332009
0.482393	0.375335	0.026264	0.328054	0.007765	0.269041	0.203761	0.327295	0.499556	0.291147
0.492105	0.374187	0.026936	0.329220	0.017354	0.267787	0.247357	0.342538	0.496476	0.339358
0.494229	0.330652	0.030514	0.341528	0.001836	0.257607	0.234935	0.317177	0.482314	0.329150
0.459686	0.306043	0.014140	0.327022	0.008770	0.241097	0.274777	0.340327	0.490242	0.303721
0.499562	0.353055	0.023392	0.321191	0.013724	0.225355	0.234358	0.332715	0.489093	0.352923
0.463084	0.330803	0.018393	0.319337	0.002539	0.264019	0.257310	0.332796	0.467253	0.351196
0.483354	0.334541	0.013967	0.324385	0.018705	0.250299	0.235557	0.321095	0.493057	0.309044
0.494781	0.353390	0.024515	0.325324	0.030914	0.266438	0.276175	0.286222	0.499082	0.350472
0.498053	0.327996	0.022907	0.320198	0.007273	0.250902	0.291033	0.330004	0.486656	0.332244
0.478249	0.330711	0.021516	0.336625	0.018743	0.242845	0.248159	0.363476	0.482483	0.333373
0.489944	0.325119	0.000784	0.330345	0.041998	0.266434	0.261790	0.350769	0.493928	0.294862
0.467000	0.312957	0.047043	0.332380	0.013267	0.259581	0.272125	0.322694	0.484322	0.347826
0.485235	0.297658	0.000279	0.322730	0.018831	0.253671	0.251526	0.348482	0.469128	0.341185
0.492260	0.316227	0.026583	0.473720	0.297608	0.325091	0.250704	0.343624	0.333968	0.353640
0.460178	0.318026	0.015922	0.488522	0.351138	0.325809	0.270516	0.329520	0.296486	0.315674
0.466902	0.299992	0.003499	0.475482	0.321341	0.345334	0.294629	0.322037	0.350210	0.326548
0.497580	0.326791	0.012884	0.477547	0.354370	0.331084	0.228722	0.264690	0.328422	0.334490
0.493431	0.290346	0.006701	0.485939	0.332809	0.357452	0.242335	0.291299	0.348733	0.335610
0.498341	0.312560	0.032989	0.474220	0.314338	0.285592	0.215503	0.370494	0.331380	0.344371
0.496130	0.344985	0.002769	0.488471	0.358682	0.321428	0.228125	0.319468	0.346975	0.303011
0.486546	0.341776	0.006877	0.455945	0.313860	0.329094	0.229597	0.354408	0.319594	0.334415
0.462447	0.336938	0.003545	0.497096	0.357005	0.336770	0.231029	0.344272	0.319514	0.301357
0.497734	0.334973	0.030430	0.475098	0.344555	0.304947	0.270409	0.327918	0.336137	0.310200
0.489766	0.309948	0.284837	0.303892	0.494127	0.249403	0.318217	0.367108	0.476570	0.286390
0.499956	0.343875	0.329301	0.335987	0.470025	0.249545	0.348030	0.363742	0.478807	0.320953
0.480239	0.346567	0.332491	0.374365	0.493481	0.274294	0.368557	0.301382	0.471179	0.359869
0.481448	0.320214	0.318921	0.302373	0.488326	0.252405	0.331578	0.332982	0.498832	0.273615
0.489201	0.372077	0.318090	0.330568	0.496017	0.250518	0.332280	0.344817	0.477404	0.316072
0.497466	0.342546	0.305251	0.327460	0.480894	0.252822	0.349610	0.332858	0.497729	0.319366
0.476660	0.346839	0.328498	0.333364	0.475000	0.267196	0.278085	0.341068	0.478325	0.341735
0.494447	0.323788	0.330554	0.318474	0.491999	0.264706	0.324943	0.346487	0.457847	0.310063
0.469256	0.348640	0.334641	0.347968	0.472328	0.274276	0.342158	0.314129	0.496177	0.314289
0.496452	0.332864	0.335524	0.329096	0.446568	0.251349	0.312233	0.307387	0.487787	0.301598
0.498488	0.336268	0.333498	0.310833	0.485674	0.248262	0.322487	0.339111	0.495401	0.313964
0.497039	0.332413	0.328822	0.319794	0.479147	0.251524	0.352501	0.316023	0.485186	0.323984
0.495618	0.344191	0.293620	0.349001	0.476805	0.243836	0.324561	0.319547	0.489220	0.337503
0.459196	0.289948	0.346897	0.331772	0.488212	0.231668	0.358125	0.305555	0.482152	0.315041
0.485971	0.335132	0.273451	0.332438	0.493065	0.231027	0.342109	0.316699	0.478654	0.309002
0.462422	0.323786	0.353277	0.337948	0.472517	0.221847	0.366310	0.301121	0.457717	0.358835
0.475933	0.347365	0.318280	0.335817	0.483825	0.253553	0.313674	0.343139	0.492724	0.341006
0.481846	0.335107	0.001101	0.365784	0.466193	0.235730	0.343417	0.472398	0.491041	0.461124
0.496328	0.317611	0.031545	0.315560	0.468232	0.247714	0.333785	0.492373	0.485727	0.489346
0.481155	0.316448	0.015240	0.326905	0.463100	0.247239	0.304112	0.471566	0.470032	0.488404
0.476676	0.357619	0.019848	0.352946	0.479125	0.250407	0.357848	0.487180	0.483978	0.466277
0.495702	0.348207	0.021839	0.346850	0.480915	0.224298	0.352262	0.488729	0.472108	0.491240
0.498045	0.313738	0.000072	0.320032	0.477634	0.266092	0.331819	0.497806	0.492463	0.488783
0.458141	0.356229	0.015903	0.324681	0.478918	0.265790	0.302807	0.490777	0.482156	0.493962
0.483424	0.346418	0.006248	0.362457	0.476930	0.266719	0.360885	0.486476	0.474424	0.448586
0.499627	0.353829	0.320904	0.325465	0.470328	0.490277	0.316308	0.326659	0.348308	0.363674
0.480296	0.347776	0.317420	0.350961	0.493384	0.464130	0.331761	0.313525	0.329796	0.308495
0.483513	0.317103	0.330833	0.325765	0.491129	0.489569	0.328537	0.348508	0.339917	0.371750
0.493850	0.310353	0.339518	0.329069	0.476630	0.490403	0.334322	0.355486	0.333084	0.341286
0.487900	0.355857	0.355567	0.340286	0.468522	0.450404	0.357263	0.341073	0.293058	0.321680
0.466599	0.337274	0.343385	0.318507	0.492841	0.496066	0.369508	0.364616	0.304381	0.364600
0.497520	0.333911	0.301114	0.305533	0.477983	0.474034	0.319788	0.285299	0.330680	0.330440
0.481029	0.335479	0.356216	0.349620	0.496100	0.496758	0.340106	0.357772	0.369025	0.305575
0.467308	0.298337	0.343747	0.307069	0.475027	0.471727	0.344402	0.341519	0.299785	0.354577
0.491347	0.374615	0.352889	0.296659	0.456128	0.480006	0.342282	0.335751	0.329211	0.343815
0.492426	0.325250	0.342477	0.358625	0.489878	0.468740	0.350961	0.340195	0.324743	0.332521
0.495019	0.332282	0.322031	0.355799	0.476441	0.489204	0.316647	0.324288	0.348655	0.353353
0.498099	0.311142	0.313815	0.359417	0.491208	0.494959	0.334955	0.334956	0.337810	0.322453
0.489446	0.357398	0.327352	0.301467	0.494995	0.498296	0.365455	0.362470	0.318850	0.327785
0.494455	0.336396	0.351202	0.383864	0.469781	0.472982	0.355095	0.337614	0.331460	0.337291
0.482412	0.328580	0.334061	0.337937	0.483050	0.475051	0.317393	0.358428	0.325707	0.329879
0.472354	0.299164	0.330121	0.303200	0.496352	0.493464	0.350593	0.323479	0.347198	0.320908
0.486317	0.343891	0.309025	0.353550	0.490117	0.478882	0.319622	0.363209	0.339313	0.335747
0.484041	0.349019	0.334863	0.482001	0.053859	0.338417	0.272954	0.489515	0.378380	0.494225
0.485792	0.332549	0.370986	0.482109	0.006947	0.332946	0.238264	0.482865	0.329289	0.493600
0.499501	0.334076	0.335491	0.497682	0.010011	0.324839	0.212815	0.467256	0.325459	0.481176
0.485646	0.337718	0.317426	0.492590	0.013625	0.346086	0.235531	0.471483	0.312240	0.482263
0.465392	0.305630	0.357015	0.495979	0.003856	0.327236	0.237706	0.489358	0.317570	0.489403
0.486027	0.335765	0.361848	0.488580	0.052707	0.338697	0.247786	0.485401	0.322956	0.476657
0.478082	0.345963	0.324094	0.486134	0.013134	0.342568	0.265238	0.479457	0.333893	0.471775
0.497095	0.342714	0.323090	0.481668	0.009876	0.323676	0.268405	0.461224	0.355812	0.492030
0.499168	0.346359	0.016799	0.314910	0.495434	0.483176	0.343344	0.487026	0.337591	0.496930
0.489415	0.305493	0.008365	0.326710	0.491821	0.485932	0.357227	0.472729	0.347001	0.460820
0.478295	0.306101	0.006600	0.320694	0.497080	0.476642	0.360642	0.494420	0.323957	0.484512
0.485836	0.319730	0.016503	0.327806	0.493090	0.470035	0.360147	0.479275	0.296394	0.484237
0.481757	0.320650	0.019268	0.340522	0.493769	0.490971	0.323141	0.470166	0.289421	0.465976
0.477189	0.323859	0.010304	0.322037	0.459703	0.473030	0.271044	0.492439	0.334837	0.490028
0.493233	0.343433	0.000967	0.342820	0.483883	0.497331	0.374145	0.499093	0.303537	0.468606
0.494240	0.345370	0.023403	0.347394	0.486349	0.479763	0.344088	0.499929	0.333484	0.489137
0.498820	0.360710	0.012919	0.346350	0.483974	0.440666	0.315954	0.462156	0.300824	0.480805
0.499260	0.344629	0.013088	0.303699	0.467809	0.465842	0.314196	0.494625	0.366452	0.477762
0.470326	0.346101	0.023614	0.342702	0.486967	0.496678	0.340262	0.486570	0.312129	0.487353
0.492153	0.373710	0.011881	0.329565	0.489553	0.475217	0.334816	0.495948	0.330432	0.492491
0.497951	0.388824	0.002198	0.318464	0.493096	0.482006	0.322341	0.486011	0.350189	0.480891
0.493915	0.340786	0.030796	0.300745	0.478013	0.491136	0.342970	0.479955	0.374504	0.484049
0.485415	0.341372	0.000453	0.327523	0.491653	0.442225	0.330712	0.486359	0.349569	0.497203
0.489561	0.380365	0.012154	0.320580	0.473113	0.498508	0.334980	0.474047	0.300471	0.494842
0.485283	0.314581	0.024775	0.341756	0.448146	0.241116	0.315502	0.336532	0.247133	0.376484
0.477501	0.287404	0.033307	0.307074	0.488432	0.216997	0.323736	0.351423	0.249805	0.310073
0.446193	0.333594	0.010186	0.332379	0.485040	0.288164	0.323125	0.312897	0.252004	0.364508
0.486571	0.324367	0.006141	0.304834	0.475142	0.249368	0.338881	0.326683	0.278770	0.339700
0.482259	0.331382	0.027043	0.327235	0.498061	0.230172	0.329376	0.335873	0.240997	0.354797
0.472650	0.317042	0.022792	0.345795	0.473916	0.230531	0.343300	0.327883	0.271168	0.312313
0.497582	0.309456	0.005929	0.311759	0.478422	0.269571	0.333329	0.347460	0.240756	0.365244
0.491911	0.335091	0.013257	0.450000	0.485275	0.340728	0.367118	0.324987	0.483970	0.338836
0.493767	0.305854	0.007691	0.498651	0.489122	0.338501	0.325847	0.331059	0.490228	0.367229
0.483371	0.354086	0.000902	0.490407	0.491891	0.305655	0.305642	0.308926	0.486160	0.359144
0.470960	0.301483	0.012118	0.491093	0.491012	0.296599	0.359656	0.365989	0.489426	0.345268
0.486907	0.302531	0.012864	0.474435	0.479865	0.346163	0.344425	0.361427	0.494731	0.340553
0.497433	0.335237	0.013019	0.461469	0.475393	0.370804	0.319680	0.325518	0.476474	0.302704
0.483112	0.318410	0.019280	0.471879	0.483059	0.319691	0.312663	0.331204	0.493915	0.331713
0.460289	0.301899	0.008015	0.489495	0.472094	0.331434	0.348897	0.293131	0.489388	0.353130
0.493111	0.323006	0.009309	0.497732	0.492874	0.306690	0.320256	0.364520	0.481068	0.302186
0.482195	0.330945	0.046001	0.474308	0.494162	0.344765	0.323635	0.350761	0.484494	0.298418
0.495051	0.372511	0.003536	0.494163	0.485850	0.332121	0.305639	0.313896	0.492391	0.312559
0.486657	0.350970	0.006961	0.486631	0.496988	0.322075	0.337878	0.292115	0.459618	0.362435
0.472299	0.359434	0.009439	0.488456	0.485051	0.333062	0.329203	0.357050	0.491712	0.308190
0.487326	0.324134	0.011772	0.492887	0.482396	0.316640	0.330397	0.347906	0.474027	0.311693
0.468804	0.335734	0.029549	0.492948	0.493913	0.339908	0.306453	0.306463	0.486820	0.322266
0.488253	0.325197	0.020560	0.489188	0.499202	0.310486	0.288175	0.335637	0.479433	0.370034
0.492283	0.343309	0.011023	0.495667	0.482305	0.317899	0.364746	0.312677	0.493881	0.361384
0.495811	0.317163	0.015925	0.332597	0.013054	0.243290	0.257951	0.269210	0.489549	0.340788
0.482238	0.326614	0.008333	0.356663	0.026321	0.224758	0.248071	0.307413	0.489611	0.312107
0.498300	0.300741	0.019021	0.359805	0.009821	0.279749	0.281086	0.327136	0.498384	0.321960
0.484686	0.337159	0.003260	0.347583	0.042523	0.250527	0.245689	0.331522	0.479350	0.320242
0.479851	0.363568	0.008812	0.311828	0.002994	0.244373	0.271912	0.306577	0.499788	0.332197
0.488140	0.306326	0.012961	0.337161	0.009427	0.234901	0.258683	0.353841	0.482737	0.337731
0.475961	0.340430	0.014662	0.319078	0.025066	0.269999	0.274964	0.340023	0.455611	0.327533
0.484392	0.331568	0.002448	0.310892	0.024611	0.253364	0.243040	0.342452	0.480241	0.319517
0.462451	0.339950	0.028498	0.327798	0.022256	0.256532	0.230218	0.328810	0.494963	0.298745
0.496419	0.295910	0.480413	0.344616	0.484319	0.261317	0.364298	0.483190	0.372250	0.472951
0.482538	0.344562	0.494159	0.350447	0.466473	0.265047	0.286940	0.489249	0.346013	0.488627
0.467108	0.322513	0.494431	0.332331	0.493521	0.248220	0.344584	0.490252	0.330650	0.491035
0.472987	0.323851	0.489246	0.357708	0.486536	0.259685	0.337724	0.465833	0.361522	0.498395
0.499560	0.369664	0.485420	0.337870	0.490114	0.242124	0.291403	0.494108	0.342340	0.472718
0.494762	0.365464	0.498568	0.359643	0.490279	0.231865	0.359446	0.476121	0.343832	0.497947
0.482665	0.364174	0.480867	0.304031	0.497210	0.250578	0.377124	0.466716	0.324841	0.453311
0.497507	0.353859	0.495796	0.346025	0.486426	0.274658	0.297343	0.499156	0.343416	0.497695
0.485326	0.338354	0.496050	0.376021	0.480462	0.244911	0.334366	0.463101	0.336141	0.492353
0.472775	0.287769	0.485194	0.328634	0.494742	0.242781	0.343195	0.454028	0.339220	0.486516
0.488256	0.313933	0.459278	0.343801	0.499502	0.284517	0.320269	0.485247	0.345006	0.498927
0.481564	0.336650	0.495926	0.327719	0.482476	0.225433	0.301931	0.485287	0.318289	0.493941
0.459484	0.347417	0.490041	0.322213	0.487559	0.283030	0.328712	0.485089	0.340649	0.479749
0.481242	0.287002	0.483580	0.322972	0.447615	0.256074	0.351066	0.499391	0.341936	0.454365
0.499748	0.327974	0.009023	0.328438	0.498377	0.490256	0.448253	0.304141	0.335148	0.343024
0.498735	0.370128	0.003502	0.329965	0.486814	0.499051	0.495014	0.324334	0.349899	0.349100
0.479520	0.322990	0.047871	0.303255	0.493634	0.494414	0.472416	0.306213	0.301859	0.289404
0.451014	0.364784	0.034966	0.349249	0.474629	0.471113	0.487514	0.323940	0.324249	0.325463
0.486425	0.372804	0.014318	0.333210	0.495407	0.499425	0.479827	0.297293	0.317739	0.317491
0.481922	0.312787	0.005268	0.323410	0.492094	0.491833	0.493897	0.294734	0.359200	0.325440
0.492211	0.324295	0.493459	0.463903	0.362293	0.321964	0.330208	0.493870	0.497262	0.470257
0.476163	0.339886	0.471734	0.485784	0.374202	0.353844	0.304587	0.482591	0.458762	0.455796
0.487435	0.355008	0.492914	0.481639	0.313834	0.346852	0.314758	0.487346	0.484690	0.499038
0.481697	0.336050	0.492847	0.496885	0.344138	0.354193	0.337284	0.482630	0.497933	0.463864
0.498442	0.348531	0.471259	0.485684	0.336347	0.347560	0.299248	0.495342	0.495425	0.478610
0.497592	0.354868	0.498594	0.462982	0.323941	0.324333	0.330901	0.494274	0.492028	0.478961
0.494260	0.339764	0.483044	0.486416	0.335793	0.338013	0.318488	0.471213	0.499945	0.485296
0.498272	0.337403	0.495014	0.474384	0.360479	0.276576	0.324818	0.494275	0.490814	0.497712
0.479365	0.314470	0.471466	0.428850	0.303768	0.339831	0.347455	0.484422	0.471224	0.491327
0.478340	0.332578	0.492564	0.493410	0.348101	0.309904	0.339121	0.484754	0.448770	0.490364
0.491039	0.329471	0.480371	0.487610	0.298148	0.353228	0.340593	0.493548	0.483345	0.475580
0.484856	0.344691	0.487133	0.491230	0.355164	0.307541	0.363207	0.466341	0.491759	0.488330
0.469658	0.353863	0.493641	0.496760	0.339739	0.379790	0.297615	0.494573	0.479978	0.450694
0.494117	0.351265	0.468272	0.491546	0.316540	0.348104	0.333532	0.476100	0.497632	0.492684
0.488637	0.373205	0.482893	0.480633	0.343198	0.347532	0.329886	0.483353	0.479157	0.480289
0.495803	0.344803	0.480162	0.497880	0.305796	0.336892	0.336346	0.447142	0.494139	0.486691
0.491359	0.360905	0.493694	0.460000	0.332366	0.304964	0.320271	0.489947	0.490724	0.481446
0.491942	0.338675	0.007249	0.346192	0.496731	0.312580	0.248328	0.476394	0.491776	0.493126
0.443240	0.325136	0.027293	0.332726	0.491147	0.321792	0.257952	0.479645	0.498536	0.446118
0.492007	0.326434	0.027123	0.329999	0.496156	0.366632	0.270531	0.493037	0.479056	0.489028
0.454280	0.335642	0.001937	0.328447	0.017084	0.286178	0.335188	0.339938	0.289210	0.315328
0.480838	0.339112	0.021978	0.348638	0.014803	0.235774	0.336370	0.306825	0.324196	0.320700
0.495921	0.336220	0.026866	0.342379	0.019602	0.236709	0.346790	0.322941	0.334258	0.346220
0.496402	0.313034	0.032794	0.352564	0.015197	0.254875	0.328967	0.338536	0.303436	0.357661
0.483277	0.329256	0.045028	0.323443	0.012369	0.236227	0.358279	0.371282	0.342764	0.322665
0.496675	0.375082	0.022378	0.332262	0.022768	0.254339	0.362144	0.353142	0.336380	0.309367
0.488492	0.326122	0.003184	0.331361	0.005374	0.235088	0.317557	0.331516	0.335746	0.346923
0.492056	0.330440	0.022771	0.301059	0.010957	0.227317	0.372707	0.312940	0.338205	0.348572
0.489217	0.337768	0.009479	0.312587	0.055832	0.235937	0.309522	0.309003	0.370589	0.305582
0.482423	0.320382	0.008805	0.363098	0.011381	0.230244	0.354039	0.341311	0.333736	0.322334
0.499770	0.314357	0.023259	0.359530	0.005561	0.231804	0.370047	0.341106	0.303602	0.309280
0.484565	0.309231	0.008850	0.321915	0.031265	0.207827	0.327335	0.321232	0.331527	0.299909
0.480161	0.297266	0.000379	0.324172	0.032080	0.241710	0.344151	0.340856	0.341791	0.329912
0.444837	0.353712	0.000433	0.347162	0.034863	0.252530	0.321409	0.333903	0.364989	0.326230
0.498746	0.343072	0.022863	0.357052	0.006669	0.243953	0.346332	0.331224	0.323321	0.323250
0.498293	0.354702	0.014043	0.345369	0.007610	0.277679	0.326864	0.343948	0.341055	0.347954
0.496120	0.329819	0.000825	0.345522	0.006890	0.227857	0.336747	0.362869	0.306947	0.326511
0.488549	0.309753	0.029927	0.488348	0.472276	0.347713	0.319660	0.481470	0.477698	0.497691
0.485426	0.336362	0.022630	0.486068	0.453813	0.321796	0.345168	0.491537	0.487239	0.474697
0.499008	0.323213	0.005217	0.478986	0.436498	0.374545	0.350460	0.494206	0.486815	0.484349
0.489868	0.285181	0.485544	0.014618	0.337535	0.036619	0.258620	0.326904	0.491561	0.323875
0.486114	0.307137	0.488142	0.022377	0.346654	0.046858	0.275938	0.314804	0.496538	0.348312
0.472492	0.340788	0.489124	0.023092	0.332429	0.003004	0.208939	0.333827	0.497724	0.328538
0.481858	0.326703	0.457888	0.013030	0.327904	0.007966	0.261729	0.349965	0.472879	0.360366
0.494355	0.348991	0.492765	0.016453	0.333640	0.022600	0.198751	0.331303	0.469871	0.355136
0.493659	0.340839	0.495142	0.011204	0.371301	0.024690	0.257844	0.337999	0.473694	0.333894
0.489435	0.316478	0.482978	0.000268	0.347180	0.009977	0.211028	0.333437	0.480023	0.366107
0.497644	0.360202	0.499363	0.015073	0.328859	0.011341	0.272551	0.322841	0.499154	0.325900
0.468963	0.348992	0.482554	0.000772	0.335567	0.031142	0.227032	0.303564	0.499514	0.303810
0.490306	0.304870	0.493769	0.015420	0.331140	0.001277	0.275397	0.374884	0.478489	0.331840
0.446218	0.290639	0.493693	0.026831	0.304869	0.003371	0.275819	0.321109	0.485522	0.324715
0.498319	0.321884	0.488273	0.009267	0.349259	0.014196	0.224106	0.313971	0.490885	0.359382
0.496252	0.320915	0.483230	0.007661	0.339094	0.017381	0.198903	0.336697	0.474815	0.319133
0.484926	0.314432	0.491640	0.002995	0.315687	0.010117	0.262371	0.341143	0.487868	0.340676
0.488350	0.368448	0.452562	0.018197	0.316739	0.006811	0.227589	0.330111	0.485684	0.347191
0.496119	0.372093	0.449568	0.006093	0.346897	0.020017	0.233815	0.343589	0.487202	0.340423
0.491545	0.313881	0.338069	0.482552	0.336865	0.474631	0.326356	0.496861	0.499546	0.499833
0.493015	0.338561	0.357213	0.497194	0.336348	0.487931	0.344485	0.490884	0.491307	0.491399
0.479830	0.322221	0.349673	0.480841	0.333581	0.495039	0.309276	0.459884	0.493642	0.480254
0.490787	0.309076	0.337653	0.331047	0.024858	0.247267	0.304355	0.350709	0.324975	0.224874
0.492302	0.323822	0.348609	0.322288	0.016744	0.259166	0.362437	0.326344	0.330402	0.201992
0.490717	0.308991	0.342924	0.364783	0.007564	0.265088	0.354068	0.327817	0.312045	0.228380
0.497784	0.352249	0.301767	0.366122	0.000627	0.270732	0.334532	0.320569	0.326237	0.263468
0.493455	0.335052	0.322191	0.358026	0.010321	0.278283	0.324808	0.330510	0.340707	0.299304
0.488479	0.305834	0.321761	0.289242	0.029586	0.254315	0.336088	0.337709	0.304286	0.251052
0.485855	0.349771	0.316374	0.330469	0.023343	0.268549	0.373416	0.287124	0.335494	0.225557
0.493686	0.343613	0.287489	0.330048	0.020361	0.202001	0.331048	0.349376	0.326046	0.256699
0.483343	0.353838	0.356337	0.354143	0.007202	0.290939	0.306196	0.370823	0.336487	0.286072
0.498832	0.330749	0.335397	0.339836	0.028945	0.273980	0.330759	0.385835	0.364737	0.240932
0.498074	0.334296	0.361027	0.350856	0.016354	0.223405	0.319621	0.270036	0.331181	0.231337
0.473334	0.347522	0.315417	0.340517	0.023826	0.241872	0.319116	0.317370	0.332199	0.255150
0.496663	0.325838	0.312670	0.345923	0.002634	0.214138	0.321164	0.342452	0.327459	0.240472
0.469324	0.382761	0.372949	0.308754	0.025656	0.263544	0.326055	0.295392	0.322811	0.229734
0.477287	0.313640	0.388541	0.357402	0.020632	0.263872	0.318618	0.360163	0.319114	0.221726
0.468860	0.293302	0.463362	0.362160	0.353469	0.218093	0.349737	0.474805	0.318420	0.493173
0.491761	0.312542	0.492919	0.356867	0.313141	0.279449	0.308286	0.486631	0.350713	0.491042
0.480429	0.319001	0.495247	0.327088	0.335903	0.236738	0.295436	0.484063	0.305175	0.491648
0.480336	0.338743	0.492064	0.346057	0.283732	0.255846	0.319459	0.473396	0.318783	0.466693
0.465385	0.339715	0.485116	0.332738	0.330180	0.251283	0.324898	0.496377	0.345920	0.489112
0.488363	0.363995	0.477093	0.364814	0.352074	0.239697	0.358603	0.492973	0.310702	0.476205
0.486841	0.360062	0.496593	0.317802	0.343078	0.229005	0.327754	0.472436	0.373657	0.485517
0.456561	0.325334	0.483047	0.338955	0.322842	0.231678	0.356762	0.486195	0.330182	0.476675
0.487007	0.302966	0.462490	0.333863	0.360086	0.270409	0.339424	0.497927	0.337835	0.484895
0.498170	0.318058	0.483540	0.316733	0.341919	0.233205	0.321477	0.487048	0.341909	0.493597
0.470812	0.333037	0.480190	0.367666	0.366061	0.250432	0.317181	0.497303	0.316537	0.488437
0.498634	0.316977	0.488402	0.353076	0.329736	0.260870	0.325671	0.455461	0.327782	0.479114
0.496142	0.329226	0.474550	0.374054	0.325120	0.281680	0.350983	0.497991	0.350286	0.491965
0.492050	0.311206	0.490236	0.331919	0.350389	0.219598	0.328221	0.469099	0.352998	0.449896
0.466117	0.276020	0.489963	0.360543	0.340392	0.230139	0.364921	0.486582	0.363477	0.493908
0.495601	0.319085	0.007132	0.491134	0.483663	0.327481	0.364785	0.320224	0.493867	0.304061
0.469772	0.340937	0.003525	0.447980	0.487451	0.362608	0.333597	0.329636	0.457785	0.341373
0.476944	0.334731	0.027955	0.498728	0.497838	0.371491	0.342598	0.357266	0.465561	0.342155
0.495579	0.341451	0.001876	0.472802	0.485032	0.332134	0.316287	0.315580	0.469397	0.338058
0.490944	0.314843	0.283351	0.288662	0.491539	0.351519	0.325253	0.320675	0.321698	0.356213
0.493269	0.306730	0.276600	0.328885	0.498229	0.320955	0.340784	0.327161	0.323576	0.330890
0.496442	0.367321	0.328555	0.311512	0.493299	0.311662	0.320832	0.304493	0.340078	0.330244
0.495662	0.357056	0.341402	0.335513	0.488715	0.353397	0.317112	0.305130	0.339408	0.332945
0.474900	0.348114	0.329189	0.323954	0.479926	0.336764	0.338749	0.337673	0.350848	0.323780
0.490887	0.345026	0.342655	0.337054	0.484366	0.305205	0.342854	0.302649	0.338879	0.319222
0.484082	0.299153	0.363246	0.343793	0.470611	0.322390	0.352055	0.362009	0.317138	0.347940
0.489215	0.355762	0.331192	0.311279	0.473379	0.337285	0.316478	0.351476	0.335987	0.318841
0.486467	0.348123	0.346239	0.340433	0.499652	0.314284	0.331235	0.340397	0.325229	0.328420
0.492244	0.315880	0.319464	0.342183	0.479580	0.327901	0.378250	0.352789	0.338463	0.341385
0.492638	0.318788	0.005659	0.495144	0.006681	0.308871	0.336202	0.261867	0.330123	0.262803
0.486243	0.320379	0.056974	0.479463	0.018775	0.318125	0.337835	0.236713	0.327325	0.249060
0.466305	0.328641	0.019840	0.498827	0.004224	0.304428	0.329978	0.282086	0.348613	0.211823
0.450751	0.344062	0.023876	0.476748	0.486713	0.322378	0.297692	0.383855	0.328639	0.310875
0.491332	0.346034	0.007338	0.464056	0.494883	0.310013	0.328239	0.318710	0.358893	0.325789
0.496711	0.356794	0.021259	0.482911	0.471549	0.343086	0.313264	0.351518	0.344646	0.321339
0.468285	0.338797	0.011490	0.467752	0.458838	0.336288	0.357159	0.296297	0.326330	0.318565
0.463887	0.339588	0.008910	0.493782	0.497631	0.339512	0.292012	0.329424	0.344555	0.341381
0.477782	0.340603	0.012091	0.499056	0.489825	0.337771	0.362207	0.329512	0.338413	0.334631
0.468108	0.337764	0.032376	0.475793	0.470367	0.355122	0.304259	0.315858	0.328775	0.363274
0.473330	0.334534	0.010808	0.459431	0.492502	0.315628	0.330840	0.323311	0.360302	0.306600
0.494120	0.346467	0.009440	0.499412	0.493986	0.359387	0.287068	0.353268	0.350657	0.341760
0.497036	0.316252	0.018997	0.456714	0.487508	0.380181	0.306011	0.382343	0.350392	0.343886
0.468152	0.362617	0.035151	0.475380	0.487471	0.330596	0.369932	0.378838	0.316297	0.352925
0.488468	0.358539	0.492715	0.491204	0.010886	0.496270	0.213465	0.323306	0.363220	0.335678
0.476219	0.339888	0.478767	0.488577	0.020977	0.491089	0.220385	0.314615	0.341797	0.357968
0.491337	0.359919	0.487580	0.497039	0.025286	0.461184	0.269526	0.301746	0.347035	0.333443
0.482820	0.325392	0.484357	0.480596	0.014988	0.494921	0.263733	0.356620	0.330625	0.348423
0.494763	0.334651	0.462616	0.490089	0.006340	0.499353	0.212888	0.323155	0.339383	0.320425
0.492691	0.290079	0.004972	0.342667	0.007230	0.237305	0.366400	0.331816	0.475657	0.328779
0.493742	0.304058	0.014280	0.341958	0.004416	0.264564	0.322179	0.352532	0.493415	0.358550
0.479395	0.293857	0.005345	0.345781	0.017889	0.254425	0.307501	0.323092	0.476883	0.311784
0.479929	0.359957	0.001280	0.331677	0.001775	0.255667	0.346549	0.322214	0.460273	0.303797
0.486229	0.334725	0.006234	0.315050	0.019731	0.259648	0.327798	0.307325	0.460360	0.322648
0.499019	0.323935	0.015603	0.374255	0.003994	0.268640	0.324125	0.318353	0.478858	0.352279
0.491427	0.338094	0.008726	0.483199	0.468361	0.322901	0.341615	0.475102	0.227094	0.471649
0.486766	0.360921	0.063532	0.476627	0.484988	0.334133	0.309028	0.491595	0.212608	0.450326
0.498238	0.333263	0.021322	0.497003	0.489157	0.367063	0.335612	0.472685	0.237435	0.487267
0.499688	0.333073	0.019340	0.486498	0.487140	0.308628	0.332123	0.482217	0.257693	0.474774
0.467489	0.354880	0.021575	0.491665	0.480917	0.355780	0.336724	0.474387	0.249751	0.498448
0.485142	0.337751	0.483204	0.468988	0.477738	0.337474	0.234046	0.452012	0.481469	0.483009
0.490257	0.337135	0.477579	0.490410	0.485747	0.321326	0.230109	0.496780	0.492869	0.497412
0.490586	0.332176	0.493367	0.491742	0.467636	0.340260	0.229604	0.499014	0.467025	0.479830
0.496300	0.344507	0.472608	0.498844	0.452596	0.322824	0.281111	0.484955	0.498143	0.486971
0.479279	0.333914	0.479776	0.484923	0.497359	0.342493	0.227249	0.477066	0.454700	0.479993
0.486292	0.334562	0.469173	0.488573	0.490364	0.318761	0.238078	0.492311	0.495298	0.496556
0.488679	0.350768	0.329481	0.332942	0.011223	0.246236	0.310977	0.341704	0.256094	0.312789
0.481785	0.306344	0.328225	0.334079	0.010289	0.259254	0.334780	0.324702	0.241888	0.338035
0.485241	0.033944	0.005059	0.471884	0.328359	0.354395	0.011750	0.017552	0.027767	0.003241
0.481909	0.018035	0.025646	0.495015	0.335752	0.334377	0.033377	0.008883	0.008060	0.047648
0.490360	0.028578	0.006104	0.454534	0.330029	0.329775	0.017887	0.028157	0.015904	0.002412
0.489149	0.032487	0.002681	0.470581	0.324884	0.315701	0.021732	0.011583	0.004406	0.016666
0.479104	0.006014	0.034261	0.480468	0.354161	0.334876	0.010176	0.035252	0.012863	0.052055
0.489986	0.025201	0.035449	0.471268	0.321677	0.344197	0.008657	0.033419	0.029097	0.010221
0.493455	0.306918	0.484769	0.318084	0.497669	0.262729	0.487703	0.341928	0.330080	0.369079
0.499166	0.344009	0.476860	0.332556	0.461261	0.248457	0.494512	0.332658	0.299854	0.350327
0.483975	0.300789	0.491575	0.350080	0.491313	0.247759	0.472567	0.333250	0.322603	0.295423
0.479899	0.432165	0.489546	0.340221	0.017802	0.495874	0.497502	0.499359	0.484944	0.480330
0.468790	0.488272	0.491314	0.332690	0.003549	0.481664	0.491656	0.497052	0.496168	0.464711
0.480892	0.487264	0.437403	0.357253	0.049295	0.448678	0.477015	0.490283	0.499540	0.497420
0.458170	0.482325	0.477780	0.300324	0.033157	0.497566	0.492974	0.484871	0.496951	0.460363
0.474784	0.496189	0.496987	0.326303	0.035413	0.498312	0.476736	0.483985	0.494837	0.494701
0.491104	0.466487	0.478331	0.341254	0.004779	0.470876	0.474196	0.496177	0.486691	0.476300
