Chromosome	Position	Somatic variant	Reference	Pre-GCNIS	GCNIS	4e0a6ffa-bdf8-421c-85c7-c52104a41c5d	36ef6488-1545-4a0f-bec5-7a2f49c7eff3	4e9cf6b7-1093-4cbe-a534-d1549b742532	c2a24f2a-8535-4778-a9de-7f237da1b630'	4351fda7-8a5d-4c0c-89f0-0820439d6842	1a1e0ef3-899e-47e1-8903-39a9187d2e4c	231ca360-321c-4eb7-a3e3-60af10c61094
1	11505046	N	0.465793	0.522236	0.397731	0.337294	0.348107	0.381898	0.531312	0.339760	0.356029	0.360361
1	11505112	N	0.493177	0.521304	0.361375	0.347909	0.351377	0.394286	0.490756	0.402690	0.334391	0.402207
1	11505114	N	0.543712	0.455423	0.385395	0.374514	0.338005	0.313095	0.464951	0.347907	0.298295	0.338280
1	11505118	N	0.536298	0.506180	0.386484	0.359760	0.317635	0.356068	0.538158	0.330996	0.327438	0.349095
1	24882927	N	0.473570	0.505465	0.347936	0.390051	0.329103	0.324900	0.503448	0.366525	0.356141	0.357629
1	195048866	N	0.505640	0.469452	0.345465	0.354571	0.349989	0.365960	0.370457	0.384641	0.337743	0.150534
1	195048877	N	0.522355	0.479981	0.402694	0.338541	0.335124	0.323334	0.347328	0.343042	0.344540	0.121530
1	195048913	N	0.432057	0.535187	0.346383	0.381378	0.363744	0.404584	0.343438	0.339581	0.356308	0.094978
1	204323155	N	0.489138	0.496679	0.345844	0.375682	0.362892	0.343787	0.404067	0.372312	0.397926	0.113805
1	204323239	N	0.501010	0.508634	0.328189	0.365809	0.341265	0.386836	0.379841	0.303335	0.397480	0.106905
1	204323274	N	0.555269	0.526209	0.366752	0.348020	0.348958	0.390375	0.350157	0.356303	0.379020	0.065260
1	204459786	N	0.473356	0.523013	0.346436	0.401410	0.401750	0.371727	0.337734	0.343555	0.342310	0.162846
1	204977799	N	0.552106	0.465494	0.399251	0.376162	0.341388	0.402261	0.381290	0.405025	0.395374	0.112321
1	210344858	N	0.537237	0.438387	0.383667	0.357844	0.306646	0.326149	0.394619	0.406584	0.325113	0.091701
1	210344861	N	0.486234	0.544837	0.386388	0.355228	0.372535	0.377595	0.346609	0.410393	0.355021	0.142388
1	210344911	N	0.506137	0.520723	0.373055	0.369382	0.346234	0.318506	0.370896	0.306474	0.371543	0.155563
2	9580466	N	0.482497	0.567438	0.631682	0.669360	0.640453	0.597067	0.671791	0.639641	0.574534	0.634456
2	9580540	N	0.499816	0.472178	0.575908	0.669503	0.613802	0.626084	0.672167	0.646371	0.597722	0.620180
2	10136845	N	0.475565	0.478512	0.628227	0.604434	0.611156	0.623613	0.599800	0.697745	0.679629	0.626640
2	10136855	N	0.508007	0.492399	0.628519	0.615692	0.590021	0.621824	0.666706	0.604008	0.647229	0.637829
2	10136936	N	0.480191	0.470048	0.633051	0.659478	0.629623	0.644536	0.637609	0.629772	0.587863	0.664240
2	12280396	N	0.466327	0.492330	0.631904	0.601433	0.642969	0.597763	0.625399	0.652076	0.598904	0.649397
2	12280472	N	0.494253	0.463908	0.580089	0.588114	0.642364	0.607163	0.650869	0.638838	0.657035	0.632774
2	12280491	N	0.483865	0.506417	0.667864	0.669835	0.641414	0.671470	0.596997	0.607935	0.685489	0.657337
2	12280509	N	0.483069	0.497545	0.658939	0.661712	0.601201	0.632411	0.683831	0.604366	0.633814	0.647597
2	78023861	N	0.518270	0.483105	0.659352	0.613967	0.658280	0.582896	0.633267	0.688389	0.610104	0.620596
2	78023932	N	0.481570	0.459950	0.636634	0.692721	0.627760	0.686006	0.615277	0.597002	0.602689	0.575494
2	129151244	N	0.429604	0.521948	0.616001	0.683591	0.584411	0.631356	0.622914	0.685357	0.675660	0.666509
2	129151284	N	0.474977	0.502048	0.656217	0.600665	0.623430	0.634212	0.624459	0.660109	0.620928	0.679577
2	129151298	N	0.466974	0.473660	0.650820	0.679233	0.658306	0.620878	0.623723	0.609034	0.593716	0.658738
2	129151338	N	0.540388	0.514126	0.613016	0.638900	0.620534	0.592191	0.623046	0.628206	0.549943	0.656909
2	129151398	N	0.456364	0.575899	0.648817	0.659754	0.652855	0.654561	0.625276	0.628208	0.634008	0.611370
2	140604808	N	0.477060	0.573272	0.589856	0.595650	0.637810	0.615697	0.636694	0.604825	0.635895	0.672255
2	149915510	N	0.504683	0.534594	0.659361	0.651446	0.544832	0.635491	0.659488	0.616878	0.669761	0.609657
2	149915528	N	0.535921	0.517893	0.643588	0.572017	0.615526	0.588622	0.596022	0.612354	0.602628	0.666857
2	149915594	N	0.457111	0.492809	0.584328	0.682692	0.650602	0.659346	0.592774	0.631325	0.568798	0.631874
2	149915632	N	0.525568	0.479771	0.632794	0.629327	0.594396	0.582244	0.612050	0.592896	0.610483	0.608989
2	154730984	N	0.482183	0.507777	0.644970	0.685281	0.674611	0.653590	0.699522	0.629692	0.683785	0.587429
2	154730989	N	0.539222	0.549815	0.585625	0.634172	0.593539	0.604830	0.671407	0.628869	0.645043	0.648521
2	154730997	N	0.476167	0.449197	0.594403	0.610809	0.613337	0.610894	0.658281	0.665466	0.598499	0.680558
2	154731055	N	0.485841	0.508222	0.639646	0.637019	0.678538	0.656131	0.654701	0.685882	0.672785	0.666625
2	235941661	N	0.493599	0.484900	0.614093	0.613480	0.628386	0.612749	0.644151	0.616035	0.623941	0.651644
2	241758155	N	0.502170	0.549767	0.684830	0.611529	0.630075	0.655523	0.626165	0.584156	0.636454	0.615112
2	241758161	N	0.493273	0.475226	0.614095	0.636655	0.675005	0.650053	0.640629	0.624382	0.613717	0.600574
2	241760574	N	0.495587	0.457313	0.682050	0.606003	0.635522	0.633963	0.635962	0.660858	0.627646	0.637005
3	13679688	N	0.510797	0.490706	0.836022	0.814847	0.816305	0.856583	0.797139	0.832656	0.834073	0.846914
3	13679695	N	0.496505	0.481539	0.862261	0.890566	0.834729	0.855771	0.821316	0.843515	0.829700	0.851531
3	13679708	N	0.458901	0.535644	0.857880	0.908123	0.900546	0.938297	0.775577	0.890451	0.879606	0.903426
3	121976471	N	0.496979	0.496669	0.373552	0.368184	0.387815	0.361757	0.373298	0.347232	0.299033	0.374224
3	179465626	N	0.432467	0.500407	0.400232	0.373100	0.351011	0.418061	0.363840	0.311757	0.347722	0.377314
3	179465638	N	0.477259	0.489899	0.317286	0.323620	0.332300	0.366812	0.319885	0.398293	0.389123	0.335973
3	190341241	N	0.513116	0.497220	0.333268	0.329589	0.358327	0.332369	0.351217	0.314104	0.315179	0.391439
3	190341292	N	0.519551	0.514769	0.327534	0.368406	0.356644	0.356693	0.370934	0.404258	0.397513	0.291391
3	190341342	N	0.509935	0.480423	0.369885	0.379827	0.320939	0.293435	0.395460	0.331441	0.359543	0.326904
3	197410024	N	0.561096	0.518222	0.370559	0.371186	0.391015	0.336104	0.349360	0.342372	0.349418	0.331709
4	38990230	N	0.425839	0.534529	0.350425	0.143197	0.088645	0.302546	0.146181	0.141723	0.088507	0.199287
4	38990265	N	0.482515	0.533063	0.344444	0.161288	0.089697	0.310779	0.096261	0.166350	0.123570	0.140009
4	38990271	N	0.521250	0.494511	0.435313	0.165124	0.063608	0.248632	0.150108	0.181824	0.120150	0.156592
4	48174141	N	0.481993	0.526955	0.314934	0.122084	0.106171	0.290497	0.073091	0.104560	0.110377	0.233582
4	48174161	N	0.495893	0.436032	0.373010	0.210237	0.139712	0.250572	0.077269	0.154392	0.116769	0.228354
4	48174173	N	0.516019	0.471557	0.368458	0.117210	0.111747	0.288853	0.108478	0.098449	0.098309	0.263233
4	48174251	N	0.450057	0.499224	0.359633	0.114825	0.118777	0.332485	0.108552	0.111468	0.113821	0.206962
4	48174269	N	0.508871	0.506115	0.358115	0.084392	0.093973	0.299468	0.051162	0.132598	0.095697	0.185871
4	48174288	N	0.485138	0.472259	0.305704	0.097446	0.147548	0.346589	0.062667	0.076962	0.093243	0.199227
4	87260813	N	0.513909	0.493241	0.495285	0.526224	0.384740	0.333230	0.464358	0.492676	0.395214	0.375171
4	87260862	N	0.515139	0.477866	0.469950	0.485805	0.387951	0.375753	0.550900	0.504996	0.336923	0.376763
4	87260918	N	0.518120	0.493201	0.483969	0.497775	0.360357	0.364947	0.528390	0.451385	0.398035	0.387771
4	117446376	N	0.504153	0.451609	0.515497	0.500267	0.414987	0.381086	0.461088	0.488957	0.364754	0.323993
4	117446416	N	0.525460	0.517425	0.480584	0.521514	0.357492	0.417513	0.481390	0.555418	0.334998	0.379877
4	117446442	N	0.456570	0.472271	0.506846	0.512301	0.352555	0.382802	0.510884	0.575621	0.387578	0.339627
4	142001608	N	0.470526	0.488907	0.539873	0.508457	0.368179	0.327201	0.511727	0.468369	0.341017	0.317673
4	142001670	N	0.475228	0.455716	0.543518	0.495629	0.332318	0.404770	0.540795	0.538444	0.343403	0.364461
4	142001679	N	0.483511	0.490171	0.511824	0.449508	0.340559	0.369655	0.504107	0.469275	0.354377	0.362823
4	142001727	N	0.522505	0.512369	0.488415	0.508335	0.430754	0.360333	0.456621	0.488627	0.396379	0.322242
4	142001731	N	0.492733	0.529766	0.427081	0.484657	0.327608	0.356609	0.483134	0.514348	0.359949	0.417769
4	142001744	N	0.505129	0.539431	0.516309	0.524678	0.355421	0.344866	0.480705	0.455879	0.356537	0.335564
4	149766492	N	0.515081	0.507396	0.518962	0.509710	0.321540	0.309901	0.502772	0.493864	0.402595	0.330861
4	167951933	N	0.495281	0.454988	0.526433	0.445263	0.411735	0.316555	0.502788	0.515680	0.349293	0.414482
4	167951966	N	0.423051	0.517573	0.457411	0.446648	0.410177	0.375485	0.510344	0.563924	0.379026	0.338961
4	167951994	N	0.478490	0.524553	0.505673	0.475555	0.348834	0.355336	0.494229	0.488224	0.366077	0.397690
4	186628572	N	0.539982	0.483111	0.479082	0.512435	0.357844	0.384934	0.538257	0.469452	0.349194	0.403053
4	186628694	N	0.517576	0.458993	0.516644	0.542605	0.365878	0.362804	0.472050	0.507362	0.303291	0.376559
4	186628721	N	0.489316	0.474539	0.525035	0.480853	0.362695	0.397713	0.496238	0.474299	0.376496	0.301207
4	186628753	N	0.509668	0.520161	0.538424	0.507656	0.384920	0.403440	0.516896	0.492418	0.376006	0.286478
5	1473977	N	0.504983	0.526029	0.486997	0.479729	0.320100	0.485675	0.270642	0.307148	0.362600	0.403286
5	13774014	N	0.449050	0.486116	0.581631	0.469943	0.240618	0.516218	0.280822	0.410013	0.336795	0.356065
5	13774029	N	0.502760	0.459645	0.528763	0.517331	0.297971	0.498584	0.283366	0.343806	0.426058	0.388633
5	13774115	N	0.523741	0.468673	0.480068	0.520176	0.307753	0.492885	0.280451	0.371554	0.333270	0.372710
5	33667640	N	0.495336	0.533175	0.538135	0.467215	0.292752	0.544389	0.311652	0.358928	0.351410	0.384874
5	33667753	N	0.491350	0.476009	0.483346	0.514304	0.225627	0.438831	0.310577	0.373105	0.356557	0.357043
5	33667805	N	0.488332	0.480042	0.441794	0.473898	0.260454	0.481022	0.345945	0.394982	0.332885	0.359449
5	134782414	N	0.525298	0.522280	0.499077	0.320601	0.542912	0.377678	0.480236	0.330986	0.371652	0.548991
5	134782450	N	0.515867	0.463428	0.557639	0.394439	0.545909	0.407804	0.504665	0.426857	0.360540	0.516987
5	134782510	N	0.536719	0.516417	0.443179	0.364263	0.526668	0.410421	0.479327	0.293398	0.302957	0.477870
5	150696447	N	0.457723	0.513136	0.523107	0.377253	0.479611	0.457549	0.520945	0.386500	0.340421	0.542989
5	150696498	N	0.479679	0.500074	0.507226	0.327781	0.492890	0.356236	0.552509	0.366509	0.378274	0.470412
5	150696540	N	0.456480	0.476695	0.462688	0.407774	0.460541	0.463363	0.490119	0.357462	0.389374	0.474309
5	164368812	N	0.575137	0.494411	0.510335	0.353675	0.460487	0.411435	0.512914	0.363528	0.323500	0.498452
5	164368821	N	0.484313	0.512549	0.556830	0.451550	0.488576	0.471965	0.483474	0.349471	0.326091	0.514112
5	164368891	N	0.481304	0.493063	0.522343	0.389721	0.575437	0.411584	0.488589	0.386171	0.355363	0.477633
6	43749110	N	0.496554	0.498468	0.491186	0.425644	0.526502	0.472584	0.371931	0.524966	0.431014	0.500087
6	43749163	N	0.498852	0.489679	0.457599	0.485095	0.485926	0.499369	0.320885	0.513386	0.534370	0.490737
6	43749230	N	0.514842	0.495373	0.475107	0.513675	0.490268	0.493519	0.360250	0.500002	0.485762	0.470756
6	86656645	N	0.508318	0.522352	0.482374	0.454671	0.383054	0.507454	0.369094	0.489988	0.487796	0.551128
6	86656653	N	0.498334	0.506877	0.534063	0.516479	0.331224	0.496380	0.312541	0.492409	0.462054	0.516519
6	86656733	N	0.473263	0.491036	0.573713	0.507511	0.361483	0.493631	0.353048	0.516844	0.429923	0.536384
6	95066652	N	0.561911	0.513053	0.494785	0.424558	0.411757	0.548905	0.393468	0.507706	0.483630	0.532146
6	95066744	N	0.481078	0.492485	0.516538	0.480015	0.375542	0.505947	0.384344	0.497055	0.542570	0.507891
6	103718071	N	0.472190	0.485480	0.491755	0.495678	0.382295	0.516565	0.336219	0.456566	0.511254	0.470793
6	103718105	N	0.517999	0.529135	0.521667	0.522281	0.337570	0.522723	0.328473	0.458742	0.471196	0.494932
6	103718120	N	0.519049	0.443777	0.540927	0.502773	0.357343	0.512990	0.392997	0.506689	0.542143	0.494717
6	149665852	N	0.417773	0.488397	0.459272	0.532657	0.406356	0.498346	0.317093	0.510336	0.503743	0.486131
6	156305059	N	0.562627	0.496539	0.472002	0.477363	0.386130	0.498731	0.368055	0.498007	0.484882	0.512219
6	156305093	N	0.446084	0.546822	0.463754	0.458149	0.365224	0.512093	0.340052	0.439467	0.477618	0.519501
6	156305117	N	0.566738	0.460335	0.465595	0.504420	0.331078	0.528048	0.345593	0.535052	0.471959	0.553363
6	156305125	N	0.485250	0.457894	0.469731	0.511179	0.414104	0.478720	0.307076	0.545560	0.485642	0.502106
6	162472277	N	0.544216	0.497289	0.510669	0.534317	0.334019	0.520423	0.370489	0.497465	0.481741	0.519926
6	162472310	N	0.464532	0.530029	0.491726	0.446998	0.393999	0.447711	0.409306	0.471173	0.516666	0.491693
6	162472368	N	0.531471	0.456236	0.495067	0.510577	0.343669	0.530782	0.318581	0.542626	0.542397	0.543318
6	162472371	N	0.530429	0.460612	0.519782	0.499159	0.310642	0.507266	0.376602	0.519949	0.476923	0.518342
6	162472380	N	0.480060	0.441581	0.495917	0.425416	0.375060	0.489586	0.357051	0.550351	0.503393	0.523312
6	169422415	N	0.474398	0.510620	0.524322	0.411893	0.378004	0.447986	0.379658	0.490283	0.545021	0.471367
7	25194291	N	0.506003	0.443579	0.441275	0.496251	0.506388	0.366412	0.567357	0.517279	0.486760	0.536960
7	25194313	N	0.538582	0.534742	0.483001	0.483202	0.444934	0.341000	0.450599	0.493314	0.451238	0.529751
7	25194413	N	0.490211	0.481577	0.425622	0.489766	0.518664	0.320019	0.508364	0.544797	0.467273	0.526398
7	25194431	N	0.498566	0.484503	0.529040	0.501562	0.526583	0.342097	0.527591	0.456817	0.519069	0.487297
7	70737764	N	0.526108	0.552447	0.496047	0.459675	0.473702	0.491005	0.504330	0.455943	0.404308	0.501441
7	70737858	N	0.513063	0.506906	0.541216	0.475177	0.459170	0.526771	0.509394	0.476670	0.431903	0.487481
7	70737875	N	0.459987	0.506078	0.494236	0.468701	0.512265	0.516977	0.503682	0.480714	0.392864	0.466035
7	70737884	N	0.510389	0.503446	0.459908	0.500454	0.486226	0.501910	0.462667	0.451788	0.434391	0.516162
7	77818393	N	0.537646	0.469440	0.468908	0.520373	0.460402	0.504023	0.505667	0.437588	0.424760	0.506854
7	77818458	N	0.484734	0.540194	0.439662	0.460684	0.444928	0.507914	0.492603	0.471869	0.423208	0.508051
7	77818463	N	0.518894	0.508511	0.521255	0.466430	0.492380	0.515179	0.490719	0.475601	0.404486	0.531095
7	77818547	N	0.453631	0.513201	0.498143	0.539399	0.461907	0.479168	0.509042	0.498228	0.459086	0.486843
7	79442703	N	0.524224	0.486759	0.507746	0.473772	0.540792	0.500581	0.538360	0.491263	0.422041	0.535534
7	79442762	N	0.451989	0.523758	0.461112	0.505541	0.522617	0.530889	0.498609	0.468427	0.441274	0.534638
7	79442846	N	0.555437	0.501695	0.457617	0.527906	0.535636	0.525808	0.481018	0.490308	0.470011	0.515416
7	103373014	N	0.523486	0.500770	0.441791	0.491385	0.487677	0.509633	0.512538	0.440948	0.427441	0.496763
7	103373033	N	0.478923	0.596292	0.480810	0.456654	0.499304	0.466063	0.489068	0.557184	0.426172	0.524674
7	103373051	N	0.474887	0.435654	0.461765	0.471667	0.457887	0.494514	0.457249	0.547726	0.371550	0.483692
7	103373071	N	0.479460	0.516154	0.506949	0.481357	0.506016	0.524301	0.490951	0.467735	0.405919	0.535203
7	103373086	N	0.513702	0.543078	0.552675	0.549950	0.530557	0.513475	0.559547	0.566393	0.425240	0.570913
7	103373126	N	0.483542	0.525082	0.476034	0.459652	0.477902	0.486147	0.532785	0.459431	0.414886	0.485703
7	155385421	N	0.500261	0.508668	0.542545	0.522041	0.493136	0.510088	0.423176	0.455513	0.427409	0.468567
7	155385454	N	0.446042	0.455304	0.512859	0.545687	0.470816	0.498426	0.522907	0.554832	0.381435	0.450663
7	155385465	N	0.492088	0.516590	0.445029	0.521305	0.487898	0.501412	0.473245	0.517619	0.411437	0.531997
8	13016359	N	0.498550	0.449666	0.504027	0.442877	0.506458	0.508504	0.477412	0.472360	0.547459	0.530933
8	13016379	N	0.525283	0.534557	0.540662	0.488623	0.494930	0.472014	0.482800	0.490675	0.520836	0.529596
8	32245522	N	0.524077	0.500847	0.555258	0.484968	0.526047	0.501958	0.503280	0.542507	0.490582	0.480748
8	32245557	N	0.554432	0.506989	0.492797	0.518853	0.493788	0.519460	0.460256	0.486437	0.538771	0.482238
8	32245566	N	0.445700	0.469023	0.506462	0.461472	0.449458	0.481503	0.524714	0.534896	0.505435	0.451396
8	123806187	N	0.474923	0.496406	0.533551	0.471864	0.531775	0.487150	0.539395	0.509164	0.465189	0.509179
8	123806196	N	0.474284	0.443522	0.516849	0.430364	0.459970	0.522681	0.441727	0.525661	0.547472	0.497966
8	123806240	N	0.564072	0.489118	0.508097	0.490728	0.462185	0.504549	0.516792	0.536420	0.509624	0.531138
9	923938	N	0.406741	0.518457	0.523214	0.526884	0.508924	0.492347	0.477031	0.481801	0.345745	0.562995
9	17793759	N	0.498138	0.508744	0.503731	0.507465	0.477671	0.487576	0.474633	0.515099	0.345645	0.592022
9	17793903	N	0.524904	0.489806	0.494184	0.431147	0.523210	0.522693	0.480755	0.570085	0.344882	0.574914
9	27203511	N	0.520772	0.483387	0.463652	0.523677	0.483876	0.506809	0.508483	0.499184	0.358576	0.609970
9	27203554	N	0.494555	0.477148	0.487342	0.522948	0.504910	0.494271	0.523355	0.494643	0.349564	0.593754
9	27203592	N	0.518213	0.484599	0.504336	0.423999	0.510938	0.481133	0.476507	0.488111	0.350961	0.588553
9	27203596	N	0.475250	0.455856	0.514567	0.515432	0.512548	0.494130	0.486746	0.449270	0.366091	0.614294
9	27203625	N	0.434529	0.488954	0.534451	0.520811	0.499161	0.469710	0.525242	0.497037	0.429086	0.556111
9	27203682	N	0.524642	0.570074	0.508317	0.488118	0.456211	0.572455	0.567409	0.530293	0.327965	0.648364
9	27203696	N	0.483933	0.518347	0.507119	0.513140	0.485464	0.522168	0.500782	0.533908	0.334046	0.581312
9	73536416	N	0.500303	0.538839	0.382562	0.174372	0.403748	0.106480	0.140428	0.077022	0.173438	0.083143
9	73536510	N	0.525605	0.489173	0.338988	0.138745	0.403895	0.076681	0.084347	0.081576	0.150572	0.072961
9	86093180	N	0.494024	0.531485	0.346336	0.126720	0.387109	0.077490	0.078993	0.179767	0.127542	0.099277
9	86093237	N	0.522158	0.522956	0.340663	0.080406	0.354707	0.134794	0.118504	0.154539	0.109744	0.082836
9	86093264	N	0.517430	0.463488	0.315036	0.160507	0.378773	0.177986	0.165023	0.162960	0.104838	0.156200
9	86093265	N	0.478333	0.495017	0.388886	0.041902	0.313183	0.143301	0.138839	0.106699	0.137352	0.133231
9	105780536	N	0.465732	0.468444	0.358180	0.089349	0.353403	0.090486	0.141251	0.123056	0.135132	0.089986
9	105780558	N	0.511784	0.440544	0.335263	0.146384	0.390554	0.109617	0.109377	0.153863	0.137286	0.129415
9	105780567	N	0.506711	0.526466	0.306758	0.115829	0.387326	0.159955	0.128788	0.095335	0.194077	0.085946
9	105780570	N	0.569254	0.519144	0.408726	0.172598	0.402018	0.124511	0.111096	0.130110	0.112382	0.196975
9	105780618	N	0.512569	0.543978	0.342881	0.068019	0.371834	0.087073	0.144076	0.117977	0.190857	0.128282
9	120004783	N	0.431601	0.515380	0.390117	0.095162	0.346386	0.071840	0.138692	0.117753	0.162545	0.157619
9	135770134	N	0.498810	0.486650	0.368603	0.139849	0.388594	0.151051	0.093900	0.088799	0.147920	0.170657
9	135770300	N	0.488047	0.468358	0.431367	0.078973	0.385938	0.131162	0.177200	0.127580	0.144132	0.068164
10	12591712	N	0.544633	0.456574	0.333084	0.326927	0.556668	0.315828	0.456039	0.414443	0.394964	0.387972
10	12591798	N	0.532374	0.542407	0.307585	0.270495	0.533270	0.318569	0.498778	0.373253	0.326912	0.341316
10	23297252	N	0.496114	0.505562	0.356446	0.274673	0.565735	0.292589	0.493276	0.376931	0.351745	0.378005
10	23297301	N	0.487897	0.497501	0.358017	0.333598	0.525910	0.322997	0.478692	0.396598	0.351734	0.338495
10	23297336	N	0.501017	0.527529	0.326315	0.269963	0.485410	0.289255	0.530371	0.322535	0.333005	0.453244
10	23297429	N	0.461710	0.494328	0.309408	0.308811	0.511763	0.330869	0.465803	0.355661	0.427371	0.368976
10	25839369	N	0.456102	0.460998	0.381358	0.291109	0.550630	0.265184	0.555389	0.391890	0.387389	0.334234
10	25839370	N	0.511746	0.522746	0.331491	0.292124	0.528502	0.336240	0.496906	0.396895	0.353949	0.322807
10	25839391	N	0.496894	0.499892	0.353926	0.272350	0.526552	0.336580	0.521658	0.360217	0.342091	0.369557
10	25839394	N	0.549389	0.521912	0.332886	0.301899	0.595057	0.312482	0.524329	0.329077	0.365941	0.302087
10	48480228	N	0.502307	0.495171	0.604838	0.521838	0.636656	0.476750	0.639405	0.493589	0.429086	0.465041
10	55725207	N	0.491011	0.567718	0.622488	0.513580	0.621836	0.557068	0.595301	0.505850	0.520456	0.511994
10	55725234	N	0.536683	0.459834	0.674715	0.464080	0.670987	0.505829	0.615036	0.491527	0.465479	0.504563
10	55725337	N	0.509781	0.532163	0.637756	0.536858	0.634035	0.498782	0.616492	0.521675	0.505437	0.436512
10	73822343	N	0.552751	0.498722	0.617969	0.503445	0.645807	0.487599	0.648370	0.501792	0.572756	0.505673
10	95239121	N	0.551533	0.535315	0.632648	0.501291	0.667092	0.437706	0.601500	0.487311	0.526960	0.498388
10	95239183	N	0.568902	0.520233	0.665747	0.491213	0.608133	0.546276	0.624982	0.498370	0.492282	0.539841
10	95239187	N	0.499657	0.486582	0.660329	0.466042	0.614742	0.485484	0.651919	0.476608	0.522717	0.504212
10	95239251	N	0.515665	0.483386	0.661700	0.526391	0.643795	0.525552	0.621339	0.506022	0.513503	0.490815
10	120874067	N	0.499300	0.501347	0.695313	0.481216	0.601821	0.522580	0.647119	0.521512	0.446973	0.565406
10	120874087	N	0.528738	0.502690	0.638679	0.548569	0.606340	0.463166	0.599391	0.535686	0.529669	0.547416
10	120874161	N	0.487149	0.470025	0.626324	0.507099	0.628014	0.520161	0.601497	0.473741	0.468774	0.506679
10	124095982	N	0.495290	0.495773	0.567879	0.507529	0.655623	0.478835	0.608143	0.478465	0.472592	0.526109
10	124096035	N	0.483159	0.502419	0.641521	0.499042	0.655291	0.516843	0.619743	0.485371	0.492617	0.535255
10	124096041	N	0.446779	0.492681	0.668118	0.490391	0.615412	0.501097	0.629348	0.511125	0.512595	0.507219
10	124096061	N	0.508871	0.513848	0.584873	0.501903	0.600986	0.518994	0.698679	0.468136	0.532385	0.461976
10	124096209	N	0.547374	0.482140	0.639395	0.478167	0.684569	0.522470	0.598283	0.536304	0.554383	0.501210
10	134798532	N	0.527728	0.552137	0.610684	0.495958	0.578091	0.492369	0.601614	0.475847	0.538704	0.465856
10	134798538	N	0.531737	0.471762	0.648762	0.498281	0.615566	0.532176	0.658469	0.551233	0.550223	0.460303
10	134798590	N	0.511369	0.450557	0.674258	0.481410	0.626344	0.564754	0.690280	0.508912	0.529948	0.522992
11	534403	N	0.524298	0.503520	0.661523	0.642988	0.626368	0.504109	0.540239	0.480292	0.628452	0.360029
11	5602615	N	0.477049	0.529305	0.629101	0.652530	0.643561	0.488095	0.473746	0.487324	0.625090	0.365178
11	5602679	N	0.495441	0.472706	0.630780	0.736402	0.644362	0.485504	0.519792	0.494776	0.652573	0.319536
11	5602789	N	0.507695	0.507416	0.645872	0.622924	0.645102	0.501255	0.523016	0.479590	0.618876	0.387162
11	5809548	N	0.500702	0.469207	0.633135	0.674980	0.565772	0.494531	0.490442	0.528507	0.642600	0.333891
11	11338063	N	0.491272	0.480229	0.593626	0.704202	0.658379	0.484566	0.473643	0.537040	0.635755	0.366913
11	11338146	N	0.515540	0.536030	0.576563	0.653352	0.657261	0.512294	0.480053	0.494446	0.649838	0.401131
11	11338178	N	0.531677	0.521142	0.661558	0.630188	0.601860	0.481960	0.511420	0.503929	0.635676	0.437042
11	19826548	N	0.477741	0.466556	0.714761	0.627558	0.587797	0.444586	0.497724	0.509858	0.675133	0.384918
11	44840684	N	0.491897	0.481274	0.645838	0.666388	0.616895	0.513542	0.442848	0.516261	0.603520	0.394335
11	48284000	N	0.513593	0.517045	0.610819	0.610980	0.607653	0.487754	0.440092	0.436455	0.619401	0.304360
11	48284033	N	0.475840	0.470178	0.625002	0.625205	0.623955	0.510063	0.463753	0.454099	0.671661	0.371721
11	48284109	N	0.520804	0.533552	0.583855	0.660810	0.632401	0.499615	0.538994	0.516849	0.584584	0.352060
11	69976047	N	0.490110	0.474524	0.453638	0.384390	0.350166	0.506525	0.538184	0.375630	0.381275	0.334774
11	69976094	N	0.478544	0.529356	0.508122	0.409751	0.339059	0.500741	0.487462	0.419920	0.349763	0.408650
11	69976138	N	0.487307	0.537259	0.497144	0.348546	0.406523	0.544172	0.451683	0.355554	0.403317	0.317456
11	69976193	N	0.551923	0.513377	0.562299	0.331818	0.319149	0.455045	0.530019	0.381743	0.383695	0.361647
11	76421195	N	0.507061	0.555636	0.502034	0.357539	0.425426	0.487521	0.513893	0.353940	0.376713	0.357450
11	76421214	N	0.535203	0.515620	0.524161	0.364590	0.369857	0.480149	0.542229	0.347613	0.337402	0.374329
11	76421250	N	0.514412	0.469432	0.514064	0.368599	0.362936	0.499041	0.541818	0.405151	0.380511	0.355940
11	76421307	N	0.488544	0.476707	0.459269	0.407981	0.356116	0.515738	0.496465	0.331946	0.377206	0.403950
11	79851768	N	0.441731	0.469051	0.569830	0.363787	0.316924	0.467563	0.449340	0.417301	0.340079	0.355419
11	79851772	N	0.526280	0.489662	0.487550	0.367207	0.319065	0.562327	0.487965	0.362938	0.315257	0.365693
11	79851783	N	0.496705	0.477932	0.526737	0.334684	0.289028	0.511289	0.488300	0.312248	0.453173	0.345573
11	79851863	N	0.466684	0.535109	0.464635	0.368025	0.309998	0.494579	0.523662	0.325605	0.348378	0.319842
11	118938315	N	0.498007	0.493510	0.543296	0.392083	0.377569	0.536386	0.464819	0.344151	0.366712	0.316319
11	118938371	N	0.452450	0.521927	0.529219	0.298028	0.383892	0.514321	0.459089	0.347482	0.361843	0.365713
11	118938388	N	0.498287	0.491994	0.477501	0.306783	0.403402	0.470290	0.465979	0.364492	0.419809	0.364253
11	118938389	N	0.476655	0.484802	0.521130	0.361687	0.363631	0.464982	0.503974	0.383987	0.378393	0.367745
11	118938435	N	0.451633	0.514077	0.528299	0.326120	0.314479	0.474423	0.543101	0.367499	0.376989	0.315657
11	123468933	N	0.562562	0.467128	0.468763	0.399483	0.390646	0.481747	0.490120	0.346598	0.365167	0.367990
11	123468965	N	0.475165	0.487167	0.523850	0.411645	0.363440	0.495071	0.511673	0.359949	0.414865	0.362612
11	123468969	N	0.547807	0.513259	0.497093	0.380012	0.357658	0.462247	0.497062	0.360611	0.327985	0.359113
12	6898392	N	0.588238	0.497986	0.830398	0.757757	0.801900	0.781220	0.790998	0.759864	0.790490	0.798700
12	6898521	N	0.485098	0.513012	0.799557	0.764017	0.800119	0.812360	0.860483	0.826944	0.792113	0.744798
12	11904752	N	0.500987	0.468451	0.780765	0.845973	0.784711	0.804350	0.835323	0.755907	0.796267	0.822337
12	11904767	N	0.500147	0.504318	0.786956	0.751109	0.827265	0.813173	0.730903	0.791237	0.805035	0.799891
12	11904770	N	0.530427	0.494616	0.834176	0.808370	0.742068	0.771811	0.787484	0.785395	0.785037	0.696555
12	27456119	N	0.522547	0.490428	0.842985	0.812906	0.802101	0.802557	0.765478	0.764360	0.755843	0.760370
12	28345303	N	0.558301	0.463835	0.834645	0.796216	0.772299	0.762331	0.817096	0.795474	0.837603	0.808241
12	28345342	N	0.472012	0.516550	0.809807	0.865724	0.819142	0.834585	0.819809	0.830737	0.779256	0.754369
12	28345395	N	0.526011	0.445332	0.847216	0.806869	0.747636	0.734027	0.813550	0.755612	0.771221	0.817760
12	29580127	N	0.491625	0.476366	0.783274	0.800113	0.818032	0.805922	0.804089	0.798595	0.834291	0.770237
12	32446901	N	0.448167	0.416078	0.776810	0.838986	0.761499	0.824585	0.808809	0.826886	0.775332	0.800642
12	34235603	N	0.535447	0.512381	0.846662	0.841965	0.859422	0.789319	0.819347	0.777826	0.845195	0.786257
12	40378646	N	0.472697	0.500955	0.499608	0.528405	0.484102	0.549514	0.444158	0.341548	0.557479	0.417169
12	40378647	N	0.484535	0.489364	0.472429	0.483160	0.439342	0.460787	0.500954	0.377840	0.498699	0.396601
12	40378739	N	0.501831	0.499791	0.478575	0.495778	0.535616	0.455074	0.517579	0.343037	0.474501	0.383633
12	40378773	N	0.494786	0.542513	0.464580	0.491463	0.552520	0.525684	0.490088	0.291189	0.493434	0.369909
12	40378784	N	0.523508	0.505548	0.478492	0.488934	0.500666	0.513717	0.565741	0.410167	0.558661	0.331437
12	68508842	N	0.498111	0.448755	0.472760	0.504259	0.464689	0.466633	0.490199	0.373030	0.481712	0.360694
12	68508863	N	0.499001	0.529892	0.496436	0.507159	0.499536	0.508845	0.558858	0.396701	0.501361	0.322417
12	68508990	N	0.458965	0.552917	0.499216	0.459519	0.494076	0.573642	0.530795	0.363342	0.488281	0.334699
12	68509022	N	0.501807	0.536001	0.464860	0.539860	0.481467	0.501911	0.575137	0.333261	0.504376	0.396843
12	68509094	N	0.521320	0.536105	0.494682	0.505873	0.526969	0.505421	0.539626	0.339536	0.481768	0.389508
12	122612598	N	0.521715	0.546803	0.481287	0.502692	0.537980	0.515153	0.502308	0.284530	0.489877	0.406975
12	122612625	N	0.450280	0.485438	0.527919	0.476601	0.439638	0.530104	0.532236	0.382330	0.480578	0.342983
12	122612635	N	0.518056	0.526284	0.463469	0.490767	0.538788	0.514544	0.545193	0.318942	0.518274	0.334955
12	129465381	N	0.520248	0.530337	0.456252	0.549133	0.508962	0.513770	0.470655	0.360913	0.490500	0.313852
13	46752671	N	0.455133	0.517977	0.632011	0.566284	0.641078	0.499777	0.618368	0.438734	0.697362	0.203115
13	46752698	N	0.475247	0.459117	0.672797	0.655402	0.638483	0.477089	0.603263	0.485826	0.723047	0.222308
13	46752704	N	0.533944	0.475294	0.583603	0.645195	0.622059	0.468163	0.626120	0.479220	0.685334	0.181961
13	46752813	N	0.506232	0.555020	0.666515	0.642559	0.625887	0.556662	0.664481	0.500863	0.646812	0.193924
13	79886557	N	0.528564	0.508679	0.647855	0.646535	0.626165	0.499387	0.628301	0.518296	0.704819	0.203281
13	79886566	N	0.552431	0.523848	0.635178	0.665812	0.680657	0.487667	0.604769	0.461997	0.702904	0.225039
13	79886654	N	0.494040	0.487707	0.583119	0.718160	0.525482	0.487068	0.621299	0.472907	0.756748	0.209736
13	79886677	N	0.458371	0.535876	0.656790	0.652812	0.607595	0.490755	0.570240	0.492952	0.676818	0.149735
13	79935255	N	0.516138	0.455247	0.606039	0.650353	0.615916	0.472828	0.624755	0.436368	0.708365	0.164703
13	79935360	N	0.460965	0.511538	0.648370	0.608787	0.628209	0.525829	0.632652	0.520376	0.667610	0.180822
13	79935401	N	0.523999	0.429067	0.560757	0.641304	0.662068	0.579036	0.637402	0.527339	0.700941	0.151812
13	110909015	N	0.536152	0.468134	0.606810	0.668672	0.676584	0.494254	0.600887	0.460776	0.694921	0.230274
14	22392983	N	0.529019	0.526984	0.534933	0.333255	0.496636	0.530229	0.505875	0.386216	0.309040	0.336581
14	22393124	N	0.518372	0.526568	0.535804	0.352343	0.478100	0.454012	0.515808	0.359494	0.332226	0.325988
14	22393148	N	0.504945	0.478337	0.494078	0.405186	0.467458	0.528866	0.532482	0.370809	0.391232	0.370232
14	23103743	N	0.507499	0.509924	0.495418	0.337277	0.507259	0.515651	0.538288	0.357699	0.386180	0.314295
14	33165051	N	0.471274	0.488945	0.486910	0.339498	0.537691	0.479990	0.428583	0.419551	0.342061	0.358273
14	33165084	N	0.530427	0.459371	0.532490	0.364632	0.485472	0.492289	0.504185	0.407436	0.279575	0.390434
14	33165182	N	0.533063	0.521305	0.542036	0.371510	0.459650	0.544997	0.460867	0.429484	0.412484	0.392693
14	41916228	N	0.501837	0.512443	0.487428	0.362604	0.506600	0.478327	0.405393	0.357216	0.365286	0.418151
14	41916241	N	0.445492	0.483847	0.560070	0.331902	0.444508	0.493672	0.503759	0.419897	0.381166	0.346012
14	41916247	N	0.542037	0.537207	0.513571	0.361179	0.496364	0.528080	0.524845	0.340905	0.346996	0.346829
14	57244325	N	0.502691	0.501311	0.521284	0.300964	0.480811	0.471477	0.529857	0.356699	0.369549	0.294580
14	58055209	N	0.509156	0.517436	0.547024	0.364755	0.509019	0.474736	0.501240	0.349816	0.376029	0.360879
14	58055276	N	0.543991	0.536712	0.513190	0.396568	0.482388	0.508120	0.474905	0.395529	0.412041	0.382881
14	58055281	N	0.493721	0.471318	0.481117	0.334336	0.513305	0.503331	0.468830	0.407485	0.371924	0.333335
14	58055377	N	0.494933	0.502898	0.502028	0.396992	0.486921	0.473258	0.483645	0.389760	0.335398	0.328540
14	94773371	N	0.492785	0.505468	0.501553	0.359014	0.514462	0.493650	0.478675	0.362700	0.410768	0.382388
14	94773395	N	0.442665	0.479491	0.538031	0.322405	0.545896	0.532695	0.481835	0.370175	0.360170	0.350016
14	94773411	N	0.523884	0.518090	0.544884	0.341796	0.491689	0.479897	0.479132	0.330131	0.421407	0.355080
14	97553840	N	0.511980	0.524762	0.498305	0.381798	0.431291	0.508103	0.484989	0.409854	0.314046	0.387616
15	26037844	N	0.509868	0.551977	0.382328	0.339379	0.336313	0.395217	0.259469	0.288244	0.393121	0.355985
15	26037885	N	0.538173	0.472845	0.389447	0.370657	0.384004	0.349513	0.285723	0.352945	0.369490	0.367563
15	26037922	N	0.468530	0.429236	0.309710	0.303933	0.356778	0.369489	0.305958	0.335839	0.386402	0.415411
15	26037940	N	0.452458	0.503196	0.369010	0.360634	0.363272	0.387129	0.309124	0.352066	0.361052	0.367001
15	29908258	N	0.506054	0.455499	0.367501	0.338909	0.351880	0.290852	0.274769	0.378613	0.371845	0.362108
15	29908263	N	0.471114	0.570818	0.369027	0.327663	0.328777	0.364591	0.327132	0.348600	0.376309	0.374844
15	60966891	N	0.501877	0.509879	0.337707	0.366283	0.314812	0.401328	0.267529	0.352186	0.381657	0.327150
15	60966927	N	0.555605	0.473214	0.350294	0.387334	0.394923	0.364129	0.312513	0.401827	0.322701	0.371771
15	60966998	N	0.491092	0.515011	0.399296	0.356289	0.395730	0.388471	0.260859	0.381952	0.362164	0.345332
15	92562990	N	0.547194	0.529092	0.373014	0.344994	0.352548	0.395846	0.284697	0.389069	0.345293	0.382452
15	92562993	N	0.461783	0.492342	0.372723	0.400500	0.316290	0.289149	0.315065	0.378574	0.379257	0.346491
15	92563046	N	0.438994	0.474361	0.378290	0.376793	0.397316	0.368525	0.318572	0.377643	0.346046	0.350712
15	92563060	N	0.444179	0.509033	0.381946	0.358043	0.362763	0.348955	0.319262	0.385333	0.349859	0.344460
15	92563075	N	0.472248	0.460210	0.265174	0.365368	0.383571	0.360304	0.230190	0.363765	0.370185	0.336165
16	4740441	N	0.566497	0.488106	0.498985	0.515427	0.532867	0.548526	0.504362	0.508071	0.526514	0.423939
16	4740444	N	0.452429	0.464393	0.475558	0.544547	0.518632	0.455678	0.479252	0.455099	0.513994	0.432123
16	4740477	N	0.517250	0.523535	0.487826	0.472321	0.556412	0.481755	0.512172	0.469681	0.538763	0.427315
16	70926710	N	0.483769	0.504062	0.504605	0.393342	0.508784	0.408796	0.488094	0.471567	0.437799	0.491641
16	70926724	N	0.581162	0.488324	0.512942	0.405785	0.493652	0.400136	0.446266	0.457773	0.463319	0.502978
16	70926768	N	0.508729	0.483149	0.522788	0.435831	0.561228	0.356359	0.480624	0.379984	0.389357	0.479290
16	80704005	N	0.548890	0.474820	0.503808	0.426928	0.565776	0.330249	0.548726	0.421455	0.381509	0.436100
16	80704010	N	0.525614	0.494324	0.520554	0.409699	0.572739	0.364815	0.429429	0.434633	0.408798	0.508765
16	84462543	N	0.518644	0.543981	0.441593	0.405729	0.462307	0.358539	0.530114	0.363459	0.408549	0.501981
16	84462559	N	0.526774	0.468080	0.531951	0.387567	0.602417	0.399716	0.508446	0.456470	0.396575	0.473831
16	84462578	N	0.489503	0.465319	0.471806	0.374690	0.505545	0.345466	0.532577	0.409552	0.420119	0.466783
16	84462591	N	0.492802	0.537362	0.489021	0.387494	0.496658	0.360915	0.535994	0.397450	0.418727	0.506895
16	84462605	N	0.516380	0.541752	0.482351	0.417151	0.515435	0.396606	0.460363	0.452475	0.378713	0.481832
16	84462633	N	0.475024	0.491780	0.490659	0.420214	0.516172	0.369656	0.509970	0.415190	0.453316	0.503757
16	84462659	N	0.533953	0.509902	0.439934	0.475333	0.485245	0.392975	0.470554	0.400577	0.378732	0.516111
16	85045103	N	0.528975	0.530239	0.488829	0.421625	0.514868	0.362510	0.494448	0.417206	0.424912	0.505768
16	85045203	N	0.475012	0.531603	0.499606	0.411993	0.482594	0.383084	0.504661	0.416461	0.493813	0.506332
17	12895815	N	0.461902	0.510256	0.353892	0.397159	0.120716	0.422114	0.135224	0.412828	0.364040	0.379248
17	12895929	N	0.447666	0.528738	0.319344	0.330250	0.105400	0.384452	0.102399	0.375410	0.324470	0.344986
17	12895984	N	0.463697	0.488702	0.404602	0.364455	0.143884	0.354287	0.133984	0.339757	0.410057	0.403300
17	16846155	N	0.496970	0.551552	0.353650	0.399650	0.165879	0.376278	0.125429	0.399983	0.388036	0.308434
17	16846176	N	0.486048	0.477210	0.334419	0.308957	0.076738	0.374408	0.131262	0.384469	0.375520	0.414080
17	16846208	N	0.480182	0.505710	0.346526	0.335178	0.104271	0.368187	0.125239	0.267158	0.330325	0.343350
17	16846298	N	0.496729	0.478217	0.429938	0.337159	0.082736	0.340907	0.046654	0.424227	0.364765	0.402140
17	70883473	N	0.518445	0.557003	0.611374	0.633117	0.652381	0.598152	0.630674	0.662859	0.589924	0.664233
17	70883483	N	0.487382	0.509597	0.635752	0.599950	0.639648	0.652807	0.608254	0.589740	0.669703	0.635271
17	70883493	N	0.556340	0.505445	0.662146	0.602894	0.594940	0.620779	0.589463	0.643375	0.671376	0.643329
17	70883558	N	0.510317	0.553452	0.605406	0.593741	0.642931	0.648258	0.613299	0.626613	0.700668	0.601469
18	8299059	N	0.474877	0.483209	0.333020	0.114014	0.116372	0.365668	0.018887	0.084870	0.137409	0.040754
18	8299082	N	0.488167	0.512737	0.409782	0.116969	0.118159	0.379623	0.107056	0.137730	0.103501	0.106572
18	14960409	N	0.516767	0.523577	0.399502	0.060101	0.134315	0.341839	0.099799	0.155142	0.115206	0.088019
18	14960430	N	0.530542	0.493693	0.327609	0.071500	0.156575	0.376118	0.112695	0.092708	0.120485	0.050380
18	43321412	N	0.498201	0.499758	0.442433	0.472005	0.798608	0.798985	0.823239	0.565696	0.802483	0.796274
18	43321417	N	0.495186	0.497355	0.450774	0.454471	0.773436	0.787617	0.815177	0.480513	0.847493	0.802395
18	43321442	N	0.480748	0.446649	0.478301	0.495412	0.793381	0.723484	0.843838	0.539046	0.816654	0.807283
18	75148002	N	0.535827	0.514659	0.539867	0.461078	0.796827	0.829266	0.787757	0.559706	0.790292	0.795837
18	75148016	N	0.489002	0.515648	0.494398	0.498323	0.781784	0.798281	0.802225	0.514881	0.801867	0.813285
18	75148028	N	0.473809	0.465027	0.533726	0.510481	0.798758	0.841158	0.834096	0.517196	0.847442	0.777391
19	7698760	N	0.502175	0.544286	0.346069	0.420329	0.333348	0.331149	0.141472	0.107470	0.377271	0.107571
19	7698788	N	0.512822	0.501545	0.332753	0.368557	0.337103	0.377231	0.140127	0.171335	0.323563	0.089073
19	7698857	N	0.446454	0.443727	0.417779	0.393590	0.378722	0.362297	0.112318	0.155479	0.322618	0.080206
19	10610017	N	0.504143	0.507885	0.312913	0.368066	0.344231	0.365379	0.109501	0.129261	0.358173	0.116837
19	10610235	N	0.504934	0.451080	0.379075	0.355699	0.366508	0.392784	0.135272	0.133583	0.376921	0.140572
19	10610236	N	0.502179	0.515597	0.384766	0.421224	0.328322	0.360482	0.148617	0.142623	0.316070	0.144250
19	18357364	N	0.453013	0.508150	0.337822	0.367883	0.336899	0.418989	0.137541	0.119245	0.316892	0.146860
19	18357389	N	0.484353	0.508866	0.422088	0.334679	0.346285	0.361292	0.139224	0.127584	0.384938	0.119947
19	18357416	N	0.480379	0.525586	0.374201	0.340367	0.368199	0.345368	0.152989	0.079071	0.402738	0.162848
19	33109983	N	0.468324	0.434572	0.504587	0.542941	0.464186	0.543096	0.475602	0.653353	0.532011	0.646541
19	33110047	N	0.465661	0.486767	0.510098	0.492841	0.527951	0.451992	0.483761	0.677442	0.462126	0.649872
19	33110058	N	0.527415	0.538615	0.512803	0.541589	0.487607	0.510509	0.559491	0.686522	0.481532	0.615507
19	33110149	N	0.497850	0.506754	0.484218	0.490241	0.440756	0.492055	0.448681	0.719910	0.468582	0.628796
19	44331594	N	0.521567	0.457279	0.496181	0.513158	0.483364	0.510683	0.448372	0.632160	0.494835	0.634718
19	44331613	N	0.514686	0.513341	0.490814	0.519372	0.481307	0.494018	0.487304	0.701411	0.521934	0.624650
19	44331710	N	0.504467	0.525071	0.515549	0.533738	0.531423	0.518627	0.494347	0.657314	0.465862	0.688952
19	56131709	N	0.494901	0.538537	0.496052	0.468555	0.464627	0.527389	0.543268	0.610648	0.520558	0.681205
19	58790675	N	0.526533	0.492572	0.467968	0.527626	0.475546	0.518484	0.532503	0.612737	0.464400	0.654194
19	58790784	N	0.464340	0.489269	0.495932	0.470708	0.502943	0.430580	0.486745	0.621656	0.564995	0.614779
19	58790807	N	0.519581	0.511890	0.486654	0.454244	0.490919	0.484271	0.507988	0.669076	0.512453	0.643327
20	3527524	N	0.491523	0.477131	0.491002	0.463024	0.514612	0.454157	0.503167	0.494233	0.313716	0.393720
20	3527531	N	0.484799	0.542364	0.437742	0.440258	0.509770	0.503110	0.500943	0.511489	0.347018	0.356198
20	3527582	N	0.489472	0.480888	0.505705	0.504075	0.557372	0.493088	0.448771	0.502261	0.379089	0.373400
20	12223868	N	0.440127	0.502685	0.496231	0.488135	0.511148	0.508787	0.557550	0.483131	0.362438	0.348909
20	12223967	N	0.468697	0.450543	0.515870	0.464875	0.509719	0.446984	0.508468	0.507832	0.433588	0.341778
20	12224116	N	0.555756	0.485359	0.504580	0.514911	0.517453	0.515235	0.506737	0.548612	0.369770	0.394313
20	24418504	N	0.508681	0.481970	0.461645	0.445024	0.496044	0.495387	0.499411	0.505016	0.388885	0.357529
20	24418544	N	0.490038	0.565060	0.461865	0.493537	0.528031	0.520939	0.492674	0.466560	0.338013	0.377838
20	24418579	N	0.506160	0.449424	0.460081	0.519858	0.484035	0.483802	0.513256	0.563244	0.291100	0.415583
20	36559239	N	0.472807	0.511030	0.491774	0.481978	0.482055	0.508199	0.503994	0.482097	0.491629	0.480051
20	36559245	N	0.496461	0.494011	0.444980	0.487689	0.520153	0.517596	0.467646	0.534730	0.455563	0.472843
20	53267576	N	0.489108	0.480571	0.477023	0.512224	0.505844	0.486674	0.487704	0.533944	0.488549	0.451357
20	60500579	N	0.470117	0.488464	0.472938	0.511413	0.506695	0.476394	0.453789	0.492709	0.507524	0.467982
20	60500603	N	0.504546	0.485371	0.475653	0.525402	0.506512	0.471976	0.480067	0.459143	0.506448	0.480668
20	60500690	N	0.518082	0.479882	0.488338	0.454705	0.483537	0.485903	0.524288	0.541256	0.485802	0.512690
21	15649486	N	0.506400	0.499539	0.347236	0.376214	0.364669	0.410669	0.083350	0.377115	0.354475	0.396795
21	15649522	N	0.545685	0.490184	0.356455	0.384616	0.328415	0.394687	0.100130	0.424483	0.416367	0.368825
21	15649526	N	0.526288	0.564744	0.326776	0.366430	0.373645	0.367165	0.155934	0.349283	0.350474	0.362284
21	22512500	N	0.518899	0.473746	0.365333	0.386518	0.386619	0.397432	0.128383	0.362463	0.364674	0.366626
21	22512560	N	0.475422	0.546503	0.344774	0.372550	0.337149	0.361412	0.047282	0.339369	0.397468	0.418299
21	22512563	N	0.518373	0.496280	0.359076	0.334807	0.376368	0.351893	0.062525	0.370531	0.397754	0.323581
21	22512606	N	0.527251	0.502956	0.408952	0.374030	0.392735	0.345200	0.143980	0.350988	0.396165	0.368865
21	22512626	N	0.514983	0.422900	0.405074	0.313384	0.407572	0.346523	0.102019	0.380540	0.357667	0.332143
21	44141357	N	0.455217	0.487460	0.395913	0.404819	0.350992	0.398591	0.140067	0.385483	0.352737	0.337893
21	44141449	N	0.453501	0.507045	0.314344	0.373795	0.406517	0.345734	0.141079	0.384450	0.366293	0.352313
21	44141480	N	0.533745	0.507067	0.374930	0.387738	0.408345	0.364649	0.087286	0.327833	0.311165	0.365122
22	19593301	N	0.493020	0.548906	0.670177	0.515334	0.626649	0.591218	0.634078	0.540218	0.514424	0.493020
22	19593344	N	0.493289	0.539964	0.662140	0.520997	0.667879	0.615377	0.681593	0.499953	0.488647	0.498775
22	19593434	N	0.441976	0.478627	0.657104	0.471397	0.670349	0.637958	0.597894	0.524295	0.503974	0.547854
22	19620982	N	0.412780	0.536100	0.599686	0.560766	0.651620	0.595969	0.608179	0.509298	0.449497	0.460712
22	19621011	N	0.502446	0.509407	0.607973	0.447837	0.683072	0.621952	0.688190	0.502277	0.536759	0.476604
22	19627501	N	0.508815	0.495023	0.674569	0.514934	0.664525	0.613125	0.622944	0.474989	0.472930	0.517794
22	19627504	N	0.498108	0.458792	0.663582	0.575303	0.636111	0.714323	0.624367	0.496536	0.478039	0.481672
22	19627550	N	0.436128	0.549279	0.699616	0.467952	0.656733	0.684910	0.640508	0.509586	0.528585	0.490846
22	19682621	N	0.510885	0.470640	0.651157	0.527622	0.625984	0.636457	0.616772	0.548194	0.533265	0.470483
22	19682627	N	0.461592	0.535507	0.669772	0.472437	0.634893	0.628559	0.688629	0.551578	0.485935	0.461602
22	20755226	N	0.475871	0.432836	0.705477	0.469104	0.600149	0.677176	0.676856	0.439393	0.517998	0.464745
22	20755240	N	0.507680	0.452303	0.608479	0.490016	0.665824	0.633824	0.576778	0.531012	0.529680	0.482813
22	20755282	N	0.503945	0.524395	0.589175	0.537610	0.601832	0.631762	0.677983	0.464361	0.529652	0.499530
22	20755340	N	0.489399	0.506206	0.575559	0.520245	0.693593	0.658045	0.687486	0.471690	0.518897	0.510890
22	20899971	N	0.524724	0.528758	0.670693	0.502797	0.588635	0.562228	0.578603	0.490494	0.507627	0.568678
22	20899976	N	0.533072	0.508496	0.671200	0.466596	0.631908	0.631506	0.614954	0.522235	0.482079	0.472457
22	20900074	N	0.518126	0.446390	0.621200	0.513548	0.609980	0.623033	0.618796	0.465777	0.504619	0.492783
22	22015234	N	0.465389	0.475530	0.554474	0.500037	0.654318	0.664448	0.679795	0.535291	0.500852	0.488139
22	22027617	N	0.533831	0.488429	0.652749	0.459795	0.644771	0.629303	0.579675	0.525788	0.468693	0.522154
22	22027710	N	0.494743	0.440932	0.641014	0.447472	0.658672	0.665050	0.638302	0.510215	0.517703	0.548395
22	22532639	N	0.505295	0.476606	0.633485	0.511681	0.639349	0.602723	0.693197	0.494501	0.467952	0.459993
22	22532765	N	0.503017	0.458350	0.609479	0.488184	0.670536	0.654533	0.592581	0.537062	0.538912	0.505788
22	24159244	N	0.472631	0.501296	0.627493	0.469780	0.669209	0.583472	0.620215	0.558854	0.505347	0.534433
22	24159276	N	0.483812	0.514538	0.641129	0.479660	0.631077	0.656856	0.631087	0.545926	0.457247	0.473882
22	24159321	N	0.514506	0.538677	0.630947	0.507331	0.671756	0.667986	0.580149	0.468853	0.505548	0.512756
22	24159326	N	0.540840	0.488031	0.658883	0.506263	0.635495	0.640863	0.605787	0.549005	0.527069	0.496567
22	24159437	N	0.492430	0.482116	0.608423	0.501279	0.690772	0.660878	0.595175	0.536519	0.549302	0.506156
22	24159452	N	0.481541	0.534034	0.629506	0.473483	0.605251	0.670016	0.641361	0.487962	0.489647	0.531457
22	34256853	N	0.500571	0.464691	0.651309	0.519749	0.580536	0.638818	0.630466	0.549471	0.512297	0.537560
22	34256860	N	0.483675	0.462420	0.620183	0.482160	0.651953	0.656500	0.615130	0.530545	0.488969	0.496355
22	34256908	N	0.575054	0.528547	0.644746	0.536850	0.645159	0.684216	0.620636	0.511114	0.469045	0.478390
22	34256919	N	0.539942	0.530924	0.674344	0.486781	0.629777	0.644412	0.660552	0.530776	0.566374	0.509703
22	34256923	N	0.518985	0.496895	0.628270	0.473049	0.639859	0.680648	0.638881	0.532757	0.519030	0.498262
22	43356128	N	0.511328	0.527733	0.620221	0.494849	0.600000	0.631013	0.677796	0.436707	0.515231	0.506608
22	43356129	N	0.529511	0.511944	0.640966	0.509742	0.608540	0.672679	0.589427	0.526077	0.532556	0.491692
22	43356130	N	0.525358	0.481525	0.638290	0.445034	0.625484	0.656213	0.615770	0.550868	0.530852	0.513090
22	44541350	N	0.475204	0.467132	0.644998	0.487476	0.672601	0.680651	0.670067	0.475698	0.459431	0.392769
22	44541359	N	0.558119	0.472814	0.618161	0.483932	0.603999	0.611876	0.617134	0.516265	0.481162	0.522361
22	44541404	N	0.461129	0.542400	0.635229	0.476813	0.630694	0.677020	0.645361	0.475268	0.463149	0.426469
1	11288744	Y	0	0	0	0	0	0	0	0	0	1
2	51254778	Y	0	0	0	0	0	0	1	0	0	0
2	73900090	Y	0	0	0	0	0	0	1	0	0	0
2	140604829	Y	0	0	0	1	0	0	0	1	1	1
2	235941695	Y	0	0	0	0	1	0	1	0	0	0
3	84687827	Y	0	0	1	1	1	1	1	1	1	1
4	7436702	Y	0	0	1	1	1	1	1	1	1	1
4	149766375	Y	0	0	0	0	0	1	0	0	0	0
4	168860531	Y	0	0	1	1	1	1	1	1	1	1
5	176918124	Y	0	0	0	0	1	0	1	0	0	0
6	93823462	Y	0	0	1	1	1	1	1	1	1	1
7	7929394	Y	0	0	0	0	0	0	0	0	0	0
8	121788354	Y	0	0	1	1	1	1	1	1	1	1
9	120004968	Y	0	0	1	1	1	1	1	1	1	1
11	6292669	Y	0	0	1	1	1	1	1	1	1	1
12	7646557	Y	0	0	1	1	1	1	1	1	1	1
12	26891621	Y	0	0	0	0	0	1	0	0	0	0
12	120531677	Y	0	0	1	1	1	1	1	1	1	1
13	78997132	Y	0	0	1	1	1	1	1	1	1	1
14	39244541	Y	0	0	1	1	1	1	1	1	1	1
14	57244390	Y	0	0	1	1	1	1	1	1	1	1
14	66029239	Y	0	0	0	0	0	0	0	0	1	0
14	79111653	Y	0	0	1	1	1	1	1	1	1	1
14	85571465	Y	0	0	0	0	0	0	0	0	0	1
14	88263484	Y	0	0	1	1	1	1	1	1	1	1
14	97553881	Y	0	0	1	1	1	1	1	1	1	1
14	101292486	Y	0	0	0	1	0	0	0	1	1	1
15	57931651	Y	0	0	0	0	0	0	0	0	1	0
15	100122868	Y	0	0	0	0	0	0	0	1	0	1
16	25160277	Y	0	0	1	1	1	1	1	1	1	1
17	8784067	Y	0	0	1	1	1	1	1	1	1	1
17	48750825	Y	0	0	1	1	1	1	1	1	1	1
18	43431452	Y	0	0	1	1	1	1	1	1	1	1
22	20900050	Y	0	0	1	0	1	1	1	0	0	0
22	48201474	Y	0	0	0	0	0	0	0	1	0	1