Chromosome	Start	Somatic variant	Reference	TE_21	EC_22	MET_24	MET_30	MET_17	MET_33	MET_35	MET_18	MET_32	MET_34
1	11505046	N	0,493	0,605	0,594	0,620	0,621	0,565	0,494	0,475	0,660	0,686	0,622
1	11505112	N	0,484	0,600	0,595	0,614	0,655	0,564	0,512	0,490	0,660	0,699	0,622
1	11505114	N	0,515	0,397	0,403	0,380	0,345	0,433	0,488	0,510	0,340	0,301	0,378
1	11505118	N	0,465	0,595	0,583	0,635	0,672	0,529	0,512	0,490	0,681	0,720	0,629
1	17250762	N	0,542	0,507	0,498	0,465	0,498	0,461	0,485	0,536	0,459	0,497	0,521
1	17250836	N	0,508	0,519	0,514	0,454	0,506	0,482	0,492	0,537	0,459	0,492	0,516
1	24882890	N	0,483	0,583	0,567	0,545	0,533	0,402	0,434	0,527	0,403	0,417	0,596
1	24882897	N	0,504	0,581	0,567	0,538	0,533	0,418	0,434	0,530	0,411	0,427	0,592
1	24882939	N	0,489	0,581	0,560	0,544	0,524	0,399	0,433	0,522	0,419	0,423	0,593
1	29681060	N	0,524	0,400	0,442	0,370	0,400	0,263	0,917	NA	NA	NA	NA
1	193873045	N	0,509	0,525	0,501	0,712	0,746	0,643	0,743	0,617	0,862	0,762	0,675
1	193873099	N	0,501	0,522	0,494	0,713	0,743	0,639	0,752	0,628	0,864	0,750	0,664
1	193873155	N	0,473	0,505	0,488	0,702	0,730	0,638	0,713	0,618	0,864	0,740	0,689
1	195048866	N	0,496	0,512	0,536	0,347	0,247	0,336	0,355	0,151	0,384	0,389	0,324
1	195048877	N	0,495	0,512	0,533	0,343	0,248	0,338	0,355	0,152	0,372	0,397	0,324
1	195048913	N	0,503	0,516	0,530	0,347	0,250	0,341	0,353	0,152	0,380	0,407	0,333
1	204323155	N	0,503	0,462	0,510	0,325	0,255	0,351	0,381	0,391	0,254	0,270	0,386
1	204323239	N	0,513	0,518	0,521	0,326	0,254	0,351	0,362	0,393	0,287	0,271	0,363
1	204323274	N	0,509	0,503	0,514	0,333	0,250	0,350	0,380	0,393	0,286	0,269	0,387
1	204977671	N	0,505	0,486	0,505	0,366	0,265	0,327	0,288	0,401	0,276	0,305	0,427
1	204977687	N	0,504	0,489	0,505	0,368	0,264	0,330	0,288	0,398	0,276	0,316	0,424
1	204977707	N	0,448	0,488	0,503	0,367	0,266	0,326	0,287	0,397	0,276	0,309	0,422
1	204977756	N	0,494	0,477	0,548	0,382	0,237	0,270	0,269	0,390	0,314	0,285	NA
1	204977799	N	0,495	0,481	0,549	0,379	0,241	0,292	0,269	0,387	0,314	0,297	0,419
1	208496926	Y	0,000	0,170	0,190	0,000	0,000	0,000	0,000	0,000	0,000	0,000	0,000
1	210344858	N	0,454	0,467	0,484	0,341	0,220	0,383	0,292	0,340	0,374	0,348	0,281
1	210344861	N	0,456	0,467	0,487	0,344	0,211	0,387	0,292	0,346	0,364	0,343	0,276
1	210344911	N	0,464	0,469	0,488	0,335	0,213	0,413	0,287	0,330	0,369	0,361	0,273
2	9580466	N	0,510	0,658	0,624	0,608	0,682	0,589	0,739	0,732	0,837	0,605	0,775
2	10136845	N	0,500	0,342	0,322	0,369	0,239	0,364	0,177	0,322	0,310	0,227	0,324
2	10136855	N	0,497	0,344	0,333	0,370	0,239	0,360	0,186	0,327	0,315	0,232	0,325
2	10136936	N	0,501	0,347	0,324	0,377	0,223	0,360	0,163	0,327	0,325	0,242	0,359
2	12259164	N	0,559	0,352	0,222	0,431	0,086	0,317	NA	0,136	NA	0,333	NA
2	12280396	N	0,553	0,659	0,634	0,612	0,770	0,715	0,728	0,770	0,668	0,707	0,730
2	12280472	N	0,572	0,650	0,646	0,615	0,772	0,724	0,742	0,763	0,587	0,717	0,730
2	12280491	N	0,580	0,670	0,646	0,619	0,769	0,719	0,744	0,766	0,676	0,720	0,730
2	12280509	N	0,587	0,665	0,647	0,615	0,757	0,722	0,742	0,757	0,681	0,713	0,726
2	78023861	N	0,516	0,596	0,556	0,667	0,727	0,654	NA	0,744	NA	0,500	0,690
2	78023915	N	0,526	0,597	0,556	0,681	0,690	0,651	NA	0,707	NA	0,500	0,675
2	78023932	N	0,528	0,600	0,538	0,678	0,704	0,651	NA	0,732	NA	0,500	0,675
2	99977905	Y	0,000	0,218	NA	0,206	NA	0,275	0,544	0,558	0,397	0,643	0,118
2	99978048	N	0,602	0,334	0,462	0,332	NA	0,304	0,250	0,283	0,284	0,153	0,694
2	129151244	N	0,474	0,318	0,441	0,333	0,258	0,412	0,395	0,183	0,448	0,346	0,393
2	129151284	N	0,479	0,321	0,445	0,332	0,264	0,414	0,394	0,174	0,452	0,348	0,397
2	129151298	N	0,480	0,324	0,446	0,329	0,267	0,414	0,398	0,173	0,452	0,348	0,373
2	129151338	N	0,481	0,325	0,460	0,327	0,264	0,411	0,403	0,170	0,455	0,338	0,377
2	129151398	N	0,497	0,323	0,483	0,343	0,280	0,406	0,403	0,165	0,454	0,362	0,377
2	133049943	N	0,331	0,290	0,129	0,230	0,200	0,343	0,281	0,238	0,228	0,299	0,270
2	149915510	N	0,480	0,357	0,348	0,371	0,282	0,341	0,299	0,403	0,536	0,194	0,314
2	149915528	N	0,476	0,347	0,346	0,372	0,277	0,341	0,301	0,402	0,536	0,195	0,314
2	149915594	N	0,488	0,355	0,349	0,368	0,278	0,344	0,296	0,400	0,532	0,200	0,315
2	149915632	N	0,502	0,647	0,647	0,611	0,706	0,653	0,727	0,596	0,469	0,797	0,701
2	154730984	N	0,519	0,356	0,358	0,396	0,272	0,425	0,323	0,296	0,509	0,294	0,290
2	154730989	N	0,491	0,360	0,358	0,404	0,276	0,424	0,317	0,296	0,527	0,294	0,293
2	154730997	N	0,521	0,377	0,356	0,407	0,297	0,426	0,328	0,297	0,537	0,313	NA
2	154731055	N	0,540	0,396	0,355	0,413	0,314	0,439	0,339	0,292	0,556	0,311	0,304
2	154731074	N	0,548	0,403	0,356	0,413	0,319	0,441	0,351	0,295	0,411	0,333	0,295
2	179640895	Y	0,000	0,192	0,207	0,158	0,219	0,000	0,333	0,514	0,000	0,667	0,000
2	235941661	N	0,501	0,350	0,354	0,306	0,288	0,386	0,342	0,368	0,544	0,389	0,286
3	13679688	N	0,463	0,723	0,656	0,681	NA	0,759	0,680	0,536	NA	0,690	0,698
3	13679695	N	0,457	0,723	0,656	0,681	NA	0,759	0,680	0,536	NA	0,690	0,698
3	13679708	N	0,467	0,735	0,656	0,681	NA	0,759	0,654	0,538	NA	0,690	0,686
3	17726483	N	0,486	0,260	0,319	0,318	0,267	0,310	0,402	0,217	0,481	0,327	0,325
3	17726502	Y	0,000	0,295	0,218	0,216	0,374	0,290	0,359	0,398	0,263	0,236	0,181
3	117366248	N	0,527	0,725	NA	0,694	0,429	0,658	NA	0,667	NA	NA	0,950
3	121976471	N	0,424	0,243	0,220	0,283	0,250	0,378	0,345	NA	NA	NA	NA
3	179465626	N	0,529	0,800	NA	0,548	NA	0,647	NA	NA	NA	NA	0,708
3	179465638	N	0,529	0,815	NA	0,567	NA	0,647	NA	NA	NA	NA	0,720
3	190341241	N	0,496	0,265	0,285	0,342	0,305	0,286	0,384	0,270	0,304	0,229	0,284
3	190341292	N	0,498	0,265	0,280	0,349	0,310	0,287	0,377	0,273	0,330	0,227	0,278
3	190341342	N	0,498	0,277	0,277	0,352	0,317	0,288	0,380	0,275	0,303	0,220	0,278
4	38990230	N	0,489	0,391	0,379	0,354	0,344	0,395	0,095	0,076	0,406	0,123	0,372
4	38990265	N	0,475	0,385	0,369	0,355	0,341	0,395	0,104	0,077	0,401	0,119	0,379
4	38990271	N	0,462	0,381	0,362	0,351	0,337	0,397	0,096	0,074	0,401	0,113	0,372
4	48174161	N	0,474	0,593	0,750	0,600	NA	0,593	NA	NA	NA	NA	NA
4	48174173	N	0,479	0,576	0,758	0,600	NA	0,615	NA	NA	NA	NA	NA
4	48174251	N	0,515	0,603	0,767	0,561	NA	0,654	NA	NA	NA	NA	NA
4	48174288	N	0,523	0,590	0,767	0,595	NA	0,654	NA	NA	NA	NA	NA
4	142001729	N	0,484	0,000	0,000	0,000	0,000	0,023	0,000	0,000	NA	NA	0,000
4	142001744	N	0,510	0,603	0,679	0,540	0,850	0,693	0,630	1,000	NA	NA	0,600
4	142001744	N	0,490	0,397	0,321	0,460	0,150	0,307	0,370	0,000	NA	NA	0,400
4	186628572	N	0,563	0,402	0,550	0,445	0,200	0,396	0,061	0,068	0,483	0,118	0,309
4	186628694	N	0,568	0,403	0,563	0,456	0,222	0,404	0,064	0,080	0,464	0,115	0,313
4	186628721	N	0,564	0,403	0,561	0,456	0,229	0,404	0,064	0,078	0,483	0,115	0,328
4	186628727	N	0,564	0,399	0,561	0,463	0,229	0,402	0,106	0,078	0,517	0,128	0,305
5	1474122	Y	0,000	0,235	0,198	0,343	0,289	0,246	0,364	0,506	0,361	0,574	NA
5	1489950	Y	0,000	0,246	0,231	0,327	0,359	0,259	0,291	0,432	0,090	0,719	0,339
5	1490124	N	0,490	0,547	0,544	0,648	0,694	0,652	0,496	0,506	0,497	0,826	0,608
5	1490195	N	0,484	0,528	0,542	0,627	0,623	0,629	0,395	0,468	0,475	0,706	0,556
5	5142353	N	0,513	0,653	0,684	0,606	0,702	0,782	0,740	0,743	0,340	0,847	0,532
5	5142424	N	0,515	0,657	0,691	0,601	0,707	0,781	0,731	0,738	0,327	0,847	0,528
5	5142429	N	0,516	0,657	0,698	0,602	0,702	0,787	0,740	0,743	0,314	0,849	0,532
5	5142460	N	0,483	0,337	0,296	0,400	0,293	0,207	0,247	0,257	0,686	0,153	0,459
5	13774014	N	0,474	0,624	0,628	0,655	0,708	0,771	0,619	0,720	0,546	0,741	0,649
5	13774115	N	0,489	0,629	0,618	0,676	0,727	0,755	0,613	0,713	0,550	0,746	0,640
5	33667640	N	0,511	0,554	0,517	0,537	0,739	0,577	NA	0,704	NA	NA	NA
5	33667722	N	0,438	0,428	0,459	0,430	0,250	0,418	NA	0,345	NA	NA	NA
5	33667730	N	0,484	0,432	0,458	0,445	0,250	0,443	NA	0,379	NA	NA	NA
5	33667753	N	0,436	0,564	0,500	0,571	0,696	0,563	NA	0,633	NA	NA	NA
5	78712889	N	0,497	0,418	0,521	0,255	0,216	0,252	0,247	0,121	0,324	0,111	0,227
5	150696447	N	0,519	0,436	0,424	0,244	0,170	0,306	0,075	0,076	0,346	0,078	0,112
5	150696498	N	0,510	0,439	0,440	0,251	0,171	0,316	0,078	0,076	0,371	0,136	0,113
5	150696540	N	0,523	0,440	0,410	0,248	0,170	0,318	0,075	0,077	0,343	0,082	0,112
5	150696609	N	0,503	0,428	0,408	0,235	0,169	0,315	0,073	0,073	0,108	0,079	0,108
5	164368812	N	0,497	0,582	NA	0,635	0,889	0,656	NA	NA	NA	NA	0,905
5	164368891	N	0,397	0,496	NA	0,536	0,783	0,625	NA	NA	NA	NA	0,769
6	31504164	Y	0,000	0,158	0,188	0,157	0,578	0,363	NA	0,390	0,000	0,318	0,636
6	43749110	N	0,522	0,685	0,706	0,693	0,902	0,791	0,875	0,939	0,768	0,934	0,739
6	43749163	N	0,527	0,681	0,712	0,698	0,889	0,790	0,874	0,923	NA	0,934	0,739
6	43749230	N	0,533	0,685	0,708	0,702	0,900	0,792	0,877	0,940	0,780	0,940	0,746
6	86656645	N	0,508	0,447	0,522	0,389	0,254	0,328	0,028	0,134	0,043	0,104	0,518
6	86656653	N	0,505	0,446	0,516	0,392	0,271	0,321	0,028	0,195	0,043	0,103	0,571
6	86656733	N	0,505	0,447	0,516	0,399	0,263	0,321	0,029	0,134	0,043	0,104	0,571
6	95066652	N	0,495	0,531	0,535	0,592	0,768	0,662	0,873	0,927	0,582	0,866	0,532
6	95066744	N	0,492	0,529	0,512	0,587	0,762	0,659	0,883	0,930	0,554	0,873	0,534
6	103718071	N	0,493	0,456	0,437	0,435	0,232	0,346	0,072	0,136	0,164	0,068	0,360
6	103718105	N	0,491	0,455	0,439	0,420	0,227	0,350	0,076	0,121	0,163	0,078	0,359
6	103718120	N	0,492	0,456	0,438	0,411	0,226	0,351	0,074	0,136	0,162	0,064	0,360
6	156305059	N	0,511	0,549	0,564	0,545	0,801	0,687	0,910	0,911	0,782	0,980	0,597
6	156305093	N	0,518	0,549	0,557	0,542	NA	0,684	NA	NA	0,760	NA	0,596
6	156305117	N	0,524	0,554	0,564	0,545	0,804	0,677	0,907	0,911	0,776	0,980	0,601
6	156305125	N	0,526	0,555	0,566	0,551	0,809	0,679	0,907	0,909	0,776	0,979	0,601
6	162472278	N	0,496	0,540	0,653	0,666	0,823	0,722	0,878	0,922	NA	0,947	0,708
6	162472327	N	0,489	0,535	0,652	0,659	0,828	0,729	0,868	0,921	NA	0,946	0,717
6	162472380	N	0,493	0,533	0,643	0,656	0,825	0,718	0,870	0,983	NA	0,944	0,713
7	25194313	N	0,505	0,588	0,615	0,531	0,449	0,421	0,489	0,338	0,360	0,453	0,607
7	25194431	N	0,475	0,591	0,596	0,534	0,435	0,419	0,488	0,336	0,343	0,466	0,603
7	70737764	N	0,486	0,397	0,429	0,448	0,636	0,511	0,641	0,608	0,607	0,592	0,569
7	70737858	N	0,482	0,388	0,428	0,453	0,637	0,509	0,645	0,625	0,611	0,603	0,567
7	70737875	N	0,486	0,394	0,427	0,450	0,634	0,509	0,646	0,622	0,611	0,595	0,567
7	70737884	N	0,486	0,399	0,428	0,451	0,634	0,511	0,646	0,597	0,614	0,599	0,561
7	70954231	N	0,467	0,373	0,388	0,396	0,567	0,627	0,829	NA	NA	NA	NA
7	77818393	N	0,486	0,344	0,408	0,381	0,582	0,430	0,756	0,495	0,472	0,460	0,439
7	77818458	N	0,489	0,340	0,380	0,379	0,587	0,425	0,759	0,468	0,486	0,443	0,414
7	77818463	N	0,489	0,341	0,392	0,375	0,590	0,427	0,768	0,482	0,486	0,452	0,414
7	77818547	N	0,447	0,316	0,319	0,337	0,525	0,373	0,706	0,450	0,516	0,389	0,377
7	79442762	N	0,537	0,354	0,500	0,437	0,557	0,591	0,333	0,519	0,500	0,461	0,353
7	79442846	N	0,536	0,357	0,500	0,432	0,552	0,588	0,304	0,529	0,500	0,464	0,345
7	103373126	N	0,487	0,372	0,346	0,482	0,419	0,634	0,577	0,677	NA	0,423	0,545
7	141968156	Y	0,000	0,134	0,161	0,071	0,008	0,000	0,000	0,000	0,255	0,000	0,000
7	155385421	N	0,370	0,478	0,445	0,424	0,121	0,349	0,205	0,221	0,372	0,218	0,223
7	155385465	N	0,465	0,538	0,534	0,522	0,342	0,420	0,551	0,414	0,404	0,486	0,493
8	13016359	N	0,377	0,297	0,333	0,373	0,191	0,309	0,147	0,245	0,515	0,244	0,380
8	13016379	N	0,372	0,295	0,333	0,371	0,190	0,307	0,146	0,241	0,488	0,240	0,378
8	27321272	Y	0,000	0,071	0,070	0,000	0,017	0,000	0,000	0,000	0,000	0,000	0,000
8	32245522	N	0,485	0,600	0,607	0,621	0,772	0,691	0,899	0,692	NA	0,471	0,778
8	32245538	N	0,506	0,399	0,392	0,370	0,228	0,306	0,091	0,308	NA	0,529	0,218
8	32245557	N	0,483	0,600	0,606	0,616	0,767	0,692	0,898	0,675	NA	0,471	0,780
8	41906338	Y	0,000	0,150	0,134	0,204	NA	0,237	NA	0,667	NA	0,667	NA
8	123806187	N	0,509	0,623	0,581	0,593	0,822	0,656	0,860	0,687	0,673	0,712	0,565
8	123806196	N	0,509	0,623	0,583	0,589	0,820	0,651	0,854	0,673	0,673	0,659	0,562
8	123806240	N	0,502	0,618	0,584	0,596	0,822	0,673	0,853	0,701	0,673	0,709	0,567
9	17793818	N	0,489	0,453	NA	0,444	NA	0,320	NA	NA	NA	NA	0,182
9	17793903	N	0,483	0,461	NA	0,423	NA	0,292	NA	NA	NA	NA	0,182
9	73536487	N	0,520	0,485	0,443	0,319	0,150	0,292	0,093	0,121	0,295	0,076	0,209
9	73536492	N	0,521	0,486	0,449	0,315	0,150	0,289	0,093	0,172	0,295	0,063	0,209
9	73536510	N	0,475	0,508	0,549	0,665	0,844	0,717	0,907	0,919	0,710	0,936	0,767
9	86093180	N	0,471	0,429	0,444	0,256	NA	0,192	NA	NA	NA	NA	NA
9	86093237	N	0,470	0,424	0,444	0,256	NA	0,192	NA	NA	NA	NA	NA
9	86093264	N	0,509	NA	NA	NA	NA	NA	NA	NA	NA	NA	NA
9	86093265	N	0,456	0,416	0,423	0,237	NA	0,222	NA	NA	NA	NA	NA
9	104121141	N	0,449	0,405	0,396	0,205	0,111	0,197	0,088	0,077	0,146	0,061	0,190
9	105780616	N	0,513	0,478	0,475	0,295	0,155	0,319	0,077	0,095	0,333	0,094	0,313
9	120004783	N	0,482	0,534	0,534	0,734	0,786	0,733	0,919	0,943	0,630	0,980	0,815
9	135770134	N	0,463	0,450	0,463	0,362	0,093	0,382	0,263	0,021	0,971	0,000	0,340
9	135770300	N	0,455	0,435	0,451	0,363	0,135	0,391	0,211	0,020	0,973	0,016	0,313
9	137653377	N	0,457	0,535	0,556	0,602	0,911	0,706	1,000	1,000	0,963	0,482	0,688
10	12591712	N	0,503	0,531	0,585	0,513	0,684	0,506	0,174	0,103	NA	0,150	0,333
10	12591798	N	0,499	0,548	0,578	0,495	0,655	0,494	0,217	0,148	NA	0,150	0,379
10	23297252	N	0,504	0,445	NA	0,452	0,489	0,336	NA	0,611	NA	NA	0,459
10	23297301	N	0,500	0,528	NA	0,514	0,511	0,657	NA	0,389	NA	NA	0,543
10	23297336	N	0,490	0,543	NA	0,514	0,522	0,648	NA	0,389	NA	NA	0,541
10	23297429	N	0,536	0,472	NA	0,468	0,500	0,366	NA	0,600	NA	NA	0,459
10	25839446	N	0,475	0,494	0,519	0,370	0,563	0,373	0,810	0,767	NA	0,455	0,600
10	42971107	Y	0,000	0,094	0,116	0,000	0,000	0,000	0,000	0,000	0,000	0,000	0,000
10	48480480	N	0,408	0,511	0,486	0,624	NA	0,525	NA	NA	0,906	NA	NA
10	48480489	N	0,592	0,484	0,500	0,335	NA	0,462	NA	NA	0,075	NA	NA
10	55725207	N	0,488	0,489	0,466	0,474	0,392	0,390	0,208	0,114	0,652	0,258	0,474
10	55725234	N	0,498	0,476	0,464	0,459	0,393	0,383	0,207	0,113	0,656	0,272	0,477
10	55725337	N	0,486	0,447	0,460	0,478	0,394	0,395	0,203	0,115	0,649	0,252	0,465
10	95239121	N	0,488	0,481	0,446	0,469	0,430	0,427	0,134	0,075	0,438	0,126	0,420
10	95239183	N	0,480	0,477	0,512	0,490	0,552	0,441	0,830	0,891	0,518	0,852	0,551
10	95239187	N	0,442	0,420	0,448	0,434	0,523	0,505	0,746	0,827	NA	0,784	0,527
10	95239251	N	0,492	0,484	0,450	0,470	0,431	0,433	0,170	0,075	0,434	0,129	0,441
10	120874067	N	0,473	0,478	0,605	0,490	0,495	0,533	0,473	0,776	0,362	0,683	0,437
10	120874086	N	0,463	NA	NA	NA	NA	0,445	NA	NA	NA	NA	NA
10	120874087	N	0,524	0,508	0,403	0,503	0,511	0,450	0,534	0,224	0,630	0,317	0,571
10	120874161	N	0,476	0,472	0,599	0,487	0,484	0,542	0,471	0,822	0,357	0,650	0,386
10	134798532	N	0,511	0,467	0,521	0,573	0,570	0,346	0,479	0,248	0,826	0,432	0,628
10	134798538	N	0,519	0,487	0,528	0,566	0,574	0,346	0,479	0,252	0,826	0,432	0,627
10	134798590	N	0,521	0,479	0,519	0,559	0,571	0,338	0,470	0,235	0,824	0,417	0,623
11	534403	N	0,552	0,560	0,572	0,639	0,727	0,788	0,875	0,939	0,868	0,982	0,837
11	5602605	N	0,494	0,618	0,606	0,562	0,748	0,665	0,932	0,928	0,276	0,877	0,695
11	5809477	N	0,600	0,627	0,575	0,545	NA	0,646	NA	NA	0,691	0,815	NA
11	5809548	N	0,387	0,381	0,391	0,385	0,417	0,295	0,296	0,000	0,121	0,231	NA
11	5809673	N	0,591	0,616	0,600	0,580	0,640	0,706	0,667	1,000	0,891	0,722	0,905
11	5809746	N	0,581	0,611	0,605	0,609	0,500	0,740	0,667	NA	0,923	NA	NA
11	11338117	N	0,487	0,623	0,614	0,606	0,697	0,585	0,903	0,919	0,673	0,870	0,667
11	11338146	N	0,469	0,358	0,373	0,363	0,270	0,378	0,084	0,068	0,291	0,111	0,320
11	11338178	N	0,496	0,374	0,380	0,396	0,302	0,403	0,100	0,078	0,326	0,125	0,336
11	19826548	N	0,523	0,612	0,611	0,513	0,692	0,568	0,981	0,965	0,571	0,925	0,575
11	19826605	Y	0,000	0,224	0,211	0,139	0,240	0,170	0,507	0,335	0,008	0,465	0,168
11	44840660	Y	0,000	0,112	0,089	0,000	0,000	0,000	0,000	0,000	0,000	0,000	0,000
11	44840684	N	0,473	0,510	0,485	0,456	0,627	0,569	0,730	0,846	0,339	0,922	0,555
11	48283979	N	0,491	0,527	0,477	0,532	0,591	0,619	0,886	0,820	0,351	0,888	0,530
11	48284000	N	0,484	0,490	0,517	0,454	0,406	0,375	0,111	0,169	0,639	0,110	0,465
11	48284109	N	0,475	0,489	0,507	0,469	0,401	0,377	0,109	0,167	0,645	0,110	0,456
11	61295579	Y	NA	NA	0,231	NA	NA	NA	NA	NA	NA	NA	NA
11	69976047	N	0,512	0,519	0,503	0,511	0,771	0,495	0,879	0,876	0,396	0,834	0,577
11	69976094	N	0,513	0,501	0,501	0,523	0,755	0,506	0,885	0,876	0,397	0,822	0,584
11	69976138	N	0,511	0,509	0,491	0,493	0,761	0,508	0,879	0,863	0,429	0,834	0,591
11	69976193	N	0,510	0,519	0,515	0,497	0,762	0,497	0,882	0,873	0,398	0,831	0,577
11	75868099	N	0,501	0,608	0,523	0,536	0,806	0,472	NA	0,500	0,692	NA	0,545
11	75868121	N	0,502	0,608	0,545	0,544	0,806	0,463	NA	0,500	0,692	NA	0,529
11	75868241	N	0,516	0,605	0,533	0,534	0,800	0,466	NA	0,500	0,692	NA	0,529
11	75868266	N	0,512	0,592	0,556	0,534	0,721	0,466	NA	0,500	0,692	NA	0,529
11	75868279	N	0,511	0,618	0,545	0,534	0,803	0,466	NA	0,464	0,692	NA	0,529
11	76421195	N	0,510	0,542	0,455	NA	NA	NA	NA	NA	NA	NA	NA
11	76421214	N	0,515	0,542	0,455	NA	NA	NA	NA	NA	NA	NA	NA
11	76421250	N	0,510	0,542	0,455	NA	NA	NA	NA	NA	NA	NA	NA
11	76421307	N	0,499	0,522	0,455	NA	NA	NA	NA	NA	NA	NA	NA
11	76421341	N	0,489	0,542	0,455	NA	NA	NA	NA	NA	NA	NA	NA
11	79087234	N	0,518	0,475	0,445	0,472	0,619	0,485	0,915	0,840	0,304	0,894	0,504
11	79087280	N	0,523	0,476	0,445	0,473	0,619	0,480	0,914	0,841	0,313	0,893	0,519
11	79087291	N	0,518	0,473	0,443	0,500	0,628	0,479	NA	0,835	0,435	0,981	0,515
11	117162689	Y	0,000	0,227	0,197	0,287	0,276	0,000	0,200	0,163	0,000	NA	NA
11	123468933	N	0,494	0,440	0,518	0,519	0,587	0,602	0,864	0,879	0,630	0,771	0,538
11	123468965	N	0,492	0,427	0,496	0,509	0,569	0,588	0,844	0,862	0,577	0,780	0,566
11	123468969	N	0,492	0,427	0,500	0,513	0,585	0,608	0,867	0,862	0,577	0,780	0,570
12	6363713	Y	0,000	0,060	0,062	0,000	0,000	0,000	0,000	0,000	0,000	0,000	0,000
12	6898460	N	0,494	0,231	0,200	0,317	0,366	0,319	0,342	0,143	0,354	0,220	0,261
12	6898521	N	0,498	0,236	0,188	0,329	0,357	0,337	0,351	0,146	0,371	0,232	0,267
12	11904752	N	0,473	0,796	0,789	0,669	0,610	0,707	0,630	0,813	NA	0,744	0,609
12	11904767	N	0,461	0,801	0,784	0,655	0,610	0,715	0,638	0,813	NA	0,744	0,609
12	11904770	N	0,463	0,801	0,784	0,664	0,610	0,710	0,638	0,813	NA	0,744	0,609
12	26891530	N	0,511	0,202	0,269	0,319	0,284	0,326	0,266	0,217	0,478	0,280	0,364
12	27456058	N	0,500	0,797	0,796	0,670	0,752	0,724	0,700	0,782	0,685	0,730	0,687
12	27456156	Y	0,000	0,474	0,482	0,449	0,577	0,492	0,639	0,756	0,379	0,665	0,446
12	28345342	N	0,508	0,216	0,198	0,323	0,227	0,358	0,217	0,260	0,300	0,322	0,364
12	32446991	Y	0,000	0,060	0,114	0,000	0,000	0,000	0,011	0,000	0,000	0,000	0,000
12	40378646	N	0,502	0,629	NA	0,532	0,515	0,463	NA	0,760	NA	NA	0,275
12	40378647	N	0,500	0,629	NA	0,524	0,515	0,463	NA	0,800	NA	NA	0,275
12	40378773	N	0,506	0,636	NA	0,525	0,531	0,403	NA	0,833	NA	NA	0,256
12	40378784	N	0,506	0,633	NA	0,500	0,548	0,403	NA	0,833	NA	NA	0,256
12	95300662	Y	0,000	0,189	0,138	0,107	0,150	0,129	0,025	0,010	0,111	0,011	0,127
12	95300672	N	0,486	0,678	0,653	0,524	0,432	0,463	0,364	0,425	0,444	0,321	0,457
12	122612598	N	0,499	0,694	0,689	0,510	0,467	0,522	0,383	0,394	0,638	0,436	0,446
12	122612625	N	0,498	0,691	0,679	0,508	0,466	0,520	0,388	0,388	0,639	0,438	0,451
12	122612635	N	0,504	0,701	0,673	0,510	0,467	0,522	0,389	0,387	0,638	0,440	0,460
13	39438642	Y	0,000	0,078	0,065	0,085	0,225	0,129	0,583	0,317	0,000	NA	NA
13	46752671	N	0,417	0,291	0,279	0,372	0,286	0,431	0,052	0,176	0,679	0,053	0,373
13	46752698	N	0,413	0,306	0,282	0,383	0,305	0,445	0,132	0,193	0,532	0,059	0,376
13	46752704	N	0,411	0,305	0,282	0,386	0,306	0,442	0,060	0,193	0,540	0,059	0,376
13	46752813	N	0,485	0,323	0,289	0,414	0,332	0,443	0,061	0,210	0,560	0,062	0,414
13	79886557	N	0,518	0,349	0,288	0,426	0,456	0,394	0,145	0,149	0,614	0,179	0,325
13	79886566	N	0,465	0,349	0,283	0,428	0,439	0,381	0,138	0,160	0,614	0,186	0,325
13	79886654	N	0,492	0,655	0,685	0,568	0,537	0,614	0,838	0,852	0,397	0,791	0,661
13	79886677	N	0,501	0,341	0,321	0,437	0,463	0,378	0,145	0,148	0,603	0,198	0,339
13	79935255	N	0,502	0,371	0,301	0,412	0,427	0,364	0,088	0,169	0,000	0,235	0,392
13	79935360	N	0,504	0,364	0,289	0,404	0,404	0,339	0,083	0,173	0,000	0,214	0,385
13	79935401	N	0,497	0,364	0,286	0,402	0,406	0,345	0,083	0,175	0,000	0,200	0,389
13	110909015	N	0,365	0,534	0,612	0,500	0,500	0,530	0,595	0,900	0,277	NA	0,496
13	110909064	N	0,476	0,345	0,272	0,371	0,400	0,361	0,254	0,110	0,466	0,030	0,413
13	110909085	N	0,474	0,342	0,279	0,368	0,397	0,362	0,254	0,059	0,466	0,007	0,405
13	110909089	N	0,521	0,651	0,719	0,589	0,592	0,635	0,746	0,941	0,438	0,993	0,587
14	22392983	N	0,503	0,737	0,846	0,764	0,883	0,773	0,922	0,881	0,804	0,926	0,814
14	22393124	N	0,513	0,747	0,914	0,769	0,912	0,779	0,918	0,912	0,804	0,903	0,813
14	22393148	N	0,510	0,740	0,914	0,769	0,910	0,778	0,918	0,903	0,804	0,903	0,818
14	23103743	N	0,501	0,333	0,324	0,274	0,198	0,345	0,083	0,062	0,385	0,081	0,300
14	33165051	N	0,512	0,389	0,339	0,353	0,266	0,438	0,173	0,119	0,369	0,196	0,482
14	33165084	N	0,516	0,388	0,343	0,349	0,267	0,437	0,174	0,120	0,373	0,189	0,482
14	33165182	N	0,529	0,394	0,357	0,358	0,277	0,444	0,176	0,106	0,364	0,198	0,475
14	41916241	N	0,522	0,252	0,223	0,203	0,253	0,420	NA	0,222	NA	0,133	0,377
14	41916247	N	0,527	0,255	0,223	0,210	0,253	0,420	NA	0,222	NA	0,133	0,377
14	41916268	Y	0,000	0,236	0,263	0,220	0,190	0,000	NA	0,059	NA	0,032	0,151
14	57244325	N	0,505	0,746	0,713	0,723	0,818	0,670	0,933	0,847	0,735	0,914	0,786
14	58055209	N	0,494	0,239	0,272	0,231	0,208	0,398	0,110	0,086	0,201	0,118	0,361
14	58055276	N	0,516	0,254	0,284	0,232	0,213	0,398	0,112	0,086	0,205	0,121	0,362
14	58055281	N	0,519	0,266	0,252	0,228	0,210	0,400	0,111	0,086	0,206	0,118	0,362
14	58055377	N	0,502	0,257	0,268	0,234	0,209	0,398	0,114	0,179	0,542	0,118	0,361
14	94773371	N	0,508	0,714	0,683	0,707	0,779	0,776	0,863	0,894	0,456	0,940	0,719
14	94773395	N	0,501	0,713	0,684	0,710	0,768	0,777	0,863	0,897	0,466	0,944	0,713
14	94773450	N	0,491	0,279	0,313	0,266	0,211	0,220	0,127	0,119	0,547	0,059	0,287
14	97553752	N	0,485	0,712	0,766	0,723	0,732	0,569	0,767	0,842	0,750	0,909	NA
14	97553840	N	0,461	0,000	0,000	0,000	0,000	0,009	0,000	0,000	0,000	0,000	0,000
15	26037844	N	0,510	0,404	0,421	0,498	0,545	0,476	0,474	0,612	0,555	0,519	0,470
15	26037885	N	0,513	0,403	0,402	0,484	0,545	0,466	0,477	0,615	0,554	0,519	0,469
15	26037922	N	0,513	0,399	0,407	0,486	0,545	0,467	0,473	0,618	0,552	0,517	0,487
15	26037940	N	0,518	0,406	0,424	0,491	0,545	0,470	0,473	0,612	0,554	0,519	0,470
15	29908258	N	0,522	0,293	0,400	NA	NA	NA	NA	NA	NA	NA	NA
15	29908263	N	0,523	0,293	0,400	NA	NA	NA	NA	NA	NA	NA	NA
15	60966891	N	0,462	0,365	0,395	0,400	0,327	0,413	0,396	0,243	0,226	0,284	0,397
15	60966927	N	0,479	0,370	0,397	0,395	0,329	0,426	0,411	0,256	0,238	0,290	0,403
15	60966998	N	0,490	0,372	0,382	0,401	0,311	0,424	0,403	0,253	0,238	0,283	0,392
15	92562990	N	0,503	0,392	0,406	0,455	0,338	0,442	0,365	0,371	0,522	0,564	0,359
15	92562993	N	0,503	0,390	0,406	0,451	0,338	0,442	0,363	0,370	0,523	0,561	0,360
15	92563046	N	0,497	0,387	0,399	0,448	0,339	0,439	0,368	0,372	0,530	0,561	0,350
15	92563060	N	0,512	0,395	0,402	0,454	0,339	0,444	0,370	0,374	0,534	0,560	0,351
16	103538	Y	0,000	0,162	0,161	0,178	0,339	0,199	0,647	0,573	0,147	0,632	0,173
16	4740441	N	0,501	0,571	0,586	0,528	0,621	0,483	0,895	0,857	0,523	0,901	0,521
16	4740444	N	0,499	0,562	0,577	0,529	0,637	0,502	0,894	0,868	0,523	0,902	0,536
16	4740477	N	0,497	0,557	0,576	0,522	0,630	0,492	0,888	0,867	0,510	0,895	0,528
16	25160317	N	0,523	0,591	0,590	0,477	0,519	0,448	1,000	0,632	0,532	0,981	0,497
16	50707357	Y	0,000	0,160	0,134	0,172	0,269	0,282	0,038	0,113	0,181	0,027	0,227
16	51795607	N	0,476	0,408	0,407	0,415	0,456	0,505	0,049	0,139	0,727	0,023	0,531
16	51795641	N	0,483	0,421	0,399	0,424	0,455	0,509	0,050	0,134	0,729	0,024	0,529
16	58552901	Y	0,000	0,066	0,009	0,000	0,000	0,000	0,000	0,000	0,000	NA	NA
16	58552921	N	0,486	0,552	0,505	0,500	0,417	0,635	1,000	0,938	0,740	NA	NA
16	70926710	N	0,481	0,456	0,449	0,486	0,506	0,425	0,462	0,437	0,493	0,340	0,466
16	70926724	N	0,478	0,447	0,459	0,473	0,510	0,415	0,449	0,441	NA	0,350	0,475
16	70926768	N	0,482	0,450	0,451	0,478	0,513	0,446	0,461	0,427	0,492	0,330	0,451
16	73126308	Y	0,000	0,162	0,106	0,211	0,250	0,214	0,455	NA	0,000	0,833	NA
16	80704005	N	0,477	0,582	0,559	0,530	0,531	0,525	0,925	0,839	0,434	0,874	0,440
16	80704010	N	0,478	0,574	0,551	0,532	0,537	0,526	0,923	0,841	0,429	0,872	0,440
16	84462543	N	0,527	0,551	0,549	0,486	0,498	0,565	0,826	0,809	0,465	0,924	0,447
16	84462559	N	0,470	0,449	0,451	0,511	0,495	0,446	0,175	0,170	0,535	0,046	0,556
16	84462578	N	0,471	0,451	0,451	0,509	0,490	0,444	0,177	0,170	0,535	0,046	0,557
16	84462591	N	0,471	0,454	0,459	0,508	0,493	0,439	0,177	0,170	0,535	0,046	0,557
16	84462605	N	0,473	0,457	0,456	0,511	0,491	0,446	0,177	0,166	0,535	0,046	0,562
16	84462633	N	0,472	0,457	0,456	0,510	0,491	0,447	0,177	0,166	0,521	0,053	0,566
16	84462659	N	0,470	0,458	0,446	0,506	0,488	0,448	0,179	0,168	0,521	0,045	0,551
16	85045203	N	0,474	0,419	0,396	0,461	0,454	0,557	0,117	0,152	0,493	0,148	0,467
16	87925458	Y	0,000	0,154	0,150	0,181	0,295	0,190	0,623	0,464	0,288	0,707	0,232
17	12895855	N	0,474	0,507	0,537	0,564	0,741	0,832	0,786	NA	0,627	NA	0,469
17	12896074	N	0,509	0,453	0,447	0,415	0,186	0,178	0,190	NA	0,361	NA	0,500
17	16846155	N	0,495	0,458	0,502	0,369	0,261	0,306	0,159	0,143	0,314	0,210	0,382
17	16846176	N	0,493	0,455	0,500	0,373	0,259	0,302	0,159	0,141	0,319	0,210	0,383
17	16846208	N	0,488	0,456	0,498	0,373	0,250	0,293	0,156	0,143	0,313	0,225	0,382
17	16846298	N	0,490	0,459	0,502	0,368	0,261	0,300	0,136	0,145	0,328	0,218	0,369
17	39782707	N	0,514	0,431	0,471	0,399	0,344	0,403	0,220	0,074	0,485	0,202	0,463
17	39782765	Y	0,000	0,190	0,173	0,184	0,256	0,198	0,259	0,485	0,018	0,590	0,292
17	41246803	Y	0,000	0,126	0,143	0,125	0,000	0,059	0,136	NA	0,000	0,000	0,545
17	70883473	N	0,518	0,441	0,507	0,496	0,455	0,309	0,385	0,436	0,746	0,379	0,445
17	70883483	N	0,524	0,442	0,509	0,487	0,452	0,310	0,385	0,436	0,746	0,387	0,453
17	70883493	N	0,530	0,444	0,513	0,494	0,435	0,307	0,385	0,436	0,746	0,393	0,453
17	70883558	N	0,524	0,443	0,505	0,494	0,461	0,318	0,400	0,453	NA	0,379	0,466
18	8299082	N	0,463	0,500	0,437	0,487	0,473	0,528	0,532	0,479	0,471	0,592	0,605
18	8299100	N	0,457	0,500	0,435	0,466	0,469	0,523	0,529	0,469	0,471	0,603	0,599
18	14960409	N	0,501	0,510	0,491	0,526	0,500	0,562	0,513	0,461	0,401	0,630	0,590
18	14960443	N	0,465	0,479	0,496	0,462	0,479	0,428	0,469	0,520	0,496	0,357	0,389
18	14960483	N	0,475	0,477	0,494	0,464	0,492	0,424	0,486	0,522	0,509	0,361	0,395
18	43321412	N	0,430	0,441	NA	NA	NA	NA	NA	NA	NA	NA	NA
18	43321417	N	0,431	0,441	NA	NA	NA	NA	NA	NA	NA	NA	NA
18	43321442	N	0,429	0,441	NA	NA	NA	NA	NA	NA	NA	NA	NA
18	75147897	N	0,529	0,516	0,486	0,488	0,457	0,461	0,419	0,489	0,552	0,457	0,346
18	75148002	N	0,526	0,497	0,487	0,482	0,455	0,465	0,417	0,490	0,552	0,429	0,349
18	75148016	N	0,526	0,497	0,489	0,491	0,452	0,464	0,416	0,490	0,551	0,457	0,351
18	75148028	N	0,518	0,505	0,486	0,485	0,455	0,465	0,414	0,483	0,550	0,460	0,349
19	3750615	N	0,430	0,630	0,586	0,535	0,430	0,443	0,700	0,596	1,000	0,152	0,688
19	3750622	N	0,431	0,628	0,583	0,526	0,430	0,428	NA	0,596	1,000	0,152	0,688
19	3750690	N	0,415	0,616	0,590	0,542	0,444	0,439	0,696	0,566	1,000	0,176	0,649
19	7698760	N	0,498	0,392	0,414	0,460	0,409	0,614	0,460	0,467	0,466	0,564	0,577
19	7698788	N	0,502	0,387	0,393	0,470	0,410	0,616	0,456	0,465	0,458	0,562	0,597
19	7698857	N	0,502	0,399	0,412	0,472	0,406	0,612	0,444	0,483	0,460	0,558	0,596
19	18357398	N	0,481	0,577	0,563	0,505	0,534	0,466	0,491	0,458	0,495	0,489	0,403
19	18357416	N	0,476	0,595	0,573	0,526	0,544	0,461	0,497	0,457	0,552	0,496	0,413
19	33109983	N	0,495	0,606	0,606	0,518	0,456	0,563	0,493	0,541	0,403	0,378	0,407
19	33110047	N	0,491	0,601	0,600	0,508	0,454	0,543	0,493	0,523	0,406	0,382	0,399
19	33110058	N	0,489	0,600	0,602	0,511	0,451	0,541	0,489	0,529	0,402	0,384	0,398
19	33110149	N	0,465	0,525	0,537	0,451	0,329	0,470	0,371	0,379	0,363	0,295	0,297
19	36036816	Y	NA	0,218	0,333	0,500	NA	NA	NA	NA	NA	NA	NA
19	44331594	N	0,645	0,580	0,581	0,548	0,500	0,397	0,545	0,250	0,156	0,524	NA
19	44331613	N	0,646	0,582	0,597	0,536	0,480	0,380	0,524	0,250	0,174	0,524	NA
19	57983794	N	0,561	0,648	0,675	0,632	0,556	0,370	0,512	0,412	0,884	0,480	NA
19	57983805	N	0,560	0,638	0,664	0,628	0,556	0,380	0,581	0,441	0,884	0,480	0,769
19	57983897	N	0,502	0,628	0,643	0,609	0,475	0,345	0,474	0,375	0,863	0,457	0,453
19	57983911	N	0,497	0,625	0,643	0,606	0,492	0,347	0,474	0,375	0,877	0,457	0,733
19	57984045	N	0,467	0,593	0,611	0,579	0,483	0,315	0,366	0,326	0,844	0,417	0,702
19	57984063	N	0,463	0,593	0,603	0,591	0,483	0,330	0,359	0,341	0,848	0,417	0,510
19	57984096	N	0,460	0,599	0,605	0,584	0,483	0,330	0,350	0,341	0,844	0,417	0,500
19	58790675	N	0,521	0,360	0,403	0,434	0,440	0,510	0,480	0,580	0,746	0,604	0,522
19	58790807	N	0,513	0,359	0,400	0,418	0,420	0,506	0,468	0,569	0,722	0,603	0,512
20	3527524	N	0,525	0,349	0,359	0,456	0,417	0,397	0,279	0,266	0,466	0,260	0,467
20	3527531	N	0,529	0,353	0,365	0,457	0,429	0,396	0,289	0,280	0,474	0,265	0,467
20	3527582	N	0,514	0,363	0,368	0,484	0,433	0,404	0,315	0,275	0,455	0,247	0,479
20	12223912	N	0,516	0,365	0,351	0,540	0,406	0,404	0,256	0,227	0,974	0,203	0,512
20	24418504	N	0,484	0,354	0,364	0,450	0,339	0,293	0,298	0,337	0,938	0,311	0,473
20	24418544	N	0,493	0,354	0,362	0,450	0,331	0,303	0,299	0,337	0,910	0,323	0,481
20	24418579	N	0,495	0,354	0,361	0,445	0,323	0,303	0,296	0,332	0,866	0,353	0,481
20	32798730	N	0,462	0,643	0,628	0,547	0,654	0,719	0,743	0,721	0,495	0,884	0,459
20	36559239	N	0,531	0,357	0,393	0,444	0,276	0,302	0,254	0,279	0,513	0,254	0,481
20	36559245	N	0,529	0,356	0,388	0,436	0,281	0,294	0,251	0,275	0,511	0,244	0,470
20	39414924	N	0,497	0,372	0,373	0,567	0,357	0,380	0,307	0,387	0,786	0,242	0,185
20	39414989	N	0,496	0,368	0,375	0,544	0,332	0,369	0,323	0,367	0,775	0,221	0,167
20	39414995	N	0,500	0,380	0,373	0,541	0,335	0,374	0,325	0,367	0,779	0,215	0,157
20	53267576	N	0,471	0,642	0,586	0,506	0,699	0,594	0,756	0,686	0,538	0,757	0,680
20	53267627	N	0,529	0,364	0,278	0,481	0,327	0,411	0,206	0,263	0,476	0,182	0,262
20	53267635	N	0,488	0,355	0,294	0,500	0,340	0,423	0,234	0,259	0,476	0,186	0,262
20	60500579	N	0,484	0,381	0,362	0,470	0,322	0,345	0,302	0,220	0,268	0,319	0,414
20	60500603	N	0,477	0,353	0,363	0,483	0,321	0,347	0,299	0,224	0,270	0,307	0,419
20	61287981	Y	NA	0,272	0,289	0,433	0,417	0,298	0,374	0,672	0,426	0,319	0,357
21	15649486	N	0,510	0,620	0,500	0,396	0,351	0,413	0,533	0,552	0,130	0,347	0,496
21	15649522	N	0,514	0,626	0,517	0,398	0,342	0,409	0,533	0,552	0,114	0,347	0,475
21	15649526	N	0,515	0,624	0,517	0,399	0,351	0,416	0,533	0,552	0,114	0,342	0,500
21	22512500	N	0,484	0,529	0,595	0,387	0,412	0,355	0,459	0,471	NA	0,293	0,445
21	22512560	N	0,474	0,408	0,292	0,556	0,538	0,548	0,444	0,435	NA	0,592	0,492
21	22512563	N	0,521	0,588	0,708	0,457	0,462	0,436	0,565	0,565	NA	0,400	0,515
21	22512606	N	0,480	0,402	0,292	0,528	0,525	0,558	0,435	0,426	NA	0,600	0,469
21	22512626	N	0,484	0,412	0,292	0,528	0,526	0,553	0,435	0,426	NA	0,600	0,465
21	44141357	N	0,439	0,619	0,635	0,559	0,382	0,302	0,486	0,345	0,430	0,490	NA
21	44141449	N	0,468	0,620	0,645	0,561	0,387	0,313	0,489	0,341	0,462	0,492	0,487
21	44141480	N	0,468	0,622	0,650	0,559	0,387	0,313	0,548	0,341	0,468	0,515	NA
22	19593344	N	0,525	0,679	0,686	0,679	0,740	0,657	0,853	0,762	0,433	0,735	0,694
22	19593434	N	0,516	0,683	0,695	0,678	0,749	0,643	0,852	0,760	0,420	0,734	0,682
22	19621011	N	0,523	0,658	0,713	0,714	0,756	0,722	0,812	0,804	0,695	0,773	0,701
22	19627431	N	0,500	0,683	0,714	0,702	0,763	0,695	0,875	0,800	0,468	0,858	0,638
22	19682621	N	0,479	0,321	0,276	0,276	0,297	0,346	0,163	0,199	0,318	0,194	0,257
22	19682627	N	0,505	0,318	0,277	0,279	0,292	0,349	0,165	0,202	0,333	0,194	0,264
22	20755226	N	0,361	0,213	0,248	0,221	0,156	0,252	0,068	0,098	0,252	0,143	0,193
22	20755240	N	0,371	NA	NA	NA	NA	NA	NA	NA	NA	NA	NA
22	20755340	N	0,496	0,290	0,322	0,304	0,255	0,351	0,143	0,151	0,336	0,200	0,266
22	22015144	N	0,454	0,294	0,336	0,258	0,254	0,228	0,141	0,223	0,564	0,120	0,419
22	22015234	N	0,454	0,661	0,625	0,693	0,690	0,744	0,815	0,706	0,430	0,792	0,522
22	22015242	N	0,549	0,316	0,359	0,265	0,275	0,247	0,150	0,275	0,543	0,171	0,473
22	22027617	N	0,424	0,559	0,660	0,548	0,714	0,612	0,790	0,636	0,372	0,738	0,643
22	22027710	N	0,575	0,434	0,336	0,467	0,273	0,408	0,221	0,361	0,622	0,248	0,360
22	22532653	N	0,507	0,303	0,281	0,252	0,278	0,262	0,164	0,174	0,351	0,198	0,398
22	22532765	N	0,499	0,304	0,282	0,249	0,286	0,258	0,163	0,158	0,342	0,204	0,402
22	24159244	N	0,464	0,681	0,698	0,695	0,729	0,644	0,792	0,752	0,575	0,754	0,703
22	24159276	N	0,486	0,674	0,707	0,726	0,730	0,668	0,806	0,782	0,583	0,774	0,730
22	24159307	N	0,518	0,322	0,294	0,289	0,265	0,332	0,182	0,221	0,375	0,225	0,269
22	24159321	N	0,484	0,687	0,703	0,699	0,736	0,676	0,808	0,780	0,581	0,768	0,722
22	24159326	N	0,478	0,675	0,716	0,714	0,730	0,675	0,806	0,785	0,581	0,757	0,724
22	24159452	N	0,500	0,663	0,720	0,718	0,736	0,676	0,807	0,791	0,591	0,773	0,730
22	29533346	Y	0,000	0,111	0,099	0,082	0,152	0,195	0,399	0,334	0,179	0,336	0,113
22	34256853	N	0,490	0,573	0,606	0,564	0,574	0,540	0,510	0,558	0,530	0,491	0,596
22	34256860	N	0,507	0,573	0,605	0,563	0,576	0,529	0,511	0,564	0,569	0,503	0,586
22	34256908	N	0,493	0,584	0,589	0,546	0,568	0,534	0,510	0,562	0,566	0,468	0,585
22	34256919	N	0,506	0,570	0,610	0,560	0,569	0,515	0,511	0,559	0,567	0,502	0,585
22	34256923	N	0,501	0,563	0,600	0,566	0,573	0,528	0,511	0,561	0,566	0,502	0,585
22	34256943	N	0,503	0,420	0,389	0,410	0,434	0,462	0,487	0,439	0,257	0,497	0,394
22	36537500	N	0,496	0,356	0,370	0,423	0,354	0,502	0,519	0,416	0,720	0,648	0,319
22	43356128	N	0,507	0,391	NA	0,261	NA	0,245	NA	0,200	NA	0,500	0,211
22	43356129	N	0,486	0,376	NA	0,261	NA	0,245	0,350	0,200	NA	0,478	0,211
22	43356130	N	0,540	0,441	NA	0,418	NA	0,345	0,400	0,200	0,500	0,478	0,333
22	44541350	N	0,573	0,511	0,514	0,467	0,355	0,480	0,357	0,306	0,536	0,335	0,404
22	44541359	N	0,422	0,486	0,485	0,535	0,643	0,515	0,643	0,690	0,464	0,665	0,593
22	44541404	N	0,572	0,514	0,513	0,469	0,350	0,476	0,354	0,296	0,532	0,335	0,405