Chromosome	Start	Somatic variant	Reference	CIS_73	CIS_32	EC_75	EC_85	EC_19	EB_22	EB_23	EB_24	EB_25	EB_26	EB_33	EB_87	TE_72	TE_74	TE_84	TE_86	YST_20	YST_88
1	11288744	Y	0,000	NA	0,000	NA	0,341	0,166	0,412	0,053	0,254	0,426	0,459	0,241	0,250	NA	NA	0,346	0,109	0,181	0,172
1	11505046	N	0,482	0,575	0,627	0,691	0,658	0,521	0,416	0,979	0,641	0,386	0,648	0,539	0,582	0,508	0,401	0,660	0,472	0,534	0,617
1	11505112	N	0,480	0,570	0,623	0,682	0,651	0,518	0,411	0,976	0,637	0,389	0,651	0,535	0,578	0,494	0,391	0,663	0,469	0,532	0,617
1	11505114	N	0,517	0,430	0,377	0,317	0,348	0,478	0,585	0,022	0,363	0,611	0,348	0,471	0,422	0,504	0,610	0,334	0,527	0,465	0,383
1	11505118	N	0,478	NA	0,623	NA	0,663	0,511	0,414	0,962	0,629	0,381	0,650	0,545	0,551	NA	NA	0,658	0,460	0,533	0,607
1	24882927	N	0,489	0,403	0,540	0,643	0,678	0,545	0,489	0,975	0,499	0,604	0,546	0,543	0,572	0,500	0,407	0,670	0,523	0,535	0,534
1	195048866	N	0,488	0,749	0,474	0,623	0,656	0,555	0,387	0,915	0,591	0,535	0,750	0,629	0,787	0,645	0,510	0,612	0,677	0,560	0,646
1	195048877	N	0,489	0,746	0,474	0,623	0,652	0,555	0,385	0,917	0,589	0,538	0,752	0,636	0,786	0,653	0,513	0,619	0,673	0,560	0,643
1	195048913	N	0,493	0,758	0,464	0,629	0,657	0,561	0,385	0,917	0,589	0,538	0,754	0,634	0,794	0,671	0,516	0,628	0,675	0,561	0,650
1	204323155	N	0,493	0,615	0,614	0,327	0,304	0,415	0,324	0,069	0,341	0,335	0,265	0,388	0,411	0,373	0,510	0,346	0,314	0,437	0,355
1	204323239	N	0,505	0,623	0,620	0,347	0,305	0,439	0,335	0,068	0,342	0,338	0,267	0,396	0,411	0,384	0,511	0,343	0,316	0,438	0,356
1	204323274	N	0,503	0,626	0,620	0,330	0,301	0,408	0,330	0,068	0,339	0,335	0,274	0,395	0,414	0,379	0,503	0,350	0,299	0,432	0,353
1	204459786	N	0,500	NA	NA	NA	0,340	0,412	0,598	0,099	0,252	0,207	0,333	0,483	NA	NA	NA	0,348	0,259	0,437	0,310
1	204977799	N	0,499	0,429	0,515	0,332	0,321	0,455	0,348	0,113	0,478	0,208	0,468	0,466	0,398	0,343	0,525	0,362	0,330	0,444	0,383
1	210344858	N	0,511	0,352	0,531	0,674	0,673	0,577	0,479	0,946	0,556	0,801	0,733	0,578	0,529	0,621	0,512	0,610	0,664	0,544	0,683
1	210344861	N	0,512	0,359	0,532	0,672	0,676	0,577	0,480	0,946	0,556	0,803	0,734	0,580	0,530	0,622	0,517	0,611	0,652	0,546	0,686
1	210344911	N	0,520	0,356	0,532	0,677	0,671	0,576	0,475	0,946	0,555	0,806	0,737	0,585	0,531	0,615	0,504	0,600	0,666	0,547	0,684
2	9580466	N	0,491	0,562	0,383	0,325	0,322	0,363	0,221	0,340	0,248	0,297	0,066	0,365	0,271	0,247	0,395	0,373	0,370	0,392	0,374
2	9580540	N	0,497	0,599	0,431	0,305	0,336	0,365	0,216	0,343	0,253	0,304	0,047	0,378	0,273	0,256	0,384	0,366	0,372	0,395	0,379
2	10136845	N	0,504	0,645	0,491	0,331	0,332	0,370	0,238	0,617	0,267	0,227	0,196	0,418	0,425	0,392	0,423	0,421	0,359	0,412	0,405
2	10136855	N	0,501	0,647	0,505	0,332	0,328	0,374	0,241	0,620	0,268	0,227	0,196	0,421	0,430	0,392	0,421	0,417	0,360	0,414	0,406
2	10136936	N	0,508	0,636	0,511	0,324	0,334	0,373	0,238	0,620	0,269	0,232	0,200	0,425	0,428	0,382	0,412	0,421	0,360	0,413	0,407
2	12280396	N	0,556	0,690	0,539	0,707	0,728	0,646	0,598	0,700	0,832	0,526	0,831	0,749	0,790	0,682	0,626	0,701	0,652	0,622	0,719
2	12280472	N	0,578	0,388	0,488	0,698	0,725	0,646	0,600	0,679	0,817	0,509	0,827	0,746	0,740	0,694	0,629	0,692	0,661	0,619	0,724
2	12280491	N	0,589	0,580	0,521	0,696	0,740	0,651	0,600	0,678	0,818	0,508	0,824	0,744	0,798	0,691	0,631	0,697	0,660	0,631	0,726
2	12280509	N	0,590	0,714	0,514	0,701	0,733	0,653	0,597	0,676	0,819	0,505	0,825	0,746	0,800	0,697	0,629	0,694	0,654	0,621	0,724
2	51254778	Y	NA	NA	NA	NA	NA	0,252	0,219	0,321	0,192	NA	NA	NA	NA	NA	NA	0,500	NA	0,210	NA
2	73900090	Y	0,000	NA	NA	NA	0,331	0,279	0,261	0,254	0,322	0,586	0,286	NA	NA	NA	NA	0,295	0,278	0,166	0,241
2	78023861	N	0,487	NA	0,443	NA	0,331	0,390	0,408	0,383	0,384	0,319	0,487	0,203	0,390	NA	NA	0,375	0,371	0,437	0,349
2	78023932	N	0,490	0,451	0,448	0,352	0,339	0,393	0,417	0,387	0,386	0,315	0,489	0,216	0,393	0,307	0,412	0,375	0,374	0,431	0,353
2	129151244	N	0,471	0,622	0,425	0,323	0,333	0,448	0,361	0,313	0,304	0,381	0,466	0,419	0,302	0,416	0,462	0,434	0,383	0,442	0,366
2	129151284	N	0,478	0,625	0,419	0,333	0,340	0,450	0,360	0,312	0,304	0,382	0,463	0,419	0,304	0,416	0,469	0,438	0,387	0,443	0,370
2	129151298	N	0,478	0,623	0,418	0,335	0,341	0,452	0,361	0,312	0,306	0,382	0,466	0,419	0,304	0,420	0,475	0,437	0,387	0,444	0,372
2	129151338	N	0,481	0,653	0,434	0,339	0,346	0,453	0,365	0,310	0,309	0,373	0,464	0,417	0,300	0,455	0,475	0,442	0,386	0,443	0,363
2	129151398	N	0,505	0,725	0,450	0,382	0,345	0,451	0,370	0,309	0,310	0,378	0,456	0,430	0,304	0,544	0,523	0,448	0,393	0,444	0,370
2	140604808	N	0,486	0,330	0,310	0,400	0,340	0,458	0,225	0,371	0,423	0,386	0,719	0,399	0,332	0,386	0,444	0,393	0,378	0,443	0,370
2	140604829	Y	0,000	0,016	0,000	0,379	0,332	0,301	0,225	0,371	0,381	0,387	0,720	0,347	0,330	0,318	0,430	0,344	0,290	0,217	0,263
2	149915510	N	0,490	0,512	0,447	0,536	0,503	0,514	0,742	0,389	0,708	0,625	0,458	0,460	0,677	0,528	0,563	0,555	0,473	0,529	0,454
2	149915528	N	0,487	0,512	0,447	0,538	0,505	0,510	0,745	0,389	0,707	0,625	0,456	0,461	0,677	0,531	0,570	0,550	0,473	0,532	0,459
2	149915594	N	0,490	0,512	0,446	0,537	0,501	0,522	0,745	0,388	0,712	0,629	0,458	0,461	0,672	0,524	0,561	0,539	0,471	0,532	0,458
2	149915632	N	0,501	0,354	0,534	0,456	0,498	0,493	0,254	0,608	0,286	0,366	0,525	0,528	0,328	0,467	0,436	0,442	0,523	0,456	0,532
2	154730984	N	0,539	0,355	0,571	0,545	0,506	0,504	0,650	0,406	0,335	0,172	0,184	0,486	0,243	0,586	0,487	0,454	0,510	0,475	0,473
2	154730989	N	0,525	0,350	0,559	0,551	0,504	0,501	0,646	0,415	0,334	0,174	0,184	0,491	0,234	0,604	0,478	0,445	0,504	0,472	0,472
2	154730997	N	0,559	0,380	0,563	0,599	0,509	0,516	0,649	0,419	0,345	0,185	0,198	0,511	0,240	0,642	0,514	0,452	0,511	0,483	0,476
2	154731055	N	0,574	0,375	0,577	0,607	0,509	0,529	0,652	0,430	0,347	0,186	0,207	0,540	0,241	0,641	0,531	0,453	0,510	0,490	0,477
2	235941661	N	0,502	0,613	0,581	0,516	0,478	0,518	0,576	0,421	0,535	0,678	0,792	0,444	0,415	0,486	NA	0,515	0,522	0,536	0,478
2	235941695	Y	0,000	0,014	0,000	0,462	0,471	0,338	0,422	0,464	0,402	0,322	0,204	0,467	0,491	0,442	0,477	0,426	0,385	0,240	0,360
2	241758155	N	0,572	NA	0,652	NA	0,527	0,467	0,523	0,456	0,710	0,630	0,714	0,556	0,548	NA	NA	0,634	0,569	0,546	0,576
2	241758161	N	0,577	NA	0,652	NA	0,530	0,462	0,525	0,456	0,710	0,630	0,714	0,552	0,609	NA	NA	0,632	0,569	0,551	0,577
2	241760574	N	0,506	NA	0,538	NA	0,497	0,446	0,494	0,493	0,519	0,492	0,550	0,526	0,556	NA	NA	0,571	0,511	0,498	0,524
3	13679688	N	0,491	0,306	0,623	0,485	0,519	0,472	0,349	0,726	0,293	0,238	0,720	0,418	0,479	0,418	0,479	0,575	0,520	0,544	0,433
3	13679695	N	0,488	0,296	0,620	0,480	0,519	0,472	0,351	0,726	0,294	0,241	0,721	0,416	0,471	0,420	0,473	0,575	0,518	0,544	0,435
3	13679708	N	0,483	0,302	0,621	0,483	0,520	0,472	0,352	0,726	0,295	0,236	0,719	0,417	0,475	0,424	0,473	0,575	0,515	0,522	0,429
3	84687827	Y	0,000	NA	NA	NA	0,454	0,348	0,136	0,222	0,150	NA	1,000	NA	NA	NA	NA	0,503	0,417	0,275	0,286
3	121976471	N	0,474	NA	NA	NA	NA	0,474	NA	NA	NA	NA	NA	NA	NA	NA	NA	0,443	NA	0,411	NA
3	179465626	N	0,492	0,502	0,667	0,418	0,508	0,476	0,669	0,616	0,503	0,015	0,137	0,516	0,339	0,477	0,517	0,546	0,448	0,505	0,535
3	179465638	N	0,497	0,498	0,680	0,415	0,508	0,476	0,674	0,619	0,503	0,015	0,133	0,518	0,339	0,475	0,517	0,544	0,448	0,495	0,536
3	190341241	N	0,516	0,504	0,292	0,500	0,474	0,496	0,669	0,391	0,667	0,574	0,576	0,463	0,386	0,530	0,559	0,465	0,509	0,504	0,391
3	190341292	N	0,522	0,521	0,284	0,505	0,461	0,489	0,668	0,393	0,667	0,575	0,585	0,466	0,392	0,535	0,571	0,472	0,505	0,489	0,390
3	190341342	N	0,521	0,517	0,307	0,501	0,466	0,499	0,668	0,389	0,662	0,579	0,579	0,476	0,387	0,534	0,578	0,461	0,494	0,494	0,396
3	197410024	N	0,652	NA	NA	NA	0,468	0,535	0,331	0,392	0,256	0,032	0,813	0,436	NA	NA	NA	0,592	0,602	0,526	0,583
4	7436702	Y	0,000	0,000	0,000	0,000	0,000	0,052	0,000	0,000	0,000	0,000	0,000	0,000	0,000	0,000	0,000	0,000	0,000	0,000	0,000
4	38990230	N	0,497	0,461	0,349	0,031	0,030	0,171	0,000	0,073	0,051	0,000	0,000	0,090	0,075	0,078	0,012	0,063	0,105	0,231	0,133
4	38990265	N	0,493	0,467	0,336	0,031	0,027	0,167	0,000	0,072	0,053	0,000	0,000	0,090	0,073	0,066	0,000	0,066	0,096	0,232	0,132
4	38990271	N	0,479	0,456	0,345	0,029	0,021	0,156	0,000	0,071	0,047	0,000	0,000	0,084	0,072	0,074	0,000	0,055	0,104	0,226	0,133
4	48174141	N	0,479	0,551	NA	0,013	0,014	0,167	0,000	0,075	0,000	0,000	0,000	0,125	0,114	0,073	0,016	0,069	0,119	0,226	0,198
4	48174161	N	0,475	0,295	NA	0,013	0,014	0,167	0,000	0,075	0,000	0,000	0,000	0,125	0,091	0,084	0,016	0,067	0,116	0,208	0,202
4	48174173	N	0,476	0,295	NA	0,013	0,014	0,167	0,000	0,075	0,000	0,000	0,000	0,125	0,091	0,073	0,021	0,067	0,117	0,208	0,202
4	48174251	N	0,480	0,317	NA	0,014	0,012	0,169	0,000	0,080	0,000	0,000	0,000	0,109	0,100	0,065	0,008	0,072	0,116	0,208	0,198
4	48174269	N	0,522	0,410	NA	0,986	0,988	0,831	1,000	0,932	1,000	1,000	1,000	0,891	0,846	0,922	0,984	0,926	0,881	0,774	0,802
4	48174288	N	0,481	0,308	NA	0,014	0,012	0,169	0,000	0,056	0,000	0,000	0,000	0,113	0,108	0,080	0,016	0,072	0,122	0,204	0,200
4	87260813	N	0,500	NA	NA	NA	0,959	0,834	NA	0,974	NA	NA	1,000	NA	NA	NA	NA	0,913	0,871	0,737	NA
4	87260862	N	0,495	NA	NA	NA	0,949	0,835	NA	1,000	NA	NA	1,000	NA	NA	NA	NA	0,921	0,813	0,715	NA
4	87260918	N	0,491	NA	NA	NA	0,962	0,833	NA	1,000	NA	NA	1,000	NA	NA	NA	NA	0,924	0,844	0,738	NA
4	117446376	N	0,502	0,394	NA	0,025	0,029	0,130	0,029	0,000	0,000	0,000	0,000	0,024	0,063	0,020	0,014	0,074	0,128	0,198	0,098
4	117446416	N	0,499	0,443	NA	0,025	0,029	0,131	0,029	0,000	0,000	0,000	0,000	0,023	0,063	0,021	0,012	0,076	0,135	0,190	0,096
4	117446442	N	0,508	0,446	NA	0,025	0,028	0,131	0,026	0,000	0,000	0,000	0,000	0,023	0,063	0,021	0,013	0,075	0,135	0,195	0,095
4	142001608	N	0,472	0,708	NA	0,958	0,959	0,851	1,000	1,000	0,876	1,000	1,000	0,888	0,894	0,885	0,972	0,943	0,857	0,679	0,882
4	142001670	N	0,477	0,661	NA	0,959	0,962	0,851	1,000	1,000	0,872	1,000	1,000	0,882	0,886	0,878	0,976	0,947	0,861	0,675	0,897
4	142001679	N	0,475	0,672	NA	0,959	0,962	0,852	1,000	1,000	0,872	1,000	1,000	0,882	0,897	0,878	0,974	0,948	0,863	0,672	0,895
4	142001727	N	0,468	0,655	NA	0,955	0,965	0,857	1,000	1,000	0,870	1,000	1,000	0,887	0,915	0,873	0,981	0,948	0,864	0,678	0,897
4	142001731	N	0,466	0,655	NA	0,955	0,964	0,853	1,000	1,000	0,874	1,000	1,000	0,887	0,915	0,873	0,973	0,948	0,864	0,676	0,895
4	142001744	N	0,468	0,397	NA	0,955	0,964	0,857	1,000	1,000	0,835	1,000	1,000	0,887	0,817	0,871	0,975	0,948	0,865	0,684	0,896
4	149766375	Y	0,000	0,026	0,000	0,461	0,472	0,337	0,419	0,351	0,257	0,507	0,458	0,417	0,463	0,404	0,486	0,405	0,397	0,248	0,319
4	149766492	N	0,480	0,760	0,718	0,971	0,952	0,828	1,000	1,000	0,844	0,905	0,876	0,896	0,959	0,917	0,972	0,911	0,873	0,753	0,837
4	167951933	N	0,519	0,199	0,283	0,019	0,039	0,167	0,000	0,065	0,016	0,000	0,000	0,033	0,112	0,083	0,015	0,050	0,114	0,272	0,099
4	167951966	N	0,513	0,182	0,283	0,015	0,038	0,163	0,000	0,063	0,011	0,000	0,000	0,033	0,110	0,067	0,010	0,050	0,109	0,273	0,098
4	167951994	N	0,517	0,181	0,298	0,010	0,038	0,168	0,000	0,063	0,014	0,000	0,000	0,034	0,110	0,064	0,011	0,051	0,108	0,273	0,100
4	168860531	Y	0,000	0,014	0,039	0,513	0,462	0,308	0,642	0,456	0,258	0,378	0,396	0,333	0,295	0,419	0,479	0,436	0,403	0,272	0,293
4	186628572	N	0,495	0,632	0,927	0,978	0,989	0,828	1,000	0,978	0,796	1,000	1,000	0,945	0,820	0,916	1,000	0,937	0,891	0,830	0,904
4	186628694	N	0,525	0,662	0,944	0,976	0,989	0,831	1,000	0,979	0,799	1,000	1,000	0,941	0,834	0,913	1,000	0,943	0,892	0,846	0,909
4	186628721	N	0,527	0,668	0,943	0,977	0,990	0,831	1,000	0,979	0,796	1,000	1,000	0,944	0,833	0,911	1,000	0,941	0,889	0,846	0,907
4	186628753	N	0,469	0,332	0,059	0,026	0,011	0,161	0,000	0,020	0,201	0,000	0,000	0,057	0,130	0,089	0,000	0,057	0,111	0,149	0,089
5	1473977	N	0,443	NA	NA	NA	0,486	0,465	0,733	0,891	0,492	0,447	0,500	NA	NA	NA	NA	0,677	0,388	0,488	0,556
5	13774014	N	0,496	0,462	0,363	0,405	0,441	0,398	0,370	0,043	0,321	0,286	0,418	0,282	0,333	0,418	0,327	0,301	0,543	0,432	0,407
5	13774029	N	0,411	0,624	0,582	0,498	0,504	0,267	0,649	0,753	0,686	0,632	0,385	0,456	0,482	0,342	0,347	0,510	0,378	0,288	0,515
5	13774115	N	0,515	0,623	0,394	0,420	0,439	0,406	0,354	0,041	0,316	0,275	0,398	0,290	0,389	0,418	0,363	0,311	0,542	0,457	0,399
5	33667640	N	0,463	NA	NA	NA	0,431	0,390	NA	0,028	NA	NA	NA	NA	NA	NA	NA	0,380	NA	0,381	NA
5	33667753	N	0,438	NA	NA	NA	0,420	0,387	NA	0,029	NA	NA	NA	NA	NA	NA	NA	0,333	NA	0,385	NA
5	33667805	N	0,484	NA	NA	NA	0,532	0,607	NA	0,972	NA	NA	NA	NA	NA	NA	NA	0,683	NA	0,596	NA
5	134782414	N	0,539	NA	NA	NA	0,686	0,619	0,746	0,830	0,641	0,960	0,800	NA	NA	NA	NA	0,645	NA	0,617	NA
5	134782450	N	0,563	NA	NA	NA	0,653	0,623	0,745	0,817	0,629	0,958	0,833	NA	NA	NA	NA	0,627	NA	0,614	NA
5	134782510	N	0,481	NA	NA	NA	0,652	0,611	0,745	0,824	0,629	0,955	0,826	NA	NA	NA	NA	0,600	NA	0,624	NA
5	150696447	N	0,522	0,809	0,368	0,682	0,671	0,642	0,607	0,845	0,715	0,329	0,708	0,623	0,635	0,697	0,672	0,672	0,556	0,660	0,620
5	150696498	N	0,527	0,588	0,366	0,677	0,671	0,648	0,604	0,848	0,718	0,329	0,708	0,623	0,556	0,699	0,679	0,683	0,546	0,643	0,622
5	150696540	N	0,533	0,827	0,364	0,679	0,666	0,640	0,606	0,847	0,719	0,327	0,709	0,622	0,633	0,700	0,674	0,679	0,543	0,641	0,624
5	164368812	N	0,553	NA	NA	0,418	0,430	0,367	0,500	0,208	0,331	0,456	0,214	0,493	0,446	0,357	0,386	0,354	0,540	0,435	0,528
5	164368821	N	0,547	0,625	NA	0,409	0,429	0,360	0,502	0,200	0,341	0,473	0,215	0,486	0,467	0,393	0,389	0,351	0,541	0,450	0,522
5	164368891	N	0,521	0,571	NA	0,380	0,399	0,387	0,495	0,182	0,314	0,449	0,189	0,419	0,431	0,300	0,371	0,330	0,515	0,445	0,473
5	176918124	Y	0,000	NA	NA	NA	0,327	0,244	0,259	0,000	0,228	0,152	0,269	0,500	NA	NA	NA	0,370	0,320	0,184	0,455
6	43749110	N	0,532	0,431	0,663	0,678	0,681	0,662	0,809	0,840	0,660	0,674	0,819	0,668	0,604	0,659	0,690	0,685	0,664	0,666	0,654
6	43749163	N	0,536	0,747	0,668	0,679	0,677	0,656	0,805	0,840	0,747	0,684	0,818	0,670	0,670	0,674	0,697	0,688	0,657	0,669	0,652
6	43749230	N	0,542	0,761	0,671	0,687	0,698	0,669	0,804	0,841	0,752	0,690	0,823	0,675	0,669	0,681	0,729	0,702	0,660	0,671	0,660
6	86656645	N	0,467	0,265	0,531	0,350	0,320	0,396	0,274	0,535	0,527	0,678	0,347	0,332	0,350	0,325	0,347	0,297	0,373	0,387	0,438
6	86656653	N	0,461	0,269	0,531	0,351	0,318	0,396	0,274	0,542	0,527	0,674	0,346	0,331	0,347	0,323	0,340	0,288	0,372	0,379	0,440
6	86656733	N	0,459	0,252	0,515	0,342	0,323	0,393	0,271	0,543	0,527	0,675	0,343	0,327	0,347	0,305	0,354	0,299	0,366	0,378	0,429
6	93823462	Y	0,000	0,000	0,000	0,421	0,453	0,336	0,648	0,297	0,338	0,550	0,776	0,359	0,439	0,353	0,476	0,452	0,357	0,232	0,384
6	95066652	N	0,512	0,312	0,609	0,503	0,515	0,499	0,435	0,509	0,580	0,481	0,444	0,449	0,571	0,483	0,481	0,552	0,493	0,454	0,476
6	95066744	N	0,508	0,324	0,595	0,516	0,519	0,501	0,441	0,503	0,583	0,488	0,432	0,450	0,560	0,482	0,483	0,551	0,495	0,449	0,477
6	103718071	N	0,491	0,601	0,296	0,525	0,497	0,475	0,480	0,524	0,602	0,693	0,461	0,655	0,363	0,503	0,507	0,447	0,491	0,490	0,494
6	103718105	N	0,493	0,467	0,285	0,521	0,481	0,479	0,480	0,523	0,524	0,690	0,459	0,659	0,358	0,503	0,508	0,440	0,488	0,485	0,492
6	103718120	N	0,492	0,602	0,292	0,522	0,501	0,477	0,481	0,525	0,602	0,695	0,465	0,658	0,361	0,500	0,494	0,447	0,495	0,484	0,489
6	149665852	N	0,499	0,399	0,280	0,472	0,479	0,511	0,509	0,280	0,483	0,539	0,450	0,387	0,443	0,456	0,547	0,498	0,488	0,483	0,444
6	156305059	N	0,482	0,372	0,628	0,534	0,480	0,523	0,512	0,390	0,475	0,504	0,325	0,557	0,309	0,505	0,528	0,549	0,500	0,468	0,550
6	156305093	N	0,490	0,399	0,632	0,551	0,476	0,528	0,509	0,400	0,470	0,505	0,255	0,556	0,311	0,527	0,554	0,550	0,500	0,467	0,557
6	156305117	N	0,494	0,415	0,624	0,566	0,483	0,534	0,506	0,391	0,474	0,501	0,331	0,558	0,313	0,536	0,566	0,555	0,501	0,471	0,561
6	156305125	N	0,496	0,420	0,629	0,574	0,479	0,531	0,509	0,390	0,474	0,500	0,332	0,558	0,318	0,539	0,574	0,554	0,504	0,471	0,562
6	162472277	N	0,483	0,328	0,294	0,551	0,499	0,498	0,364	0,397	0,455	0,530	0,415	0,472	0,481	0,606	0,529	0,499	0,548	0,466	0,538
6	162472310	N	0,484	0,329	0,294	0,544	0,500	0,495	0,366	0,395	0,455	0,527	0,413	0,465	0,477	0,593	0,523	0,500	0,543	0,472	0,539
6	162472368	N	0,541	0,338	0,284	0,553	NA	NA	NA	NA	NA	NA	NA	NA	NA	0,578	0,527	NA	NA	NA	NA
6	162472371	N	0,482	0,336	0,280	0,540	0,494	0,496	0,365	0,400	0,455	0,526	0,403	0,446	0,473	0,523	0,516	0,493	0,540	0,465	0,542
6	162472380	N	0,488	0,708	0,257	0,567	0,491	0,490	0,363	0,416	0,494	0,524	0,393	0,417	0,474	0,583	0,532	0,489	0,533	0,465	0,541
6	169422415	N	0,529	0,256	0,402	0,543	0,531	0,511	0,505	0,333	0,546	0,755	0,548	0,372	0,509	0,400	0,528	0,458	0,489	0,374	0,478
7	25194291	N	0,527	0,601	0,644	0,718	0,656	0,619	0,734	0,703	0,744	0,674	0,703	0,785	0,615	0,735	0,744	0,642	0,656	0,620	0,638
7	25194313	N	0,472	0,385	0,347	0,274	0,331	0,375	0,265	0,297	0,255	0,323	0,295	0,214	0,243	0,254	0,255	0,365	0,341	0,384	0,360
7	25194413	N	0,461	0,363	0,363	0,271	0,335	0,384	0,259	0,298	0,248	0,320	0,295	0,219	0,279	0,226	0,231	0,346	0,331	0,372	0,356
7	25194431	N	0,458	0,359	0,352	0,269	0,336	0,375	0,259	0,298	0,245	0,319	0,294	0,217	0,251	0,225	0,231	0,345	0,322	0,374	0,357
7	70737764	N	0,503	0,480	0,504	0,312	0,352	0,378	0,264	0,407	0,479	0,363	0,160	0,359	0,360	0,351	0,297	0,360	0,320	0,377	0,335
7	70737858	N	0,505	0,475	0,506	0,318	0,358	0,376	0,264	0,405	0,478	0,363	0,160	0,361	0,359	0,355	0,299	0,356	0,319	0,393	0,331
7	70737875	N	0,500	0,471	0,508	0,318	0,357	0,355	0,264	0,405	0,478	0,361	0,160	0,363	0,359	0,356	0,303	0,360	0,306	0,385	0,331
7	70737884	N	0,507	0,471	0,507	0,316	0,356	0,351	0,264	0,408	0,479	0,364	0,161	0,364	0,359	0,355	0,302	0,361	0,324	0,398	0,330
7	77818393	N	0,491	0,398	0,283	0,650	0,648	0,601	0,723	0,589	0,524	0,647	0,490	0,609	0,642	0,629	0,613	0,631	0,635	0,583	0,569
7	77818458	N	0,494	0,401	0,262	0,649	0,652	0,601	0,721	0,589	0,514	0,647	0,488	0,613	0,638	0,627	0,613	0,631	0,631	0,574	0,571
7	77818463	N	0,499	0,405	0,262	0,653	0,648	0,599	0,721	0,589	0,520	0,652	0,488	0,614	0,636	0,632	0,618	0,624	0,631	0,575	0,570
7	77818547	N	0,458	0,399	0,204	0,661	0,585	0,554	0,652	0,522	0,444	0,573	0,406	0,549	0,550	0,633	0,629	0,556	0,549	0,538	0,497
7	79442703	N	0,613	0,485	0,483	0,611	0,641	0,574	0,750	0,600	0,650	0,550	0,813	0,632	0,741	0,677	0,556	0,604	0,606	0,581	0,649
7	79442762	N	0,614	0,475	0,390	0,624	0,638	0,578	0,745	0,601	0,485	0,558	0,804	0,644	0,743	0,673	0,566	0,601	0,603	0,577	0,640
7	79442846	N	0,611	0,496	0,388	0,616	0,635	0,569	0,745	0,599	0,495	0,577	0,803	0,657	0,732	0,619	0,548	0,606	0,604	0,586	0,649
7	103373014	N	0,476	0,485	0,636	0,643	0,650	0,647	0,814	0,437	0,545	0,530	0,657	0,699	0,769	0,595	0,528	0,609	0,617	0,543	0,614
7	103373033	N	0,485	0,524	0,631	0,707	0,654	0,651	0,813	0,438	0,545	0,529	0,652	0,699	0,771	0,644	0,563	0,609	0,619	0,541	0,620
7	103373051	N	0,486	0,529	0,625	0,711	0,653	0,653	0,813	0,438	0,543	0,532	0,654	0,702	0,794	0,642	0,562	0,610	0,620	0,545	0,619
7	103373071	N	0,482	0,614	0,628	0,701	0,652	0,654	0,813	0,441	0,533	0,533	0,657	0,702	0,794	0,634	0,556	0,609	0,621	0,551	0,619
7	103373086	N	0,488	0,532	0,628	0,711	0,652	0,654	0,814	0,439	0,543	0,530	0,657	0,706	0,770	0,644	0,568	0,609	0,621	0,551	0,619
7	103373126	N	0,511	0,377	0,327	0,288	0,347	0,349	0,186	0,559	0,454	0,470	0,337	0,297	0,216	0,357	0,431	0,390	0,378	0,450	0,375
7	155385421	N	0,449	NA	0,372	0,548	0,542	0,422	0,228	0,332	0,325	0,662	0,621	0,544	0,518	0,528	0,446	0,430	0,462	0,438	0,536
7	155385454	N	0,503	0,631	0,483	0,608	0,596	0,575	0,521	0,618	0,659	0,838	0,767	0,637	0,615	0,621	0,543	0,555	0,619	0,530	0,649
7	155385465	N	0,509	0,319	0,486	0,633	0,610	0,567	0,531	0,627	0,669	0,841	0,769	0,629	0,626	NA	0,570	0,562	0,634	0,546	0,650
8	13016359	N	0,438	0,372	0,580	0,568	0,557	0,601	0,636	0,468	0,446	0,843	0,466	0,607	0,571	0,584	0,586	0,575	0,501	0,562	0,537
8	13016379	N	0,437	0,375	0,576	0,566	0,557	0,604	0,645	0,467	0,442	0,841	0,467	0,604	0,568	0,585	0,594	0,589	0,498	0,566	0,536
8	32245522	N	0,510	0,584	0,792	0,620	0,607	0,636	0,812	0,741	0,724	0,430	0,429	0,515	0,596	0,642	0,646	0,663	0,579	0,604	0,585
8	32245557	N	0,511	0,577	0,792	0,620	0,609	0,635	0,813	0,743	0,725	0,430	0,430	0,514	0,598	0,642	0,643	0,650	0,582	0,604	0,585
8	32245566	N	0,513	0,396	0,792	0,623	0,611	0,635	0,813	0,743	0,725	0,431	0,430	0,516	0,597	0,648	0,649	0,672	0,582	0,600	0,583
8	123806187	N	0,508	0,237	0,190	0,333	0,350	0,376	0,333	0,212	0,343	0,285	0,245	0,320	0,351	0,353	0,320	0,350	0,460	0,393	0,385
8	123806196	N	0,506	0,235	0,192	0,328	0,346	0,377	0,327	0,210	0,345	0,285	0,246	0,318	0,375	0,348	0,300	0,371	0,461	0,392	0,385
8	123806240	N	0,504	0,240	0,190	0,334	0,370	0,375	0,325	0,213	0,341	0,284	0,243	0,320	0,367	0,358	0,315	0,376	0,460	0,389	0,383
9	923938	N	0,484	NA	NA	NA	NA	0,487	NA	NA	NA	NA	NA	NA	NA	NA	NA	0,480	NA	0,471	NA
9	17793759	N	0,470	0,388	0,700	0,458	0,515	0,424	0,579	0,433	0,144	0,458	0,385	0,500	0,449	0,473	0,440	0,453	0,512	0,529	0,467
9	17793903	N	0,474	0,536	0,712	0,466	0,521	0,412	0,570	0,437	0,151	0,470	0,383	0,502	0,460	0,492	0,445	0,462	0,509	0,529	0,469
9	27203511	N	0,501	0,447	0,508	0,414	0,487	0,481	0,546	0,287	0,334	0,587	0,586	0,534	0,374	0,499	0,503	0,447	0,535	0,476	0,423
9	27203554	N	0,476	0,422	0,501	0,397	0,474	0,473	0,519	0,268	0,307	0,578	0,578	0,518	0,361	0,480	0,485	0,443	0,517	0,467	0,400
9	27203592	N	0,547	0,426	0,601	0,405	0,581	0,483	0,603	0,343	0,388	0,677	0,643	0,616	0,445	0,480	0,486	0,542	0,608	0,480	0,484
9	27203596	N	0,542	0,422	0,599	NA	0,579	0,481	0,599	0,340	0,387	0,676	0,644	0,615	0,440	NA	0,483	0,539	0,602	0,478	0,479
9	27203625	N	0,544	0,421	0,595	0,407	0,582	0,482	0,604	0,342	0,388	0,677	0,643	0,615	0,431	0,475	0,484	0,541	0,603	0,479	0,480
9	27203682	N	0,547	0,420	0,599	0,416	0,588	0,484	0,606	0,333	0,390	0,671	0,653	0,611	0,447	0,484	0,480	0,544	0,607	0,481	0,478
9	27203696	N	0,605	NA	0,600	NA	0,586	0,486	0,607	0,336	0,321	0,670	0,651	0,614	0,447	NA	NA	0,545	0,609	0,481	0,481
9	73536416	N	0,497	0,609	0,599	0,512	0,537	0,509	0,534	0,497	0,446	0,632	0,195	0,493	0,631	0,544	0,485	0,529	0,443	0,493	0,537
9	73536510	N	0,505	0,621	0,607	0,527	0,535	0,510	0,535	0,494	0,445	0,637	0,193	0,487	0,556	0,561	0,503	0,529	0,446	0,494	0,518
9	86093180	N	0,508	0,322	0,551	0,460	0,452	0,506	0,438	0,265	0,630	0,683	0,376	0,456	0,451	0,443	0,428	0,467	0,498	0,487	0,491
9	86093237	N	0,509	0,327	0,545	0,463	0,448	0,494	0,438	0,272	0,634	0,685	0,385	0,467	0,458	0,448	0,420	0,466	0,496	0,475	0,483
9	86093264	N	0,512	0,329	NA	0,462	NA	NA	NA	NA	NA	NA	NA	NA	NA	0,446	0,417	NA	NA	NA	NA
9	86093265	N	0,494	0,329	0,540	0,463	0,442	0,481	0,439	0,273	0,632	0,685	0,373	0,467	0,451	0,446	0,417	0,459	0,494	0,481	0,478
9	105780536	N	0,492	0,300	0,472	0,522	0,481	0,512	0,363	0,092	0,297	0,435	0,132	0,439	0,383	0,581	0,528	0,547	0,468	0,497	0,480
9	105780558	N	0,498	0,701	0,516	0,467	0,505	0,483	0,632	0,907	0,623	0,564	0,865	0,558	0,541	0,405	0,454	0,432	0,519	0,494	0,509
9	105780567	N	0,497	0,678	0,514	0,462	0,503	0,476	0,633	0,908	0,624	0,561	0,865	0,553	0,540	0,398	0,000	0,426	0,513	0,487	0,510
9	105780570	N	0,497	0,670	0,514	0,460	0,503	0,477	0,632	0,906	0,622	0,564	0,863	0,554	0,540	0,396	0,465	0,417	0,518	0,485	0,510
9	105780618	N	0,499	0,680	0,517	0,469	0,513	0,484	0,628	0,907	0,628	0,554	0,861	0,557	0,540	0,395	0,464	0,442	0,517	0,486	0,510
9	120004783	N	0,489	0,484	0,646	0,464	0,515	0,509	0,522	0,490	0,572	0,378	0,273	0,502	0,580	0,446	0,494	0,477	0,530	0,517	0,509
9	120004968	Y	0,000	0,000	0,000	0,491	0,455	0,329	0,453	0,466	0,429	0,612	0,730	0,448	0,337	0,461	0,473	0,450	0,227	0,238	0,356
9	135770134	N	0,491	NA	NA	NA	0,405	0,479	0,417	0,535	0,646	NA	0,435	NA	NA	NA	NA	0,438	0,440	0,493	NA
9	135770300	N	0,500	NA	NA	NA	0,420	0,487	0,471	0,556	0,609	NA	0,346	NA	NA	NA	NA	0,448	0,429	0,498	0,522
10	12591712	N	0,551	0,665	0,545	0,482	0,540	0,504	0,528	0,443	0,337	0,303	0,565	0,483	0,504	0,480	0,478	0,490	0,471	0,538	0,440
10	12591798	N	0,569	0,686	0,525	0,495	0,541	0,507	0,517	0,439	0,339	0,309	0,567	0,471	0,496	0,497	0,494	0,482	0,474	0,553	0,452
10	23297252	N	0,523	0,352	0,448	0,521	0,528	0,550	0,538	0,768	0,520	0,751	0,396	0,670	0,382	0,570	0,468	0,524	0,482	0,473	0,456
10	23297301	N	0,475	0,322	0,540	0,480	0,472	0,456	0,465	0,231	0,480	0,245	0,586	0,333	0,627	0,420	0,533	0,458	0,513	0,515	0,543
10	23297336	N	0,472	0,313	0,554	0,474	0,468	0,452	0,462	0,230	0,476	0,245	0,600	0,330	0,628	0,415	0,530	0,472	0,510	0,515	0,539
10	23297429	N	0,553	0,369	0,528	0,537	0,533	0,558	0,545	0,771	0,521	0,749	0,464	0,699	0,387	0,597	0,487	0,578	0,487	0,520	0,461
10	25839369	N	0,572	0,360	0,407	0,580	0,522	0,577	0,155	0,177	0,007	0,680	0,528	0,625	0,563	0,518	0,553	0,530	0,525	0,568	0,537
10	25839370	N	0,550	0,345	0,393	0,489	0,514	0,583	0,513	0,576	0,470	0,673	0,526	0,615	0,563	0,429	0,469	0,526	0,525	0,573	0,527
10	25839391	N	0,571	0,362	0,429	0,586	0,524	0,589	0,505	0,571	0,478	0,680	0,533	0,621	0,563	0,520	0,554	0,532	0,525	0,580	0,541
10	25839394	N	0,574	0,367	0,429	0,586	0,523	0,589	0,511	0,571	0,476	0,680	0,533	0,625	0,563	0,520	0,554	0,529	0,525	0,580	0,537
10	48480228	N	0,423	NA	NA	NA	0,318	0,494	NA	NA	NA	NA	NA	NA	NA	NA	NA	0,683	0,591	0,486	NA
10	55725207	N	0,491	0,692	0,647	0,474	0,524	0,503	0,405	0,310	0,264	0,588	0,368	0,408	0,507	0,459	0,531	0,486	0,480	0,505	0,462
10	55725234	N	0,495	0,689	0,652	0,491	0,524	0,522	0,407	0,308	0,264	0,587	0,369	0,409	0,509	0,487	0,540	0,482	0,480	0,507	0,466
10	55725337	N	0,490	0,694	0,636	0,465	0,523	0,503	0,400	0,307	0,261	0,588	0,369	0,403	0,495	0,444	0,521	0,482	0,478	0,507	0,459
10	73822343	N	0,551	NA	NA	NA	0,486	0,507	0,286	0,362	0,618	0,622	0,000	0,406	NA	NA	NA	0,489	0,525	0,482	0,491
10	95239121	N	0,524	0,680	0,388	0,542	0,535	0,519	0,490	0,634	0,545	0,801	0,509	0,477	0,552	0,494	0,509	0,508	0,495	0,509	0,603
10	95239183	N	0,451	0,274	0,570	0,431	0,424	0,426	0,468	0,343	0,420	0,186	0,441	0,488	0,425	0,477	0,475	0,470	0,455	0,455	0,375
10	95239187	N	0,434	0,302	0,610	0,440	0,436	0,360	0,506	0,355	0,450	0,196	0,401	0,517	0,402	0,495	0,480	0,462	0,481	0,383	0,368
10	95239251	N	0,532	0,693	0,395	0,552	0,532	0,522	0,487	0,641	0,546	0,797	0,515	0,485	0,562	0,504	0,531	0,492	0,498	0,501	0,603
10	120874067	N	0,512	0,571	0,532	0,603	0,502	0,522	0,794	0,524	0,428	0,345	0,422	0,556	0,488	0,524	0,463	0,480	0,481	0,505	0,480
10	120874087	N	0,482	0,419	0,467	0,388	0,495	0,474	0,204	0,449	0,577	0,692	0,587	0,447	0,525	0,456	0,529	0,522	0,528	0,493	0,527
10	120874161	N	0,499	0,598	0,568	0,650	0,520	0,516	0,817	0,554	0,409	0,380	0,450	0,583	0,475	0,576	0,477	0,481	0,500	0,514	0,478
10	124095982	N	0,455	NA	NA	NA	0,451	0,516	0,469	0,670	0,500	NA	0,531	NA	NA	NA	NA	0,470	0,482	0,514	0,400
10	124096035	N	0,471	NA	NA	NA	0,455	0,534	0,436	0,673	0,510	NA	0,514	NA	NA	NA	NA	0,471	0,452	0,507	0,433
10	124096041	N	0,458	NA	NA	NA	0,455	0,515	0,436	0,673	0,510	NA	0,514	NA	NA	NA	NA	0,478	0,452	0,504	0,433
10	124096061	N	0,484	NA	NA	NA	0,454	0,517	0,431	0,673	0,451	NA	0,514	NA	NA	NA	NA	0,481	0,443	0,509	0,433
10	124096209	N	0,455	NA	NA	NA	0,500	0,518	0,432	0,657	0,490	NA	0,543	NA	NA	NA	NA	0,487	0,453	0,509	0,448
10	134798532	N	0,526	0,534	0,504	0,566	0,495	0,538	0,459	0,545	0,469	0,731	0,476	0,457	0,723	0,528	0,496	0,505	0,510	0,529	0,509
10	134798538	N	0,527	0,533	0,506	0,570	0,489	0,537	0,461	0,545	0,466	0,731	0,475	0,456	0,723	0,536	0,487	0,505	0,511	0,524	0,515
10	134798590	N	0,524	0,526	0,500	0,568	0,472	0,520	0,459	0,535	0,464	0,726	0,469	0,450	0,715	0,539	0,483	0,498	0,506	0,499	0,510
11	534403	N	0,543	NA	0,667	NA	0,608	0,511	0,293	0,569	0,532	0,496	0,513	0,545	NA	NA	NA	0,556	0,612	0,516	0,525
11	5602615	N	0,453	NA	0,512	NA	0,451	0,515	0,416	0,203	0,554	0,571	0,254	0,580	0,562	NA	NA	0,501	0,518	0,507	0,513
11	5602679	N	0,458	NA	0,500	NA	0,452	0,483	0,420	0,203	0,554	0,584	0,248	0,576	0,567	NA	NA	0,498	0,514	0,525	0,524
11	5602789	N	0,456	NA	0,494	NA	0,454	0,505	0,411	NA	0,556	0,323	NA	0,582	0,560	NA	NA	0,494	0,509	0,512	0,543
11	5809548	N	0,437	NA	NA	NA	0,512	0,493	0,759	0,500	0,588	NA	NA	NA	NA	NA	NA	0,507	0,473	0,498	0,304
11	6292669	Y	0,000	NA	NA	NA	0,000	0,118	0,000	0,000	0,000	NA	0,000	NA	NA	NA	NA	0,000	0,000	0,078	NA
11	11338063	N	0,493	0,702	0,482	0,515	0,487	0,478	0,706	0,428	0,535	0,288	0,363	0,434	0,579	0,512	0,541	0,529	0,521	0,445	0,523
11	11338146	N	0,438	0,355	0,440	0,472	0,422	0,449	0,692	0,419	0,487	0,284	0,273	0,421	0,443	0,465	0,511	0,483	0,503	0,437	0,497
11	11338178	N	0,471	0,378	0,463	0,482	0,472	0,473	0,704	0,428	0,503	0,289	0,354	0,433	0,458	0,487	0,530	0,537	0,511	0,445	0,524
11	19826548	N	0,515	0,714	0,493	0,515	0,422	0,483	0,471	0,444	0,456	0,314	0,917	0,464	0,699	0,528	0,496	0,414	0,523	0,476	0,545
11	44840684	N	0,488	0,269	0,431	0,483	0,474	0,515	0,339	0,421	0,506	0,463	0,633	0,464	0,300	0,526	0,465	0,480	0,520	0,523	0,497
11	48284000	N	0,510	0,649	0,420	0,512	0,502	0,496	0,496	0,541	0,479	0,282	0,478	0,484	0,541	0,449	0,511	0,466	0,510	0,513	0,512
11	48284033	N	0,505	0,653	0,422	0,517	0,523	0,505	0,503	0,558	0,483	0,281	0,484	0,487	0,548	0,454	0,510	0,465	0,516	0,505	0,512
11	48284109	N	0,488	0,658	0,418	0,520	0,522	0,494	0,502	0,556	0,489	0,280	0,484	0,486	0,551	0,462	0,523	0,478	0,499	0,524	0,512
11	69976047	N	0,498	0,457	0,466	0,470	0,521	0,486	0,452	0,639	0,396	0,532	0,455	0,536	0,497	0,498	0,455	0,491	0,489	0,481	0,522
11	69976094	N	0,526	0,499	0,465	0,510	0,528	0,499	0,451	0,636	0,385	0,535	0,455	0,534	0,495	0,533	0,478	0,491	0,488	0,484	0,525
11	69976138	N	0,523	NA	0,467	0,513	0,522	0,478	0,447	0,631	0,390	0,537	0,459	0,535	0,499	0,538	0,486	0,498	0,496	0,499	0,527
11	69976193	N	0,522	0,652	0,485	0,516	0,548	0,489	0,452	0,639	0,396	0,540	0,452	0,541	0,505	0,541	0,476	0,501	0,502	0,481	0,525
11	76421195	N	0,468	0,500	NA	0,405	0,573	0,583	0,538	0,559	0,382	0,476	0,500	0,480	NA	0,382	0,421	0,495	0,561	0,417	0,652
11	76421214	N	0,475	0,492	NA	0,393	0,573	0,583	0,538	0,565	0,382	0,476	0,500	0,480	NA	0,396	0,422	0,495	0,561	0,417	0,680
11	76421250	N	0,475	0,491	NA	0,398	0,568	0,571	0,528	0,565	0,382	0,476	0,500	0,480	NA	0,394	0,414	0,491	0,561	0,417	0,680
11	76421307	N	0,462	0,482	NA	NA	0,546	0,583	0,528	0,552	0,382	0,476	0,500	0,480	NA	0,380	0,416	0,486	0,549	0,417	0,652
11	79851768	N	0,497	0,681	0,461	0,471	0,475	0,511	0,478	0,707	0,522	0,000	0,426	0,467	0,436	0,535	0,534	0,503	0,551	0,482	0,524
11	79851772	N	0,491	0,678	0,463	0,468	0,479	0,507	0,476	0,701	0,521	0,000	0,426	0,467	0,436	0,532	0,538	0,487	0,548	0,472	0,518
11	79851783	N	0,495	0,681	0,460	0,470	0,474	0,512	0,477	0,707	0,522	0,000	0,425	0,469	0,431	0,533	0,534	0,492	0,551	0,482	0,526
11	79851863	N	0,489	0,675	0,457	0,465	0,483	0,504	0,479	0,710	0,519	0,000	0,428	0,463	0,428	0,521	0,517	0,506	0,548	0,480	0,516
11	118938315	N	0,500	0,619	0,528	0,450	0,488	0,500	0,458	0,507	0,440	0,248	0,144	0,387	0,473	0,415	0,431	0,506	0,445	0,490	0,473
11	118938371	N	0,500	0,608	0,528	0,442	0,488	0,509	0,455	0,508	0,440	0,249	0,145	0,385	0,475	0,411	0,427	0,506	0,448	0,492	0,477
11	118938388	N	0,528	0,631	NA	0,452	NA	0,500	NA	NA	NA	NA	NA	NA	NA	0,427	0,441	NA	NA	0,504	NA
11	118938389	N	0,395	1,000	0,000	1,000	0,000	0,000	0,000	0,000	0,000	0,000	0,000	0,000	0,000	0,000	0,000	0,000	0,037	0,000	0,014
11	118938435	N	0,524	0,620	0,549	0,451	0,505	0,508	0,471	0,517	0,457	0,272	0,149	0,402	0,505	0,431	0,440	0,519	0,461	0,496	0,499
11	123468933	N	0,495	0,455	0,427	0,500	0,510	0,488	0,428	0,472	0,661	0,730	0,278	0,584	0,497	0,511	0,497	0,499	0,527	0,484	0,484
11	123468965	N	0,489	0,450	0,422	0,495	0,506	0,491	0,423	0,467	0,660	0,731	0,277	0,578	0,503	0,505	0,495	0,492	0,523	0,491	0,478
11	123468969	N	0,488	0,453	0,422	0,498	0,506	0,491	0,426	0,467	0,660	0,724	0,277	0,582	0,503	0,508	0,497	0,491	0,524	0,494	0,476
12	6898392	N	0,527	0,569	0,542	0,646	0,661	0,678	0,857	0,834	0,504	0,755	0,683	0,662	0,609	0,689	0,658	0,662	0,646	0,660	0,587
12	6898521	N	0,477	0,403	0,469	0,365	0,353	0,310	0,150	0,142	0,497	0,240	0,323	0,308	0,407	0,295	0,352	0,353	0,357	0,328	0,417
12	7646557	Y	0,000	0,000	0,000	0,167	0,187	0,195	0,226	0,273	0,233	0,158	0,286	0,156	0,195	0,154	0,168	0,169	0,173	0,158	0,200
12	11904752	N	0,494	0,245	0,288	0,312	0,312	0,327	0,221	0,211	0,462	0,208	0,447	0,341	0,248	0,219	0,329	0,321	0,345	0,315	0,349
12	11904767	N	0,477	0,250	0,276	0,304	0,329	0,325	0,221	0,209	0,471	0,208	0,443	0,342	0,224	0,207	0,312	0,325	0,342	0,309	0,344
12	11904770	N	0,480	0,253	0,279	0,306	0,322	0,327	0,220	0,209	0,463	0,207	0,444	0,342	0,245	0,208	0,313	0,320	0,343	0,315	0,345
12	26891621	Y	0,000	NA	NA	0,225	0,164	0,165	0,218	0,171	0,243	0,391	0,168	NA	NA	NA	0,202	0,172	0,157	0,133	0,174
12	27456119	N	0,502	0,334	0,408	0,320	0,341	0,333	0,201	0,237	0,489	0,323	0,247	0,400	0,338	0,309	0,345	0,331	0,348	0,344	0,386
12	28345303	N	0,543	NA	0,313	0,372	0,338	0,309	0,194	0,344	0,423	0,292	0,421	0,402	0,372	0,313	0,383	0,348	0,392	0,360	0,402
12	28345342	N	0,513	0,487	0,304	0,354	0,327	0,299	0,194	0,339	0,418	0,284	0,404	0,393	0,362	0,302	0,362	0,342	0,388	0,343	0,396
12	28345395	N	0,508	0,478	0,300	0,351	0,349	0,296	0,188	0,339	0,421	0,289	0,400	0,388	0,357	0,300	0,353	0,344	0,372	0,341	0,395
12	29580127	N	0,403	NA	NA	NA	0,323	0,344	0,225	0,264	0,504	NA	0,291	0,300	NA	NA	NA	0,278	0,402	0,356	0,535
12	32446901	N	0,486	0,418	0,421	0,351	0,342	0,352	0,188	0,122	0,454	0,255	0,299	0,366	0,306	0,305	0,338	0,332	0,350	0,366	0,443
12	34235603	N	0,489	0,339	0,394	0,342	0,339	0,300	0,211	0,148	0,356	0,341	0,279	0,284	0,369	0,296	0,344	0,338	0,382	0,339	0,410
12	40378646	N	0,485	NA	0,448	NA	0,492	0,456	0,287	0,199	0,643	0,354	0,712	0,741	0,440	0,423	NA	0,527	0,576	0,462	0,639
12	40378647	N	0,485	0,341	0,448	0,497	0,494	0,456	0,326	0,199	0,643	0,354	0,712	0,741	0,444	0,422	0,506	0,527	0,578	0,462	0,640
12	40378739	N	0,482	0,338	0,466	0,501	0,497	0,443	0,328	0,204	0,644	0,357	0,706	0,738	0,471	0,439	0,504	0,531	0,580	0,467	0,638
12	40378773	N	0,488	0,344	0,465	0,498	0,497	0,438	0,340	0,203	0,652	0,364	0,713	0,750	0,460	0,429	0,505	0,530	0,582	0,478	0,645
12	40378784	N	0,488	0,345	0,465	0,501	0,497	0,419	0,342	0,195	0,654	0,359	0,717	0,749	0,460	0,434	0,503	0,533	0,586	0,480	0,646
12	68508842	N	0,535	NA	NA	NA	0,486	0,514	0,500	0,420	0,278	NA	0,333	NA	NA	NA	NA	0,414	0,426	0,484	0,333
12	68508863	N	0,481	NA	NA	NA	0,475	0,505	0,487	0,420	0,278	NA	0,238	NA	NA	NA	NA	0,398	0,398	0,464	0,321
12	68508990	N	0,535	NA	NA	NA	0,490	0,516	0,514	0,431	0,257	NA	0,333	NA	NA	NA	NA	0,412	0,438	0,494	0,403
12	68509022	N	0,473	NA	NA	NA	0,506	0,499	0,472	0,569	0,794	NA	0,700	NA	NA	NA	NA	0,582	0,553	0,505	0,610
12	68509094	N	0,480	NA	NA	NA	0,504	0,488	0,441	0,569	0,727	NA	0,700	NA	NA	NA	NA	0,582	0,577	0,501	0,582
12	122612598	N	0,504	0,329	0,510	0,513	0,499	0,490	0,237	0,418	0,670	0,552	0,814	0,537	0,505	0,457	0,546	0,514	0,581	0,463	0,661
12	122612625	N	0,493	0,462	0,508	0,499	0,492	0,499	0,223	0,409	0,674	0,553	0,816	0,534	0,504	0,459	0,538	0,532	0,577	0,466	0,661
12	122612635	N	0,499	0,339	0,508	0,509	0,504	0,507	0,234	0,409	0,680	0,554	0,815	0,535	0,506	0,463	0,556	0,529	0,568	0,461	0,662
12	129465381	N	0,433	NA	NA	NA	0,541	0,450	0,136	0,319	0,705	0,370	0,525	NA	NA	NA	NA	0,523	0,509	0,440	NA
13	46752671	N	0,427	0,373	0,584	0,465	0,472	0,484	0,423	0,367	0,389	0,209	0,711	0,473	0,505	0,483	0,450	0,450	0,504	0,450	0,486
13	46752698	N	0,420	0,362	0,603	0,467	0,479	0,494	0,423	0,364	0,389	0,217	0,723	0,482	0,500	0,479	0,455	0,464	0,502	0,464	0,485
13	46752704	N	0,416	0,362	0,607	0,468	0,481	0,493	0,425	0,370	0,399	0,219	0,728	0,489	0,504	0,482	0,459	0,463	0,505	0,465	0,487
13	46752813	N	0,477	0,365	0,643	0,495	0,498	0,507	0,431	0,392	0,420	0,228	0,772	0,526	0,498	0,503	0,476	0,477	0,509	0,495	0,499
13	79189956	Y	NA	NA	NA	NA	0,438	0,364	NA	NA	NA	NA	NA	NA	NA	NA	NA	0,537	0,333	0,277	NA
13	79886557	N	0,523	0,534	0,588	0,468	0,490	0,566	0,654	0,465	0,507	0,671	0,344	0,488	0,502	0,523	0,491	0,486	0,522	0,516	0,514
13	79886566	N	0,522	0,537	0,583	0,472	0,489	0,563	0,652	0,468	0,505	0,673	0,352	0,479	0,500	0,525	0,497	0,475	0,520	0,502	0,514
13	79886654	N	0,455	0,253	0,397	0,504	0,506	0,426	0,339	0,526	0,485	0,318	0,636	0,513	0,498	0,447	0,460	0,506	0,474	0,498	0,484
13	79886677	N	0,526	0,553	0,587	0,475	0,491	0,567	0,657	0,464	0,509	0,673	0,352	0,494	0,494	0,529	0,512	0,488	0,520	0,493	0,511
13	79935255	N	0,519	NA	0,654	NA	0,520	0,525	0,639	0,308	0,513	0,561	0,753	0,628	0,368	0,576	0,519	0,515	0,509	0,480	0,472
13	79935360	N	0,496	0,570	0,635	0,453	0,514	0,527	0,643	0,300	0,509	0,556	0,742	0,615	0,343	0,548	0,517	0,516	0,502	0,483	0,459
13	79935401	N	0,496	0,564	0,642	0,450	0,515	0,525	0,646	0,298	0,516	0,559	0,741	0,612	0,349	0,544	0,514	0,513	0,502	0,477	0,458
13	110909015	N	0,502	0,306	0,503	0,461	0,556	0,512	0,571	0,350	0,381	0,697	0,519	0,358	0,518	0,490	0,427	0,459	0,517	0,528	0,550
14	22392983	N	0,497	0,524	0,453	0,983	0,975	0,854	0,907	0,906	0,891	1,000	1,000	0,886	0,880	0,945	0,985	0,960	0,896	0,782	0,901
14	22393124	N	0,507	0,558	0,462	0,978	0,972	0,861	0,896	0,909	0,888	1,000	1,000	0,883	0,884	0,951	0,988	0,957	0,895	0,786	0,905
14	22393148	N	0,507	0,544	0,460	0,980	0,975	0,860	0,907	0,942	0,887	1,000	1,000	0,884	0,882	0,950	0,986	0,956	0,896	0,787	0,905
14	23103743	N	0,499	0,404	0,482	0,020	0,025	0,179	0,080	0,115	0,037	0,000	0,000	0,100	0,037	0,056	0,000	0,058	0,119	0,257	0,124
14	33165051	N	0,488	0,481	0,436	0,022	0,030	0,191	0,000	0,000	0,082	0,000	0,000	0,083	0,100	0,082	0,018	0,065	0,118	0,281	0,134
14	33165084	N	0,492	0,493	0,429	0,015	0,030	0,187	0,000	0,000	0,082	0,000	0,000	0,080	0,101	0,085	0,020	0,066	0,118	0,271	0,132
14	33165182	N	0,496	0,488	0,444	0,017	0,033	0,201	0,000	0,016	0,078	0,000	0,000	0,088	0,107	0,090	0,018	0,066	0,120	0,284	0,133
14	39244541	Y	0,000	0,000	0,000	0,000	0,000	0,178	0,000	0,000	0,000	0,000	0,000	0,000	0,000	0,173	0,000	0,044	0,000	0,080	0,000
14	41916228	N	0,452	0,444	0,294	0,961	0,960	0,813	0,969	0,889	0,872	0,896	1,000	0,986	0,920	0,900	0,978	0,944	0,870	0,712	0,866
14	41916241	N	0,534	0,529	0,695	0,037	0,036	0,188	0,000	0,000	0,086	0,103	0,000	0,013	0,048	0,089	0,020	0,056	0,129	0,278	0,132
14	41916247	N	0,537	0,537	0,705	0,037	0,036	0,189	0,000	0,000	0,087	0,103	0,000	0,013	0,043	0,089	0,020	0,056	0,127	0,280	0,133
14	57244325	N	0,486	0,309	0,558	0,970	0,972	0,823	0,910	1,000	0,872	0,868	1,000	0,853	0,852	0,943	0,985	0,930	0,890	0,753	0,851
14	57244390	Y	0,000	0,010	0,000	0,458	0,436	0,336	0,309	0,495	0,570	0,467	0,541	0,465	0,336	0,435	0,480	0,453	0,405	0,233	0,328
14	58055209	N	0,512	0,471	0,524	0,020	0,020	0,146	0,000	0,000	0,076	0,000	0,000	0,042	0,199	0,075	0,028	0,062	0,117	0,242	0,107
14	58055276	N	0,511	0,466	0,523	0,020	0,021	0,159	0,000	0,000	0,077	0,000	0,000	0,043	0,201	0,073	0,027	0,060	0,121	0,250	0,108
14	58055281	N	0,514	0,473	0,523	0,020	0,021	0,151	0,000	0,000	0,078	0,000	0,000	0,043	0,201	0,074	0,027	0,060	0,118	0,251	0,107
14	58055377	N	0,497	0,465	0,527	0,021	0,022	0,161	0,000	0,000	0,077	0,000	0,000	0,044	0,195	0,071	0,027	0,063	0,111	0,241	0,106
14	66029239	Y	0,000	0,000	0,000	0,473	0,480	0,311	0,484	0,526	0,326	1,000	0,255	0,485	0,316	0,421	0,452	0,433	0,400	0,254	0,384
14	79111653	Y	0,000	0,000	0,000	0,000	0,000	0,126	0,000	0,000	0,000	0,000	0,000	0,000	0,000	0,180	0,000	0,000	0,000	0,087	0,000
14	85571465	Y	0,000	0,000	0,000	0,461	0,424	0,334	0,573	0,467	0,368	0,394	0,477	0,435	0,383	0,428	0,498	0,426	0,372	0,272	0,296
14	88263484	Y	0,000	0,000	0,000	0,000	0,000	0,172	0,000	0,000	0,000	0,000	0,000	0,000	0,000	0,190	0,000	0,042	0,000	0,079	0,000
14	94773371	N	0,486	0,347	0,583	0,017	0,021	0,181	0,000	0,087	0,152	0,000	0,000	0,000	0,153	0,081	0,034	0,075	0,092	0,230	0,180
14	94773395	N	0,480	0,341	0,586	0,020	0,021	0,183	0,000	0,088	0,155	0,000	0,000	0,000	0,152	0,084	0,034	0,076	0,092	0,231	0,179
14	94773411	N	0,467	0,617	0,579	0,024	0,021	0,185	0,000	0,087	0,263	0,000	0,000	0,000	0,151	0,086	0,037	0,076	0,092	0,231	0,176
14	97553840	N	0,470	0,000	NA	0,000	0,000	0,000	NA	NA	NA	NA	0,000	0,000	0,000	0,000	0,000	0,000	0,000	0,000	0,000
14	97553881	Y	0,000	0,000	NA	0,462	0,469	0,337	0,394	0,497	0,291	0,721	0,629	0,470	0,368	0,455	0,479	0,422	0,361	0,253	0,341
14	101292486	Y	0,000	NA	0,000	NA	0,330	0,326	0,178	0,342	0,225	0,269	0,817	0,466	0,286	NA	NA	0,418	0,356	0,233	0,364
15	26037844	N	0,500	0,532	0,607	0,975	0,974	0,853	1,000	0,967	0,939	0,917	0,953	0,938	0,888	0,924	0,981	0,942	0,812	0,757	0,884
15	26037885	N	0,503	0,529	0,592	0,973	0,976	0,865	1,000	0,967	0,946	0,915	0,953	0,938	0,889	0,928	0,980	0,941	0,820	0,772	0,884
15	26037922	N	0,506	0,524	0,599	0,972	0,974	0,853	1,000	0,966	0,935	0,918	0,951	0,937	0,884	0,919	0,968	0,936	0,814	0,758	0,881
15	26037940	N	0,502	0,537	0,595	0,974	0,974	0,852	1,000	0,966	0,937	0,916	0,949	0,938	0,886	0,929	0,983	0,943	0,810	0,762	0,879
15	29908258	N	0,493	0,305	0,412	0,031	0,024	0,179	0,000	0,078	0,040	0,000	0,000	0,126	0,073	0,079	0,017	0,087	0,213	0,239	0,089
15	29908263	N	0,496	0,303	0,409	0,028	0,024	0,179	0,000	0,076	0,040	0,000	0,000	0,126	0,073	0,079	0,018	0,086	0,211	0,239	0,086
15	57931651	Y	0,000	NA	0,000	NA	0,000	0,164	0,000	0,000	0,000	0,000	0,000	0,000	0,000	NA	NA	0,040	0,000	0,085	0,000
15	60966891	N	0,473	0,309	0,507	0,021	0,017	0,142	0,056	0,048	0,000	0,086	0,000	0,097	0,044	0,078	0,013	0,051	0,201	0,249	0,162
15	60966927	N	0,490	0,319	0,522	0,023	0,018	0,140	0,058	0,048	0,000	0,088	0,000	0,105	0,044	0,075	0,012	0,053	0,199	0,249	0,163
15	60966998	N	0,472	NA	0,531	NA	0,017	0,135	0,057	0,048	0,000	0,089	0,000	0,106	0,051	NA	NA	0,053	0,194	0,249	0,157
15	92562990	N	0,498	0,433	0,558	0,972	0,984	0,847	1,000	0,871	0,834	1,000	1,000	0,938	0,823	0,942	0,981	0,929	0,828	0,766	0,898
15	92562993	N	0,498	0,434	0,558	0,972	0,984	0,823	1,000	0,871	0,833	1,000	1,000	0,937	0,818	0,944	0,981	0,930	0,828	0,775	0,898
15	92563046	N	0,491	NA	0,552	0,975	0,981	0,831	1,000	0,865	0,829	1,000	1,000	0,938	0,806	0,948	0,981	0,923	0,830	0,762	0,897
15	92563060	N	0,500	0,445	0,553	0,974	0,982	0,839	1,000	0,871	0,833	1,000	1,000	0,939	0,820	0,948	0,982	0,933	0,838	0,770	0,900
15	92563075	N	0,505	0,431	0,424	0,026	0,017	0,155	0,000	0,128	0,085	0,000	0,000	0,061	0,061	0,051	0,015	0,069	0,166	0,226	0,100
15	100122868	Y	0,000	0,000	0,000	0,000	0,000	0,164	0,000	0,000	0,000	0,000	0,000	0,000	0,000	0,198	0,000	0,038	0,000	0,079	0,000
16	4740441	N	0,483	0,411	0,385	0,459	0,494	0,500	0,478	0,404	0,518	0,535	0,490	0,375	0,473	0,502	0,480	0,507	0,513	0,475	0,508
16	4740444	N	0,496	0,418	0,384	0,463	0,496	0,494	0,477	0,404	0,511	0,536	0,489	0,376	0,481	0,504	0,481	0,520	0,509	0,477	0,508
16	4740477	N	0,492	0,423	0,391	0,482	0,492	0,493	0,490	0,412	0,505	0,540	0,493	0,374	0,474	0,511	0,481	0,517	0,505	0,491	0,503
16	25160277	Y	0,000	NA	NA	NA	0,000	0,178	0,000	0,000	0,000	0,000	0,000	0,000	NA	NA	NA	0,040	0,000	0,074	0,000
16	70926710	N	0,493	0,547	0,495	0,601	0,605	0,526	0,573	0,453	0,542	0,434	0,579	0,559	0,517	0,602	0,547	0,546	0,598	0,524	0,525
16	70926724	N	0,490	0,555	0,488	0,602	0,612	0,522	0,552	0,452	0,553	0,433	0,582	0,573	0,519	0,619	0,540	0,542	0,594	0,528	0,531
16	70926768	N	0,477	0,538	0,491	0,587	0,576	0,538	0,558	0,441	0,541	0,433	0,575	0,554	0,515	0,606	0,544	0,556	0,611	0,504	0,527
16	80704005	N	0,486	0,441	0,488	0,471	0,513	0,510	0,515	0,516	0,467	0,344	0,571	0,515	0,475	0,462	0,464	0,464	0,524	0,482	0,527
16	80704010	N	0,483	0,440	0,488	0,471	0,514	0,509	0,513	0,514	0,467	0,343	0,571	0,514	0,475	0,463	0,462	0,464	0,526	0,476	0,529
16	84462543	N	0,490	0,444	0,462	0,524	0,493	0,451	0,599	0,308	0,594	0,124	0,534	0,495	0,469	0,563	0,477	0,494	0,510	0,474	0,544
16	84462559	N	0,510	0,556	0,542	0,478	0,508	0,548	0,401	0,693	0,406	0,701	0,470	0,509	0,526	0,434	0,521	0,506	0,490	0,526	0,456
16	84462578	N	0,512	0,552	0,540	0,475	0,508	0,544	0,400	0,693	0,409	0,698	0,469	0,511	0,522	0,430	0,519	0,505	0,489	0,526	0,457
16	84462591	N	0,511	0,554	0,541	0,473	0,509	0,545	0,402	0,694	0,410	0,699	0,469	0,512	0,524	0,430	0,518	0,503	0,491	0,521	0,456
16	84462605	N	0,512	NA	0,544	0,476	0,508	0,550	0,403	0,693	0,410	0,698	0,470	0,507	0,525	NA	0,520	0,506	0,493	0,526	0,458
16	84462633	N	0,510	0,400	0,542	0,473	0,507	0,547	0,404	0,693	0,412	0,699	0,472	0,481	0,528	0,428	0,519	0,505	0,492	0,524	0,458
16	84462659	N	0,503	0,520	0,544	0,459	0,504	0,548	0,402	0,693	0,410	0,697	0,471	0,503	0,519	0,419	0,506	0,495	0,485	0,529	0,457
16	85045103	N	0,500	0,827	0,000	0,000	0,000	0,000	0,000	0,000	0,000	0,000	0,000	0,000	0,000	1,000	1,000	0,000	0,000	0,000	0,000
16	85045203	N	0,502	NA	0,321	NA	0,505	0,496	0,402	0,652	0,603	0,266	0,429	0,503	0,331	NA	NA	0,491	0,501	0,525	0,541
17	8784067	Y	0,000	NA	NA	NA	0,292	0,255	0,248	0,364	0,427	0,073	0,577	0,269	NA	NA	NA	0,357	0,364	0,207	0,583
17	12895815	N	0,496	NA	NA	NA	0,591	0,641	0,490	0,831	0,560	0,619	0,585	0,500	NA	NA	NA	0,634	0,674	0,564	0,643
17	12895929	N	0,533	NA	NA	NA	0,689	0,636	0,458	0,792	0,653	0,639	0,506	0,667	NA	NA	NA	0,650	0,653	0,588	0,689
17	12895984	N	0,527	NA	NA	NA	0,683	0,653	0,452	0,774	0,660	0,643	0,500	0,667	NA	NA	NA	0,647	0,667	0,582	0,667
17	16846155	N	0,482	0,541	0,646	0,691	0,649	0,645	0,564	0,675	0,707	0,753	0,709	0,621	0,628	0,650	0,652	0,655	0,624	0,579	0,657
17	16846176	N	0,479	0,544	0,645	0,687	0,656	0,644	0,564	0,677	0,707	0,751	0,725	0,623	0,629	0,653	0,643	0,644	0,626	0,573	0,656
17	16846208	N	0,477	0,540	0,651	0,689	0,649	0,645	0,563	0,658	0,707	0,748	0,723	0,623	0,626	0,641	0,647	0,649	0,627	0,569	0,652
17	16846298	N	0,476	0,551	0,643	0,700	0,644	0,644	0,563	0,655	0,708	0,752	0,723	0,623	0,630	0,653	0,653	0,644	0,618	0,571	0,656
17	48750825	Y	0,000	NA	0,000	NA	0,314	0,263	0,402	0,268	0,311	0,279	0,180	0,260	0,249	NA	NA	0,308	0,285	0,205	0,275
17	70883473	N	0,504	0,332	0,503	0,664	0,658	0,606	0,574	0,629	0,500	0,462	0,620	0,599	0,673	0,673	0,677	0,650	0,641	0,600	0,626
17	70883483	N	0,507	0,531	0,504	0,666	0,655	0,607	0,574	0,629	0,502	0,463	0,621	0,601	0,675	0,672	0,661	0,639	0,642	0,603	0,629
17	70883493	N	0,516	NA	0,504	0,689	0,668	0,603	0,574	0,629	0,501	0,461	0,622	0,598	0,674	0,698	0,694	0,638	0,641	0,602	0,629
17	70883558	N	0,514	0,554	0,525	0,675	0,658	0,604	0,580	0,635	0,498	0,462	0,624	0,601	0,671	0,689	0,689	0,633	0,644	0,601	0,625
18	8299059	N	0,504	0,375	0,500	0,495	0,511	0,477	0,546	0,423	0,387	0,428	0,601	0,581	0,400	0,510	0,496	0,484	0,505	0,465	0,506
18	8299082	N	0,499	0,501	0,514	0,490	0,516	0,474	0,566	0,425	0,433	0,424	0,601	0,582	0,468	0,515	0,495	0,489	0,516	0,476	0,506
18	14960409	N	0,470	0,278	0,485	0,478	0,464	0,509	0,417	0,332	0,541	0,501	0,809	0,537	0,468	0,429	0,536	0,489	0,473	0,467	0,532
18	14960430	N	0,472	0,444	0,486	0,484	0,481	0,501	0,417	0,333	0,542	0,503	0,811	0,537	0,544	0,434	0,539	0,503	0,464	0,431	0,534
18	43321412	N	0,395	0,462	0,415	0,504	0,424	0,425	0,290	0,665	0,506	0,777	0,321	0,362	0,370	0,423	0,445	0,410	0,371	0,238	0,382
18	43321417	N	0,397	0,478	0,415	0,507	0,426	0,425	0,290	0,668	0,506	0,766	0,322	0,365	0,378	0,425	0,447	0,409	0,370	0,238	0,388
18	43321442	N	0,397	0,504	0,442	0,504	0,425	0,439	0,289	0,668	0,509	0,777	0,331	0,364	0,380	0,440	0,455	0,411	0,373	0,233	0,393
18	75148002	N	0,508	0,541	0,357	0,534	0,524	0,510	0,480	0,415	0,529	0,599	0,551	0,512	0,500	0,498	0,492	0,496	0,494	0,519	0,463
18	75148016	N	0,514	0,543	0,357	0,535	0,516	0,492	0,479	0,415	0,528	0,599	0,554	0,516	0,501	0,502	0,496	0,508	0,494	0,509	0,461
18	75148028	N	0,510	0,540	0,353	0,533	0,517	0,504	0,479	0,414	0,528	0,599	0,552	0,516	0,502	0,503	0,490	0,497	0,489	0,523	0,459
19	7698760	N	0,477	0,494	0,530	0,584	0,396	0,488	0,464	0,545	0,497	0,639	0,669	0,373	0,411	0,460	0,514	0,402	0,379	0,490	0,519
19	7698788	N	0,478	0,484	0,534	0,568	0,406	0,488	0,461	0,544	0,499	0,639	0,676	0,374	0,433	0,439	0,501	0,404	0,380	0,471	0,524
19	7698857	N	0,484	0,480	0,533	0,563	0,405	0,478	0,462	0,543	0,497	0,641	0,684	0,372	0,427	0,446	0,494	0,409	0,386	0,490	0,516
19	10610017	N	0,557	NA	0,292	NA	0,440	0,488	0,430	0,472	0,551	0,422	0,565	0,493	NA	NA	NA	0,532	0,368	0,486	NA
19	10610235	N	0,552	NA	NA	NA	NA	NA	NA	NA	NA	NA	0,600	NA	NA	NA	NA	NA	NA	NA	NA
19	10610236	N	0,552	NA	0,419	NA	NA	0,458	0,305	0,379	0,525	0,338	0,608	0,362	NA	NA	NA	NA	NA	0,447	NA
19	18357364	N	0,480	0,360	0,536	0,548	0,505	0,481	0,543	0,495	0,482	0,403	0,407	0,476	0,512	0,462	0,492	0,470	0,475	0,456	0,472
19	18357389	N	0,483	0,362	0,523	0,543	0,505	0,473	0,543	0,499	0,496	0,402	0,384	0,478	0,513	0,474	0,472	0,482	0,483	0,469	0,459
19	18357416	N	0,476	0,611	0,520	0,541	0,514	0,489	0,541	0,548	0,488	0,401	0,405	0,482	0,515	0,478	0,474	0,471	0,479	0,457	0,462
19	33109983	N	0,471	0,567	0,444	0,481	0,464	0,497	0,684	0,427	0,593	0,607	0,616	0,608	0,429	0,501	0,537	0,442	0,443	0,490	0,391
19	33110047	N	0,461	0,562	0,438	0,488	0,458	0,494	0,682	0,428	0,592	0,607	0,611	0,607	0,411	0,507	0,541	0,436	0,445	0,489	0,383
19	33110058	N	0,453	0,560	0,437	0,493	0,462	0,489	0,684	0,426	0,591	0,605	0,610	0,607	0,414	0,506	0,546	0,437	0,438	0,483	0,383
19	33110149	N	0,415	0,558	0,341	0,485	0,343	0,431	0,542	0,296	0,411	0,444	0,527	0,510	0,318	0,517	0,549	0,335	0,313	0,411	0,285
19	44331594	N	0,468	0,781	0,440	0,608	NA	0,522	0,439	0,417	0,432	0,736	0,420	0,484	NA	0,595	0,583	NA	NA	0,446	NA
19	44331613	N	0,440	0,787	0,434	0,608	NA	0,526	0,434	0,414	0,432	0,733	0,417	0,480	NA	0,595	0,585	NA	NA	0,448	NA
19	44331710	N	0,474	0,788	0,482	0,600	NA	0,532	0,359	0,387	0,462	0,684	0,352	0,417	NA	0,581	0,598	NA	NA	0,448	NA
19	56131709	N	0,504	0,345	0,534	0,323	0,493	0,493	0,527	0,549	0,522	0,665	0,540	0,640	0,443	0,510	0,467	0,505	0,502	0,507	0,523
19	58790675	N	0,525	0,670	0,488	0,569	0,467	0,540	0,654	0,583	0,317	0,297	0,519	0,428	0,626	0,482	0,584	0,515	0,459	0,480	0,514
19	58790784	N	0,502	0,466	0,488	0,532	0,454	0,529	0,615	0,548	0,238	0,287	0,513	0,425	0,590	0,433	0,550	0,513	0,450	0,474	0,505
19	58790807	N	0,494	0,597	0,490	0,506	0,452	0,521	0,649	0,565	0,313	0,284	0,504	0,422	0,625	0,419	0,532	0,508	0,449	0,474	0,503
20	3527524	N	0,496	0,376	0,362	0,511	0,501	0,387	0,510	0,393	0,422	0,680	0,526	0,358	0,450	0,377	NA	0,292	0,369	0,376	0,447
20	3527531	N	0,498	0,382	0,364	0,518	0,499	0,391	0,507	0,397	0,421	0,684	0,528	0,355	0,454	0,379	0,236	0,294	0,368	0,377	0,450
20	3527582	N	0,486	0,389	0,354	0,511	0,500	0,398	0,508	0,395	0,427	0,680	0,518	0,322	0,453	0,382	0,236	0,298	0,373	0,391	0,461
20	12223868	N	0,465	NA	NA	NA	0,538	0,591	0,667	0,575	0,590	0,000	0,273	NA	NA	NA	NA	0,685	0,701	0,573	0,519
20	12223967	N	0,507	NA	NA	NA	0,571	0,629	0,685	0,605	0,605	0,000	0,273	NA	NA	NA	NA	0,715	0,680	0,601	0,526
20	12224116	N	0,474	NA	NA	NA	0,536	0,569	0,659	0,564	0,545	0,000	NA	NA	NA	NA	NA	0,691	0,643	0,552	0,491
20	24418504	N	0,506	0,672	0,633	0,518	0,546	0,637	0,486	0,447	0,414	0,506	0,583	0,541	0,513	0,652	0,750	0,671	0,649	0,627	0,542
20	24418544	N	0,519	0,678	0,634	0,522	0,550	0,636	0,488	0,454	0,414	0,509	0,581	0,545	0,517	0,652	0,757	0,677	0,645	0,628	0,551
20	24418579	N	0,521	0,681	0,635	0,519	0,549	0,638	0,488	0,454	0,413	0,509	0,583	0,545	0,511	0,651	0,756	0,672	0,649	0,625	0,551
20	36559239	N	0,494	0,316	0,462	0,509	0,509	0,403	0,569	0,409	0,587	0,544	0,199	0,662	0,624	0,364	0,269	0,305	0,380	0,391	0,448
20	36559245	N	0,499	0,326	0,459	0,504	0,510	0,407	0,568	0,407	0,587	0,545	0,199	0,660	0,621	0,356	0,260	0,309	0,365	0,390	0,444
20	53267576	N	0,489	0,290	0,272	0,551	0,487	0,332	0,648	0,478	0,568	0,720	0,498	0,647	0,493	0,366	0,271	0,296	0,357	0,375	0,372
20	60500579	N	0,486	0,430	0,547	0,491	0,526	0,620	0,478	0,606	0,652	0,440	0,634	0,604	0,288	0,669	0,787	0,703	0,636	0,590	0,573
20	60500603	N	0,488	0,419	0,547	0,480	0,521	0,606	0,483	0,607	0,647	0,440	0,634	0,602	0,285	0,662	0,785	0,713	0,640	0,597	0,569
20	60500690	N	0,505	0,586	0,453	0,515	0,455	0,404	0,516	0,396	0,351	0,559	0,364	0,395	0,708	0,335	0,220	0,280	0,372	0,406	0,427
21	15649486	N	0,471	0,475	0,512	0,470	0,507	0,474	0,566	0,545	0,465	0,112	0,436	0,427	0,454	0,474	0,458	0,518	0,479	0,504	0,486
21	15649522	N	0,473	0,470	0,509	0,473	0,516	0,475	0,569	0,549	0,468	0,111	0,440	0,427	0,456	0,474	0,459	0,512	0,485	0,510	0,489
21	15649526	N	0,473	0,471	0,512	0,473	0,515	0,473	0,568	0,548	0,468	0,111	0,440	0,427	0,456	0,474	0,458	0,519	0,489	0,509	0,486
21	22512500	N	0,475	0,514	0,228	0,504	0,419	0,397	0,332	0,415	0,233	0,374	0,494	0,475	0,399	0,538	0,505	0,374	0,358	0,477	0,452
21	22512560	N	0,476	0,344	0,671	0,488	0,488	0,510	0,558	0,462	0,656	0,439	0,388	0,399	0,429	0,460	0,495	0,516	0,531	0,459	0,493
21	22512563	N	0,509	0,507	0,329	0,500	0,509	0,490	0,438	0,533	0,311	0,487	0,607	0,595	0,511	0,529	0,495	0,481	0,464	0,541	0,506
21	22512606	N	0,486	0,346	0,676	0,490	0,488	0,513	0,560	0,464	0,659	0,434	0,387	0,397	0,416	0,461	0,500	0,515	0,531	0,453	0,495
21	22512626	N	0,486	0,350	0,684	0,491	0,489	0,520	0,557	0,466	0,657	0,429	0,387	0,394	0,414	0,463	0,495	0,513	0,531	0,455	0,494
21	44141357	N	0,457	0,451	0,344	0,427	0,479	0,486	0,510	0,596	0,593	0,112	0,696	0,465	0,401	0,419	0,475	0,500	0,508	0,514	0,471
21	44141449	N	0,482	0,470	0,347	0,455	0,489	0,498	0,501	0,598	0,598	0,109	0,701	0,468	0,394	0,445	0,504	0,502	0,510	0,517	0,473
21	44141480	N	0,489	0,497	0,342	0,471	0,501	0,497	0,498	0,594	0,603	0,110	0,695	0,468	0,394	0,460	0,509	0,525	0,513	0,520	0,474
22	19593301	N	0,495	0,707	0,550	0,963	0,973	0,847	0,953	0,873	0,829	0,894	1,000	0,968	0,804	0,933	0,954	0,929	0,889	0,720	0,846
22	19593344	N	0,505	0,632	0,554	0,982	0,974	0,851	0,917	0,880	0,831	0,750	1,000	0,966	0,805	0,948	0,968	0,931	0,889	0,737	0,846
22	19593434	N	0,492	0,618	0,550	0,985	0,973	0,862	0,920	0,880	0,837	0,750	1,000	0,966	0,810	0,951	0,968	0,932	0,888	0,730	0,846
22	19620982	N	0,489	0,388	0,408	0,966	0,978	0,827	1,000	1,000	0,773	0,908	1,000	0,935	0,841	0,907	0,977	0,916	0,906	0,721	0,870
22	19621011	N	0,498	0,500	0,405	0,970	0,974	0,821	1,000	1,000	0,884	0,907	1,000	0,933	0,843	0,911	0,982	0,921	0,907	0,732	0,869
22	19627501	N	0,492	0,414	0,508	0,975	0,950	0,860	0,947	1,000	0,844	0,990	0,990	0,972	0,907	0,927	0,991	0,905	0,893	0,710	0,884
22	19627504	N	0,499	0,413	0,514	0,977	0,969	0,863	0,948	1,000	0,844	1,000	1,000	0,989	0,907	0,927	0,991	0,912	0,900	0,724	0,891
22	19627550	N	0,515	0,410	0,526	0,976	0,969	0,866	0,950	1,000	0,845	1,000	1,000	0,989	0,909	0,924	0,991	0,914	0,903	0,734	0,895
22	19682621	N	0,485	0,430	0,507	0,965	0,975	0,822	0,893	1,000	0,730	0,801	0,966	0,885	0,944	0,943	0,976	0,932	0,889	0,746	0,785
22	19682627	N	0,509	0,565	0,517	0,968	0,977	0,824	0,894	1,000	0,811	0,802	0,967	0,889	0,941	0,944	0,979	0,934	0,892	0,751	0,784
22	20755226	N	0,388	0,270	0,451	0,951	0,913	0,807	1,000	0,885	0,669	0,885	1,000	0,850	0,886	0,871	NA	0,843	0,799	0,625	0,763
22	20755240	N	0,377	0,257	NA	0,946	0,949	0,810	NA	0,912	NA	NA	NA	NA	0,908	0,861	0,982	0,860	0,811	0,618	0,776
22	20755282	N	0,349	NA	0,341	0,943	0,950	0,824	1,000	0,905	0,675	0,885	1,000	0,843	0,911	NA	0,982	0,663	0,807	0,496	0,763
22	20755340	N	0,504	0,348	0,566	0,971	0,978	0,852	1,000	0,946	0,805	0,940	1,000	0,911	0,945	0,918	0,988	0,922	0,873	0,730	0,850
22	20899971	N	0,540	0,744	0,445	0,964	0,984	0,843	0,952	0,988	0,913	1,000	1,000	0,963	0,986	0,960	0,990	0,905	0,861	0,635	0,890
22	20899976	N	0,516	0,529	0,433	0,660	0,981	0,841	0,955	0,980	0,912	1,000	0,994	0,963	0,986	0,858	0,770	0,910	0,855	0,631	0,888
22	20900050	Y	0,000	0,009	0,000	0,480	0,414	0,381	0,381	0,546	0,362	0,366	0,312	0,486	0,329	0,450	0,593	0,483	0,355	0,155	0,394
22	20900074	N	0,511	0,689	0,480	0,982	0,981	0,891	0,942	0,985	0,931	1,000	1,000	0,944	0,952	0,957	0,979	0,927	0,853	0,587	0,881
22	22015234	N	0,466	0,314	0,514	0,021	0,020	0,152	0,000	0,031	0,000	0,000	0,000	0,043	0,083	0,047	0,014	0,076	0,114	0,230	0,116
22	22027617	N	0,452	0,330	0,617	0,015	0,018	0,084	0,020	0,067	0,112	0,134	0,000	0,052	0,041	0,075	0,026	0,063	0,095	0,139	0,070
22	22027710	N	0,565	0,652	0,379	0,983	0,982	0,912	0,978	0,934	0,890	0,866	1,000	0,949	0,960	0,921	0,977	0,937	0,909	0,858	0,934
22	22532639	N	0,511	0,467	0,376	0,977	0,976	0,820	1,000	0,954	0,942	0,947	1,000	0,921	0,933	0,959	0,978	0,920	0,908	0,730	0,830
22	22532765	N	0,497	0,393	0,606	0,029	0,024	0,178	0,000	0,046	0,000	0,057	0,000	0,082	0,070	0,043	0,022	0,081	0,095	0,273	0,168
22	24159244	N	0,469	0,325	0,487	NA	0,029	0,173	0,038	0,055	0,000	0,000	0,000	0,075	0,105	NA	NA	0,090	0,102	0,276	0,129
22	24159276	N	0,487	0,345	0,502	0,022	0,031	0,186	0,036	0,057	0,000	0,000	0,000	0,075	0,107	0,072	0,016	0,088	0,104	0,271	0,130
22	24159321	N	0,489	0,343	0,510	0,023	0,027	0,164	0,040	0,057	0,000	0,000	0,000	0,075	0,107	0,073	0,016	0,089	0,103	0,273	0,131
22	24159326	N	0,485	0,338	0,509	0,022	0,029	0,186	0,036	0,057	0,000	0,000	0,000	0,076	0,108	0,072	0,015	0,090	0,103	0,278	0,131
22	24159437	N	0,508	0,647	0,516	0,025	0,032	0,172	0,037	0,058	0,230	0,000	0,000	0,080	0,106	0,088	0,017	0,089	0,114	0,294	0,142
22	24159452	N	0,511	0,362	0,517	0,022	0,034	0,181	0,038	0,058	0,000	0,000	0,000	0,081	0,107	0,089	0,018	0,090	0,110	0,295	0,138
22	34256853	N	0,484	0,453	0,463	0,027	0,033	0,144	0,000	0,049	0,154	0,000	0,000	0,013	0,101	0,089	0,014	0,070	0,131	0,264	0,099
22	34256860	N	0,480	0,456	0,472	0,027	0,038	0,172	0,000	0,045	0,154	0,000	0,000	0,014	0,102	0,089	0,014	0,072	0,131	0,259	0,099
22	34256908	N	0,477	0,454	0,470	0,026	0,037	0,148	0,000	0,044	0,156	0,000	0,000	0,013	0,098	0,088	0,016	0,073	0,134	0,253	0,098
22	34256919	N	0,481	0,442	0,475	0,026	0,037	0,169	0,000	0,049	0,152	0,000	0,000	0,013	0,099	0,088	0,014	0,077	0,135	0,261	0,098
22	34256923	N	0,481	0,449	0,474	0,026	0,041	0,154	0,000	0,044	0,156	0,000	0,000	0,013	0,107	0,088	0,014	0,077	0,137	0,255	0,098
22	43356128	N	0,545	0,354	NA	0,971	0,972	0,862	0,963	0,921	1,000	1,000	1,000	0,935	0,947	0,962	0,972	0,915	0,896	0,623	0,881
22	43356129	N	0,469	0,292	NA	0,922	0,971	0,874	0,965	0,922	1,000	0,987	1,000	0,946	0,950	0,926	0,885	0,910	0,888	0,603	0,878
22	43356130	N	0,604	0,490	NA	0,971	0,969	0,897	0,966	0,925	1,000	1,000	1,000	0,949	0,927	0,945	0,975	0,909	0,897	0,713	0,867
22	44541350	N	0,557	0,387	0,646	0,035	0,044	0,209	0,000	0,000	0,069	0,000	0,000	0,110	0,033	0,062	0,015	0,131	0,168	0,406	0,235
22	44541359	N	0,438	0,518	0,354	0,964	0,956	0,789	1,000	1,000	0,892	1,000	0,943	0,881	0,880	0,936	0,985	0,869	0,831	0,590	0,765
22	44541404	N	0,555	0,378	0,643	0,036	0,044	0,211	0,000	0,000	0,068	0,000	0,000	0,112	0,034	0,065	0,019	0,131	0,169	0,411	0,237
22	48201474	Y	0,000	0,000	0,000	0,000	0,000	0,145	0,000	0,000	0,000	0,000	0,000	0,000	0,000	0,183	0,000	0,040	0,000	0,076	0,000
X	595385	Y	0,000	NA	NA	NA	0,429	0,261	0,739	0,280	0,344	NA	1,000	NA	NA	NA	NA	0,342	NA	0,177	NA