Chromosome	Start	Somatic variant	Reference	CIS_30	FCIS_31	EC_70	EC_71	EC_80	EC_21	TE_81	YS_40	MET_53
1	11505046	N	0,476	0,520	0,328	0,361	0,465	0,367	0,354	0,329	0,346	0,677
1	11505112	N	0,478	0,512	0,319	0,358	0,455	0,364	0,348	0,307	0,329	0,663
1	11505114	N	0,521	0,486	0,681	0,641	0,546	0,633	0,652	0,692	0,671	0,347
1	11505118	N	0,463	0,501	0,326	NA	NA	0,358	0,343	0,311	0,291	NA
1	17250762	N	0,337	0,324	0,405	0,419	0,367	0,414	0,428	0,366	0,380	0,275
1	24882890	N	0,480	0,484	0,477	0,639	0,549	0,582	0,662	0,606	0,554	0,229
1	24882897	N	0,487	0,477	0,474	0,651	0,556	0,581	0,654	0,607	0,554	0,228
1	24882927	N	0,514	0,507	0,495	0,330	0,415	0,412	0,324	0,393	0,439	0,689
1	24882939	N	0,481	0,488	0,473	0,655	0,563	0,573	0,649	0,605	0,546	0,229
1	193873045	N	0,516	0,541	0,494	0,559	0,410	0,490	0,661	0,602	0,566	0,728
1	193873099	N	0,516	0,538	0,497	0,575	0,396	0,482	0,655	0,600	0,557	0,720
1	193873155	N	0,500	0,534	0,497	0,578	0,394	0,476	0,667	0,594	0,550	NA
1	195048824	N	0,489	0,403	0,479	0,425	0,592	0,576	0,344	0,367	0,398	0,249
1	200779390	N	0,561	NA	NA	NA	NA	0,465	0,657	NA	0,608	0,691
1	204323155	N	0,506	0,405	0,497	0,492	0,610	0,516	0,289	0,358	0,337	0,284
1	204323239	N	0,513	0,406	0,495	0,498	0,615	0,517	0,301	0,414	0,404	0,288
1	204323274	N	0,500	0,389	0,505	0,501	0,615	0,514	0,304	0,413	0,412	0,277
1	204459786	N	0,485	NA	NA	NA	NA	0,428	0,598	NA	0,568	0,524
1	204977671	N	0,509	0,486	0,468	0,510	0,596	0,566	0,356	0,483	0,421	0,210
1	204977687	N	0,515	0,479	0,456	0,503	0,594	0,576	0,331	0,481	0,420	0,206
1	204977707	N	0,454	0,487	0,459	0,382	0,485	0,570	0,334	0,480	0,419	0,206
1	204977756	N	0,497	0,463	0,451	0,472	0,580	0,516	0,330	0,448	0,411	0,208
1	204977799	N	0,496	0,463	0,452	0,476	0,581	0,518	0,332	0,446	0,411	0,224
1	210344858	N	0,476	0,421	0,319	0,438	0,566	0,559	0,286	0,391	0,392	0,311
1	210344861	N	0,476	0,418	0,321	0,436	0,549	0,561	0,277	0,391	0,393	0,316
1	210344911	N	0,477	0,423	0,324	0,438	0,566	0,568	0,279	0,388	0,397	0,315
2	9580621	Y	0,000	0,000	0,000	0,214	0,264	0,305	0,359	0,208	0,206	0,000
2	12280396	N	0,546	0,463	0,459	0,376	0,434	0,315	0,413	0,439	0,553	0,597
2	12280491	N	0,562	0,472	0,455	0,401	0,455	0,313	0,397	0,443	0,599	0,598
2	12280509	N	0,570	0,468	0,452	0,405	0,467	0,325	0,395	0,442	0,599	0,596
2	73900210	N	0,451	NA	NA	NA	NA	0,261	0,282	NA	0,388	0,312
2	78023861	N	0,481	0,516	0,323	NA	NA	0,368	0,359	0,364	0,403	0,404
2	78023915	N	0,483	0,521	0,323	0,395	0,336	0,373	0,361	0,379	0,403	0,415
2	78023932	N	0,487	0,516	0,321	0,413	0,347	0,376	0,361	0,377	0,405	0,396
2	129151244	N	0,479	0,488	0,595	0,626	0,596	0,655	0,618	0,630	0,624	0,635
2	129151284	N	0,489	0,483	0,595	0,638	0,607	0,652	0,631	0,631	0,630	0,619
2	129151298	N	0,491	0,488	0,598	0,641	0,607	0,657	0,631	0,633	0,630	0,613
2	129151338	N	0,489	0,491	0,612	0,647	0,573	0,661	0,632	0,656	0,629	0,600
2	129151398	N	0,508	0,488	0,614	0,667	0,692	0,661	0,642	0,650	0,626	0,636
2	149915510	N	0,493	0,467	0,414	0,652	0,640	0,624	0,663	0,614	0,626	0,526
2	149915528	N	0,489	0,456	0,413	0,657	0,644	0,632	0,650	0,614	0,627	0,524
2	149915594	N	0,495	0,463	0,413	0,656	0,637	0,627	0,671	0,618	0,631	0,521
2	149915632	N	0,495	0,521	0,582	0,328	0,374	0,358	0,331	0,380	0,354	0,471
2	154730984	N	0,523	0,363	0,571	0,766	0,632	0,613	0,638	0,568	0,566	0,421
2	154730989	N	0,524	0,373	0,573	0,749	0,653	0,606	0,638	0,558	0,552	0,395
2	154730997	N	0,555	0,383	0,579	0,782	0,675	0,613	0,643	0,567	0,595	0,427
2	154731055	N	0,567	0,400	0,584	0,795	0,692	0,609	0,651	0,565	0,637	0,390
2	154731074	N	0,575	0,402	0,586	0,796	0,708	0,609	0,668	0,564	0,642	0,438
2	235941661	N	0,504	0,501	0,521	0,328	0,343	0,338	0,317	0,412	0,399	0,478
2	241758155	N	0,518	0,611	0,502	NA	NA	0,383	0,384	0,437	0,387	NA
3	13679688	N	0,494	0,391	0,185	0,355	0,316	0,320	0,291	0,345	0,373	0,100
3	13679695	N	0,490	0,392	0,186	0,348	0,307	0,322	0,291	0,344	0,360	NA
3	13679708	N	0,492	0,392	0,185	0,354	0,301	0,319	0,291	0,338	0,367	0,100
3	121976471	N	0,459	NA	NA	NA	NA	0,242	NA	NA	0,322	NA
3	121976494	N	0,483	NA	NA	NA	NA	0,758	0,657	NA	0,651	0,529
3	121976535	N	0,429	NA	NA	NA	NA	0,639	0,613	NA	0,609	0,529
3	121976547	N	0,477	NA	NA	NA	NA	0,737	0,652	NA	0,644	0,448
3	179465626	N	0,479	0,463	0,509	0,682	0,616	0,606	0,723	0,638	0,650	NA
3	179465638	N	0,479	0,466	0,512	0,680	0,628	0,607	0,722	0,635	0,641	NA
3	190341292	N	0,501	0,370	0,479	0,401	0,356	0,335	0,336	0,363	0,418	0,553
4	7436701	N	0,523	0,617	0,605	0,505	0,537	0,569	0,482	0,521	0,546	0,680
4	24896473	N	0,524	0,513	0,622	0,458	0,455	0,506	0,511	0,500	0,486	0,655
4	24896580	N	0,518	0,497	0,584	0,421	0,385	0,507	0,504	0,497	0,493	0,617
4	24896658	N	0,506	0,481	0,560	0,389	0,380	0,503	0,495	0,491	0,488	0,667
4	38990230	N	0,484	0,480	0,293	0,432	0,455	0,488	0,472	0,517	0,477	0,472
4	38990265	N	0,471	0,477	0,275	0,431	0,459	0,477	0,470	0,527	0,476	0,467
4	38990271	N	0,459	0,476	0,315	0,429	0,424	0,470	0,456	0,525	0,465	NA
4	48174161	N	0,536	0,557	0,756	0,746	0,651	0,670	0,660	0,564	NA	NA
4	48174173	N	0,530	0,557	0,756	0,756	0,636	0,671	0,661	0,564	NA	NA
4	48174251	N	0,548	0,603	0,782	0,777	0,556	0,678	0,663	0,594	NA	NA
4	48174288	N	0,540	0,597	0,784	0,774	0,579	0,674	0,660	0,588	NA	NA
4	93331410	N	0,470	0,500	0,627	NA	NA	0,703	0,669	0,500	0,590	0,784
4	117446376	N	0,452	0,577	0,431	0,854	0,773	0,945	0,991	0,698	0,778	NA
4	117446416	N	0,458	0,588	0,423	0,858	0,844	0,946	1,000	0,700	0,759	NA
4	117446442	N	0,464	0,588	0,423	0,863	0,867	0,946	1,000	0,697	0,759	NA
4	118586937	Y	0,000	0,000	0,000	0,313	0,262	0,350	0,289	0,139	NA	NA
4	129228752	Y	0,000	0,000	0,000	0,196	0,291	0,333	0,390	0,246	0,217	0,003
4	142001608	N	0,494	0,382	0,500	0,854	0,826	0,935	0,963	0,665	0,761	0,410
4	142001670	N	0,499	0,375	0,514	0,868	0,846	0,937	0,968	0,653	0,763	0,405
4	142001679	N	0,499	0,375	0,509	0,864	0,846	0,937	0,968	0,663	0,763	0,395
4	142001727	N	0,495	0,455	0,515	0,868	0,865	0,937	0,970	0,687	0,772	NA
4	142001731	N	0,493	0,429	0,515	0,866	0,865	0,936	0,970	0,687	0,772	0,395
4	142001744	N	0,494	0,450	0,461	0,867	0,868	0,938	0,970	0,687	0,789	NA
4	149766462	N	0,492	0,584	0,637	0,884	0,847	0,919	0,982	0,776	0,780	0,512
4	149766492	N	0,487	0,555	0,585	0,884	0,840	0,913	0,976	0,772	0,771	0,503
4	152595357	Y	0,000	0,000	0,000	0,398	0,375	0,470	0,429	0,297	0,305	0,000
4	167951933	N	0,497	0,526	0,710	0,892	0,864	0,929	1,000	0,776	0,767	0,514
4	167951966	N	0,486	0,521	0,705	0,879	0,844	0,924	1,000	0,772	0,767	0,541
4	167951994	N	0,488	0,522	0,705	0,885	0,851	0,926	1,000	0,772	0,765	0,526
4	186628572	N	0,512	0,349	0,357	0,128	0,082	0,070	0,018	0,202	0,205	0,574
4	186628694	N	0,536	0,347	0,362	0,155	0,116	0,070	0,017	0,213	0,202	0,571
4	186628721	N	0,535	0,343	0,363	0,154	0,115	0,070	0,017	0,218	0,201	0,583
4	186628753	N	0,460	0,647	0,629	0,846	0,883	0,928	0,983	0,783	0,794	0,419
5	1473977	N	0,418	NA	NA	NA	NA	0,274	0,311	NA	0,480	0,488
5	5142353	N	0,518	0,512	0,580	0,455	0,575	0,542	0,526	0,447	0,469	0,692
5	5142424	N	0,517	0,520	0,588	0,455	0,580	0,544	0,523	0,447	0,468	0,692
5	5142460	N	0,476	0,478	0,412	0,541	0,433	0,454	0,471	0,551	0,534	0,308
5	13774024	N	0,403	0,402	0,305	NA	NA	NA	0,584	NA	NA	NA
5	33667602	N	0,603	NA	NA	NA	NA	0,708	0,444	NA	0,433	NA
5	78712889	N	0,487	0,566	0,478	0,612	0,660	0,685	0,530	0,604	0,582	0,615
5	131353546	N	0,463	0,350	0,415	0,427	0,390	0,241	0,385	0,299	0,326	0,483
5	134782414	N	0,470	NA	NA	NA	NA	0,710	0,494	NA	0,586	0,643
5	134782450	N	0,467	NA	NA	NA	NA	0,676	0,486	NA	0,581	0,643
5	134782510	N	0,458	NA	NA	NA	NA	0,677	0,475	NA	0,569	0,656
5	150696447	N	0,529	0,488	0,470	0,549	0,463	0,350	0,442	0,427	0,422	0,512
5	150696498	N	0,522	0,488	0,475	0,554	0,475	0,339	0,457	0,429	0,407	0,515
5	150696540	N	0,528	0,488	0,475	0,552	0,486	0,356	0,429	0,428	0,397	0,515
5	164368812	N	0,546	0,379	0,737	0,758	NA	0,736	0,535	0,628	0,719	NA
5	164368821	N	0,547	0,419	0,737	0,753	NA	0,731	0,529	0,624	0,711	NA
5	164368891	N	0,509	0,400	0,667	0,677	NA	0,708	0,520	0,584	0,675	0,613
6	31504015	N	0,530	NA	NA	NA	NA	0,427	0,290	NA	0,432	0,373
6	43749163	N	0,503	0,285	0,440	0,365	0,307	0,355	0,330	0,362	0,399	0,429
6	43749230	N	0,517	0,302	0,442	0,383	0,328	0,343	0,336	0,371	0,413	0,444
6	86656645	N	0,504	0,583	0,689	0,643	0,618	0,676	0,709	0,583	0,626	0,600
6	86656653	N	0,497	0,578	0,685	0,641	0,619	0,674	0,709	0,586	0,619	0,596
6	86656733	N	0,495	0,581	0,685	0,640	0,629	0,672	0,710	0,588	0,620	0,592
6	93823491	N	0,515	0,446	0,353	NA	0,293	0,335	0,337	0,370	0,381	0,326
6	95066652	N	0,510	0,429	0,345	0,298	0,312	0,333	0,343	0,340	0,406	0,337
6	95066744	N	0,499	0,432	0,343	0,308	0,323	0,324	0,335	0,350	0,405	0,338
6	103718071	N	0,490	0,369	0,362	0,354	0,363	0,337	0,385	0,356	0,449	0,332
6	103718120	N	0,495	0,366	0,367	0,343	0,359	0,334	0,375	0,357	0,451	0,331
6	149665721	Y	0,000	0,000	0,000	0,239	0,293	0,337	0,000	0,157	0,013	0,000
6	149665852	N	0,500	0,398	0,383	0,352	0,290	0,364	0,319	0,324	0,439	0,293
6	156305059	N	0,491	0,629	0,524	0,676	0,656	0,730	0,738	0,735	0,717	0,549
6	156305093	N	0,495	0,643	0,532	0,698	0,678	NA	NA	NA	0,723	NA
6	156305117	N	0,505	0,628	0,528	0,703	0,686	0,730	0,711	0,737	0,726	0,555
6	156305125	N	0,506	0,630	0,530	0,709	0,689	0,731	0,717	0,740	0,729	0,579
6	162472278	N	0,460	0,423	0,421	0,303	0,295	0,262	0,257	0,274	0,275	0,315
6	162472327	N	0,456	0,421	0,421	0,292	0,274	0,259	0,253	0,273	0,282	0,325
6	162472380	N	0,457	0,421	0,422	0,288	0,263	0,257	0,241	0,270	0,272	0,319
6	169422256	Y	0,000	0,000	0,000	0,419	0,453	0,476	0,470	0,316	0,327	0,000
7	2957030	Y	NA	NA	NA	NA	NA	NA	0,312	NA	0,192	0,443
7	25194291	N	0,512	0,694	0,786	0,501	0,721	0,538	0,497	0,649	0,532	0,680
7	25194313	N	0,480	0,309	0,214	0,492	0,273	0,446	0,491	0,349	0,473	0,319
7	25194413	N	0,465	0,319	0,220	0,464	0,235	0,469	0,500	0,347	0,471	0,325
7	25194431	N	0,462	0,316	0,206	0,462	0,234	0,438	0,489	0,350	0,476	0,325
7	55238874	N	0,514	0,460	0,551	0,481	0,551	0,518	0,496	0,557	0,453	0,795
7	77818393	N	0,485	0,515	0,381	0,517	0,486	0,485	0,494	0,462	0,423	0,233
7	77818458	N	0,484	0,500	0,385	0,525	0,481	0,501	0,496	0,459	0,418	0,238
7	77818463	N	0,489	0,502	0,384	0,528	0,477	0,498	0,483	0,460	0,425	0,238
7	77818547	N	0,443	0,437	0,336	0,549	0,496	0,400	0,415	0,374	0,390	0,240
7	79442762	N	0,499	0,542	0,591	0,444	NA	0,484	0,459	0,428	0,490	0,630
7	79442846	N	0,497	0,523	0,602	0,420	NA	0,488	0,471	0,432	0,479	0,670
7	100815816	N	0,475	NA	NA	NA	NA	NA	0,530	NA	0,483	0,139
7	103373014	N	0,494	0,578	0,518	0,460	0,437	0,494	0,418	0,515	0,532	NA
7	103373033	N	0,499	0,573	0,515	0,494	0,464	0,497	0,417	0,516	0,528	NA
7	103373051	N	0,502	0,575	0,517	0,496	0,478	0,497	0,420	0,515	0,532	NA
7	103373071	N	0,497	0,583	0,518	0,489	0,460	0,496	0,423	0,516	0,532	NA
7	103373086	N	0,504	0,586	0,519	0,497	0,476	0,499	0,413	0,512	0,536	NA
7	103373126	N	0,500	0,419	0,483	0,492	0,525	0,502	0,575	0,484	0,456	NA
7	155385454	N	0,464	0,524	0,457	0,421	0,391	0,496	0,430	0,574	0,515	0,830
7	155385465	N	0,476	0,523	0,463	0,446	0,409	0,495	0,434	0,584	0,509	0,837
8	13016359	N	0,474	0,496	0,476	0,779	0,707	0,703	0,725	0,689	0,589	0,933
8	13016379	N	0,472	0,495	0,474	0,768	0,702	0,699	0,741	0,686	0,585	0,933
8	32245522	N	0,493	0,546	0,451	0,292	0,341	0,302	0,257	0,325	0,334	0,064
8	32245538	N	0,506	0,450	0,548	NA	NA	0,697	0,746	0,670	0,661	0,936
8	32245557	N	0,489	0,550	0,450	0,285	0,316	0,301	0,252	0,324	0,337	0,065
8	32245566	N	0,488	0,517	0,449	0,279	0,310	0,296	0,249	0,325	0,336	0,065
8	123806187	N	0,506	0,475	0,538	0,769	0,673	0,646	0,756	0,638	0,664	0,954
8	123806196	N	0,506	0,476	0,537	0,773	0,683	0,662	0,775	0,645	0,664	0,961
8	123806240	N	0,503	0,479	0,535	0,769	0,690	0,643	0,758	0,645	0,662	0,960
9	847806	N	0,526	NA	NA	NA	NA	0,683	0,463	NA	0,493	0,000
9	847917	N	0,561	NA	NA	NA	NA	0,623	0,490	NA	0,518	0,254
9	847992	N	0,549	NA	NA	NA	NA	0,624	0,485	NA	0,503	0,258
9	848066	N	0,470	NA	NA	NA	NA	0,575	0,462	NA	0,441	0,412
9	923709	N	0,470	NA	NA	NA	NA	NA	0,364	NA	0,498	NA
9	923850	N	0,446	NA	NA	NA	NA	NA	0,327	NA	0,495	NA
9	923884	N	0,461	NA	NA	NA	NA	0,450	0,327	NA	0,502	NA
9	923893	N	0,465	NA	NA	NA	NA	0,450	0,308	NA	0,496	NA
9	2086939	Y	0,000	0,000	0,000	NA	NA	0,474	0,469	0,048	0,256	0,000
9	17793818	N	0,488	0,485	0,455	0,446	0,461	0,537	0,449	0,521	0,391	NA
9	17793903	N	0,488	0,492	0,448	0,442	0,460	0,535	0,451	0,529	0,391	NA
9	27203487	N	0,493	0,492	0,567	0,512	0,408	0,510	0,517	0,472	0,553	0,881
9	27203511	N	0,495	0,488	0,412	0,465	0,581	0,479	0,466	0,512	0,430	0,111
9	27203554	N	0,479	0,480	0,406	0,450	0,563	0,465	0,450	0,493	0,403	NA
9	27203592	N	0,546	0,566	0,471	0,452	0,552	0,579	0,577	0,609	0,544	0,119
9	27203596	N	0,541	0,565	0,468	0,454	0,537	0,581	0,579	0,601	0,557	NA
9	27203625	N	0,545	0,565	0,474	0,453	0,515	0,583	0,576	0,614	0,570	0,118
9	27203682	N	0,550	0,574	0,476	0,458	0,532	0,586	0,585	0,614	0,576	0,124
9	73536416	N	0,492	0,549	0,629	0,376	0,490	0,505	0,980	0,454	0,524	0,343
9	73536510	N	0,494	0,548	0,635	0,390	0,513	0,506	0,977	0,450	0,521	0,342
9	86093180	N	0,498	0,374	0,155	0,644	0,339	0,488	0,026	0,494	0,452	NA
9	86093237	N	0,506	0,384	0,154	0,637	0,340	0,485	0,019	0,494	0,465	NA
9	86093264	N	0,496	NA	NA	0,635	0,346	NA	NA	NA	NA	NA
9	86093265	N	0,493	0,344	0,153	0,633	0,346	0,489	0,024	0,494	0,439	NA
9	105780558	N	0,493	0,476	0,605	0,415	0,474	0,470	0,990	0,523	0,563	0,454
9	105780567	N	0,484	0,474	0,602	0,411	0,457	0,468	0,990	0,522	0,560	0,461
9	105780570	N	0,484	0,475	0,601	0,410	0,465	0,467	0,988	0,523	0,563	0,454
9	105780618	N	0,495	0,477	0,600	0,420	0,471	0,476	0,986	0,528	0,560	0,458
9	120004783	N	0,513	0,344	0,438	0,598	0,482	0,496	0,021	0,493	0,503	0,534
9	135770134	N	0,574	NA	NA	NA	NA	0,471	0,025	NA	0,520	0,204
9	135770300	N	0,533	NA	NA	NA	NA	0,455	0,025	NA	0,509	NA
9	135770347	N	0,497	NA	NA	NA	NA	0,449	0,024	NA	0,459	0,290
9	137688576	N	0,381	NA	NA	NA	NA	NA	NA	NA	NA	NA
10	12591712	N	0,489	0,608	0,633	0,904	0,882	0,945	0,985	0,780	0,801	0,588
10	12591754	N	0,518	0,401	0,372	0,091	0,102	0,058	0,012	0,221	0,190	0,410
10	12591798	N	0,483	0,595	0,626	0,915	0,909	0,945	0,988	0,774	0,781	0,603
10	23297301	N	0,479	0,377	0,500	0,866	0,924	0,948	0,974	0,784	0,845	0,500
10	23297336	N	0,480	0,391	0,505	0,857	0,926	0,947	0,975	0,781	0,841	NA
10	25839446	N	0,489	0,382	0,478	0,126	0,071	0,035	0,000	0,212	0,250	NA
10	55725207	N	0,543	0,686	0,425	0,080	0,029	0,065	0,020	0,266	0,342	0,738
10	55725234	N	0,546	0,692	0,430	0,077	0,029	0,066	0,023	0,266	0,343	0,747
10	55725337	N	0,534	0,692	0,435	0,073	0,056	0,066	0,022	0,273	0,334	0,742
10	95239121	N	0,474	0,510	0,750	0,911	0,907	0,933	0,987	0,803	0,776	0,417
10	95239183	N	0,489	0,443	0,231	0,080	0,090	0,061	0,000	0,184	0,211	0,572
10	95239187	N	0,471	0,394	0,211	0,081	0,092	0,065	0,010	0,182	0,181	0,577
10	95239251	N	0,480	0,509	0,754	0,913	0,908	0,937	0,990	0,806	0,783	0,419
10	120874078	N	0,529	NA	NA	0,922	0,902	NA	NA	NA	0,755	NA
10	120874079	N	0,511	0,495	0,431	0,922	0,902	0,954	0,983	0,769	0,755	0,348
10	120874086	N	0,531	0,492	NA	0,920	0,885	NA	NA	NA	NA	NA
10	120874087	N	0,513	0,492	0,397	0,920	0,885	0,948	0,972	0,766	0,752	0,380
10	134798532	N	0,516	0,447	0,374	0,103	0,101	0,042	0,034	0,247	0,219	0,745
10	134798538	N	0,513	0,466	0,370	0,106	0,106	0,042	0,041	0,248	0,217	0,745
11	534403	N	0,562	0,638	0,667	NA	NA	0,098	0,032	0,298	0,212	NA
11	5443867	N	0,539	NA	NA	NA	NA	0,070	0,024	NA	0,230	0,559
11	5443887	N	0,534	NA	NA	NA	NA	0,069	0,023	NA	0,227	0,535
11	5443893	N	0,515	NA	NA	NA	NA	0,057	0,018	NA	0,193	0,474
11	5444061	N	0,433	NA	NA	NA	NA	0,033	0,008	NA	0,152	0,491
11	5444136	N	0,508	NA	NA	NA	NA	0,067	0,012	NA	0,200	0,405
11	5602615	N	0,466	0,409	0,400	NA	NA	0,053	0,029	0,218	0,218	0,578
11	5602679	N	0,449	0,405	0,396	NA	NA	0,053	0,027	0,218	0,221	0,576
11	5602789	N	0,441	0,408	0,389	NA	NA	NA	NA	NA	NA	NA
11	5809477	N	0,482	NA	NA	NA	NA	0,941	1,000	NA	0,775	0,478
11	5809548	N	0,485	NA	NA	NA	NA	0,080	0,000	NA	0,142	0,633
11	5809673	N	0,486	NA	NA	NA	NA	0,938	1,000	0,864	0,829	0,364
11	5809746	N	0,494	NA	NA	NA	NA	0,938	1,000	NA	0,821	0,300
11	11338063	N	0,490	0,534	0,546	0,854	0,871	0,958	0,987	0,732	0,826	0,498
11	11338190	N	0,481	0,553	0,540	0,828	0,864	0,954	0,989	0,730	0,826	0,495
11	19826548	N	0,482	0,506	0,576	0,909	0,925	0,939	1,000	0,741	0,775	0,573
11	44840684	N	0,487	0,530	0,513	0,107	0,108	0,071	0,020	0,227	0,199	0,452
11	48284000	N	0,515	0,459	0,376	0,110	0,084	0,081	0,020	0,170	0,219	0,393
11	48284033	N	0,519	0,468	0,378	0,112	0,084	0,083	0,019	0,170	0,227	0,399
11	48284109	N	0,510	0,469	0,380	0,112	0,083	0,074	0,020	0,170	0,226	0,380
11	69976047	N	0,498	0,473	0,532	0,868	0,880	0,958	0,984	0,825	0,787	0,508
11	69976094	N	0,508	0,442	0,540	0,878	0,901	0,956	0,985	0,823	0,801	0,508
11	69976138	N	0,514	0,470	0,539	0,876	0,896	0,959	0,984	0,831	0,788	0,522
11	69976193	N	0,504	0,499	0,544	0,883	0,910	0,956	0,976	0,835	0,784	0,511
11	76421195	N	0,451	0,371	0,680	0,065	0,049	0,058	0,019	0,040	0,400	NA
11	76421214	N	0,456	0,371	0,680	0,071	0,048	0,058	0,019	0,040	0,400	NA
11	76421250	N	0,450	0,371	0,680	0,069	0,048	0,058	0,019	0,040	0,400	NA
11	76421307	N	0,437	0,371	0,680	NA	0,050	0,058	0,019	0,000	0,381	NA
11	76421341	N	0,447	0,371	0,708	0,076	0,053	0,058	0,019	0,040	0,429	NA
11	79087234	N	0,470	0,460	0,476	0,883	0,871	0,950	0,990	0,794	0,787	0,500
11	79087280	N	0,473	0,460	0,473	0,882	0,876	0,949	1,000	0,792	0,789	0,512
11	79087291	N	0,473	0,466	0,473	0,879	0,871	0,950	0,989	0,792	0,782	0,512
11	79851768	N	0,500	0,570	0,415	0,934	0,888	0,928	1,000	0,813	0,803	NA
11	79851772	N	0,495	0,569	0,414	0,933	0,889	0,923	0,989	0,804	0,760	0,750
11	79851783	N	0,496	0,569	0,415	0,931	0,890	0,928	0,990	0,813	0,800	0,755
11	79851863	N	0,496	0,572	0,415	0,920	0,893	0,927	0,988	0,811	0,799	0,741
11	118938315	N	0,497	0,408	0,512	0,066	0,069	0,046	0,000	0,218	0,157	0,485
11	118938371	N	0,496	0,411	0,511	0,065	0,069	0,047	0,000	0,216	0,156	0,485
11	118938388	N	0,526	NA	NA	NA	NA	NA	NA	NA	NA	0,500
11	118938435	N	0,515	0,412	0,515	0,069	0,077	0,049	0,000	0,221	0,168	0,488
11	123468933	N	0,507	0,327	0,595	0,862	0,913	0,939	0,969	0,798	0,763	0,622
11	123468965	N	0,498	0,331	0,590	0,856	0,915	0,939	0,969	0,794	0,759	0,579
11	123468969	N	0,497	0,329	0,592	0,859	0,918	0,939	0,969	0,794	0,772	0,579
12	6898460	N	0,477	0,522	0,420	0,447	0,349	0,253	0,274	0,328	0,326	0,742
12	6898521	N	0,485	0,528	0,420	0,472	0,343	0,259	0,274	0,331	0,334	0,744
12	11904752	N	0,488	0,524	0,407	0,498	0,570	0,690	0,723	0,633	0,655	0,364
12	11904767	N	0,478	0,525	0,402	0,486	0,570	0,688	0,738	0,624	0,653	NA
12	11904770	N	0,480	0,529	0,406	0,488	0,570	0,694	0,732	0,630	0,653	0,364
12	21908499	Y	0,000	0,000	0,000	0,134	0,130	0,144	0,148	0,127	0,100	0,000
12	24135136	N	0,455	NA	NA	NA	NA	0,696	0,679	NA	0,581	NA
12	24135271	N	0,513	NA	NA	NA	NA	0,286	0,378	NA	0,388	NA
12	24135354	N	0,486	NA	NA	NA	NA	0,667	0,590	NA	0,606	NA
12	24993887	Y	0,000	0,000	0,000	0,103	0,135	0,143	0,145	0,089	0,123	0,000
12	28345303	N	0,534	0,671	0,427	0,472	0,317	0,297	0,269	0,329	0,367	0,522
12	28345342	N	0,504	0,591	0,415	0,460	0,304	0,295	0,267	0,321	0,310	0,530
12	28345395	N	0,502	0,593	0,417	0,458	0,295	0,308	0,273	0,317	0,298	0,561
12	32446901	N	0,535	0,507	0,494	0,396	0,300	0,283	0,283	0,325	0,396	0,641
12	40378646	N	0,511	0,492	0,563	NA	0,705	0,680	0,684	0,597	0,769	NA
12	40378647	N	0,509	0,492	0,563	0,548	0,705	0,681	0,684	0,597	0,773	0,645
12	40378739	N	0,512	0,492	0,579	0,544	0,708	0,685	0,689	0,605	0,776	0,588
12	40378773	N	0,507	0,500	0,589	0,547	0,698	0,688	0,686	0,597	0,776	0,625
12	40378784	N	0,511	0,502	0,591	0,547	0,698	0,686	0,689	0,607	0,779	0,613
12	122612598	N	0,496	0,509	0,591	0,525	0,623	0,668	0,645	0,640	0,582	0,268
12	122612625	N	0,508	0,503	0,580	0,524	0,619	0,673	0,653	0,643	0,571	0,256
12	122612635	N	0,506	0,511	0,591	0,530	0,625	0,667	0,658	0,643	0,579	0,271
12	129465381	N	0,484	NA	NA	NA	NA	0,314	0,363	NA	0,309	0,261
13	21466318	N	0,508	NA	NA	NA	NA	0,076	0,000	0,000	0,163	0,128
13	46752671	N	0,426	0,340	0,375	0,086	0,124	0,037	0,000	0,263	0,118	0,065
13	46752698	N	0,422	0,350	0,376	0,081	0,098	0,038	0,000	0,263	0,122	0,065
13	46752704	N	0,425	0,351	0,377	0,081	0,102	0,038	0,000	0,263	0,122	0,066
13	46752813	N	0,471	0,375	0,380	0,092	0,096	0,040	0,010	0,266	0,201	0,067
13	79886557	N	0,487	0,653	0,724	0,869	0,865	0,954	0,985	0,763	0,717	NA
13	79886566	N	0,484	0,646	0,720	0,871	0,869	0,954	0,985	0,762	0,771	0,824
13	79886654	N	0,481	0,345	0,272	0,120	0,127	0,045	0,016	0,230	0,228	0,167
13	79886677	N	0,500	0,652	0,723	0,857	0,854	0,944	0,981	0,770	0,758	0,822
13	79935255	N	0,480	0,487	0,796	0,916	0,887	0,953	1,000	0,786	0,773	0,962
13	79935360	N	0,459	0,478	0,789	0,910	0,894	0,952	1,000	0,779	0,767	0,949
13	79935401	N	0,460	0,476	0,786	0,913	0,886	0,951	1,000	0,782	0,772	0,956
13	93888166	N	0,575	NA	NA	NA	NA	0,074	0,000	NA	0,178	0,000
13	93888243	N	0,511	NA	NA	NA	NA	0,036	0,009	NA	0,215	NA
13	93888359	N	0,480	NA	NA	NA	NA	0,086	0,016	NA	0,295	0,000
13	93888407	N	0,429	NA	NA	NA	NA	0,031	0,017	NA	0,243	0,000
13	110909043	N	0,518	0,720	0,789	0,937	0,873	0,966	0,983	0,776	0,790	0,931
13	110909064	N	0,485	0,282	0,203	0,075	0,110	0,033	0,012	0,224	0,204	0,086
13	110909085	N	0,484	0,281	0,207	0,076	0,112	0,032	0,011	0,222	0,204	0,067
14	22392983	N	0,481	0,688	0,590	0,594	0,528	0,519	0,770	0,673	0,557	0,936
14	22393124	N	0,497	0,680	0,588	0,616	0,555	0,522	0,778	0,675	0,566	0,934
14	22393148	N	0,494	0,682	0,588	0,611	0,548	0,518	0,785	0,675	0,566	0,934
14	33165051	N	0,510	0,475	0,436	0,464	0,459	0,473	0,257	0,391	0,426	0,122
14	33165084	N	0,513	0,475	0,432	0,481	0,482	0,473	0,255	0,390	0,428	0,123
14	33165182	N	0,525	0,486	0,441	0,495	0,466	0,476	0,270	0,409	0,429	0,112
14	41916241	N	0,504	0,406	0,424	0,446	0,570	0,520	0,218	0,397	0,467	0,000
14	41916247	N	0,508	0,408	0,428	0,448	0,574	0,519	0,210	0,398	0,468	0,000
14	57244325	N	0,499	0,592	0,534	0,524	0,525	0,464	0,732	0,657	0,550	0,914
14	58055209	N	0,506	0,510	0,580	0,524	0,484	0,502	0,725	0,640	0,612	0,951
14	58055276	N	0,506	0,508	0,575	0,526	0,485	0,499	0,729	0,652	0,626	0,950
14	58055281	N	0,509	0,511	0,575	0,532	0,481	0,499	0,747	0,652	0,604	0,952
14	94773371	N	0,494	0,461	0,289	0,437	0,517	0,502	0,233	0,358	0,445	0,071
14	94773395	N	0,490	0,459	0,289	0,438	0,502	0,503	0,227	0,359	0,446	0,078
15	26037844	N	0,507	0,588	0,406	0,432	0,389	0,336	0,321	0,400	0,404	NA
15	26037885	N	0,507	0,576	0,418	0,428	0,375	0,328	0,317	0,392	0,403	0,944
15	26037922	N	0,512	0,580	0,430	0,428	0,383	0,332	0,299	0,393	0,415	0,943
15	26037940	N	0,508	0,588	0,436	0,434	0,375	0,337	0,318	0,385	0,400	0,942
15	29908284	Y	0,000	0,000	0,000	0,201	0,236	0,337	0,327	0,202	0,333	NA
15	60966891	N	0,476	0,455	0,335	0,406	0,356	0,313	0,276	0,371	0,372	0,889
15	60966927	N	0,489	0,459	0,339	0,409	0,361	0,335	0,275	0,373	0,379	0,879
15	60966998	N	0,490	0,391	0,289	NA	NA	0,322	0,276	0,365	0,358	0,888
15	70960751	Y	0,000	NA	NA	NA	NA	0,338	0,345	NA	0,185	0,000
16	4740441	N	0,476	0,501	0,607	0,649	0,609	0,648	0,656	0,587	0,609	0,582
16	4740477	N	0,481	0,493	0,612	0,642	0,627	0,645	0,660	0,583	0,615	0,581
16	34545665	Y	0,000	0,000	0,000	0,326	0,282	0,316	0,293	0,194	0,218	0,000
16	51795607	N	0,489	0,346	0,370	0,110	0,122	0,090	0,017	0,263	0,206	0,440
16	51795641	N	0,486	0,355	0,367	0,110	0,118	0,091	0,016	0,263	0,198	0,439
16	58552921	N	0,513	NA	NA	NA	NA	0,745	0,594	NA	0,588	0,525
16	70926710	N	0,510	0,545	0,550	0,450	0,485	0,462	0,525	0,459	0,505	0,545
16	70926724	N	0,518	0,538	0,538	0,437	0,448	0,436	0,533	0,445	0,505	0,546
16	70926768	N	0,519	0,532	0,547	0,433	0,459	0,452	0,538	0,441	0,503	0,533
16	73200247	Y	0,000	0,000	0,000	0,269	0,227	0,311	0,360	0,310	0,231	0,000
16	80704005	N	0,512	0,554	0,615	0,907	0,897	0,942	0,977	0,771	0,770	0,670
16	80704010	N	0,506	0,554	0,600	0,908	0,897	0,938	0,979	0,769	0,770	0,671
16	84462543	N	0,514	0,437	0,317	0,099	0,113	0,045	0,015	0,162	0,130	0,353
16	85045103	N	0,513	0,524	0,325	0,118	0,083	0,059	0,023	0,279	0,198	0,329
16	85045203	N	0,483	0,487	0,671	NA	0,878	0,939	0,975	0,714	0,797	NA
17	16846155	N	0,504	0,518	0,526	0,653	0,677	0,612	0,622	0,695	0,594	NA
17	16846176	N	0,503	0,517	0,522	0,658	0,675	0,607	0,621	0,695	0,590	0,750
17	16846208	N	0,499	0,510	0,524	0,649	0,667	0,599	0,614	0,696	0,588	0,748
17	16846298	N	0,500	0,509	0,521	0,653	0,677	0,601	0,618	0,693	0,590	0,760
17	70883473	N	0,516	0,451	0,585	0,657	0,650	0,610	0,643	0,584	0,599	0,354
17	70883483	N	0,522	0,450	0,585	0,662	0,650	0,615	0,630	0,587	0,605	0,359
17	70883493	N	0,529	0,449	0,586	NA	0,674	0,601	0,629	0,586	0,600	0,359
17	70883558	N	0,528	0,445	0,583	0,662	0,669	0,608	0,640	0,594	0,596	0,370
18	8299082	N	0,498	0,566	0,514	0,522	0,444	0,498	0,444	0,479	0,485	0,145
18	8299100	N	0,507	0,578	0,532	NA	NA	0,502	0,445	0,478	0,483	0,145
18	14960430	N	0,484	0,330	0,400	0,522	0,496	0,513	0,540	0,449	0,546	0,911
18	14960443	N	0,470	0,305	0,381	NA	NA	0,502	0,525	0,444	0,534	0,911
18	14960483	N	0,460	0,302	0,371	0,505	0,453	0,519	0,544	0,445	0,524	0,904
18	43321412	N	0,380	0,426	0,235	0,481	0,451	0,445	0,429	0,341	NA	NA
18	43321417	N	0,380	0,425	0,235	0,484	0,460	0,445	0,428	0,341	NA	NA
18	43321442	N	0,383	0,430	0,234	0,490	0,472	0,449	0,430	0,347	NA	NA
18	75148002	N	0,496	0,534	0,601	0,504	0,501	0,497	0,509	0,485	0,487	0,715
18	75148016	N	0,504	0,536	0,602	0,507	0,497	0,502	0,499	0,484	0,480	0,717
18	75148028	N	0,498	0,535	0,604	0,512	0,493	0,501	0,495	0,481	0,483	0,714
19	3750615	N	0,477	NA	NA	NA	NA	0,487	0,377	0,300	0,397	0,086
19	3750622	N	0,472	NA	NA	NA	NA	0,483	0,373	0,300	0,395	0,082
19	3750690	N	0,478	0,300	0,565	NA	NA	0,481	0,359	0,304	0,389	0,102
19	7698760	N	0,464	0,389	0,345	0,497	0,488	0,422	0,291	0,306	0,397	0,071
19	7698788	N	0,463	0,390	0,346	0,494	0,463	0,428	0,284	0,314	0,396	0,069
19	7698857	N	0,458	0,392	0,348	0,489	0,463	0,424	0,285	0,319	0,400	0,072
19	15740268	N	0,482	0,525	0,696	NA	NA	0,520	0,630	0,615	0,596	0,940
19	15740275	N	0,478	0,527	0,695	NA	NA	0,520	0,630	0,615	0,582	0,950
19	18357364	N	0,482	0,501	0,521	0,513	0,503	0,491	0,637	0,570	0,616	0,956
19	18357389	N	0,474	0,516	0,533	0,515	0,485	0,492	0,624	0,580	0,606	0,956
19	18357416	N	0,476	0,510	0,533	0,505	0,509	0,488	0,644	0,567	0,619	0,959
19	33109983	N	0,496	0,536	0,424	0,452	0,543	0,436	0,301	0,293	0,359	0,068
19	33110047	N	0,491	0,525	0,424	0,454	0,554	0,435	0,306	0,289	0,357	0,062
19	33110058	N	0,486	0,523	0,409	0,459	0,559	0,431	0,288	0,288	0,348	0,062
19	33110149	N	0,449	0,457	0,355	0,480	0,607	0,316	0,196	0,201	0,265	0,070
19	44331585	N	0,499	0,512	0,598	0,450	0,486	0,350	0,682	NA	0,644	0,982
19	44331594	N	0,500	0,517	0,595	NA	NA	NA	0,682	NA	0,667	0,982
19	44331613	N	0,482	0,513	0,593	0,449	NA	NA	0,677	NA	0,656	0,982
19	56131557	Y	0,000	0,229	0,507	0,387	0,322	0,478	0,670	0,454	0,469	0,923
19	57983794	N	0,500	NA	NA	NA	NA	0,442	0,356	NA	0,381	NA
19	57983805	N	0,498	NA	NA	NA	NA	0,442	0,356	NA	0,392	0,000
19	57983897	N	0,457	NA	NA	NA	NA	0,383	0,342	NA	0,375	0,005
19	57983911	N	0,454	NA	NA	NA	NA	0,383	0,342	NA	0,374	0,005
19	57984045	N	0,443	NA	NA	NA	NA	0,250	0,328	NA	0,358	0,011
19	57984063	N	0,438	NA	NA	NA	NA	0,242	0,333	NA	0,362	0,011
19	57984096	N	0,440	NA	NA	NA	NA	0,242	0,329	NA	0,361	0,011
19	58790675	N	0,513	0,505	0,420	0,510	0,516	0,505	0,362	0,446	0,404	0,066
19	58790784	N	0,490	0,507	0,415	0,452	0,471	0,501	0,343	0,441	0,395	0,061
19	58790807	N	0,482	0,506	0,411	0,430	0,455	0,497	0,331	0,434	0,389	0,061
20	3527524	N	0,504	0,524	0,656	NA	NA	0,487	0,509	0,530	0,558	0,000
20	3527531	N	0,508	0,535	0,654	0,493	0,530	0,487	0,507	0,527	0,566	0,000
20	3527582	N	0,507	0,559	0,661	0,489	0,533	0,489	0,509	0,540	0,552	0,012
20	12223868	N	0,514	NA	NA	NA	NA	0,439	0,488	NA	0,474	0,902
20	12223912	N	0,546	NA	NA	NA	NA	0,483	0,510	NA	0,503	0,901
20	12223967	N	0,507	NA	NA	NA	NA	0,469	0,524	NA	0,492	0,905
20	12224116	N	0,440	NA	NA	NA	NA	0,443	0,494	NA	0,436	0,888
20	24418504	N	0,480	0,502	0,401	0,525	0,482	0,516	0,500	0,519	0,457	0,590
20	24418544	N	0,490	0,504	0,403	0,527	0,491	0,520	0,503	0,520	0,465	0,595
20	24418579	N	0,492	0,504	0,401	0,527	0,491	0,522	0,501	0,522	0,458	0,595
20	36559239	N	0,501	0,393	0,409	0,317	0,282	0,279	0,282	0,336	0,334	0,334
20	36559245	N	0,501	0,386	0,408	0,320	0,293	0,282	0,286	0,333	0,335	0,330
20	53267582	N	0,513	0,532	0,665	0,761	0,783	0,750	0,747	0,608	0,674	0,564
20	53267593	N	0,512	0,530	0,667	0,760	0,780	0,746	0,761	0,615	0,668	0,556
20	53267627	N	0,523	0,508	0,689	0,777	0,773	0,756	0,751	0,598	0,694	0,538
20	53267635	N	0,467	0,503	0,685	0,708	0,762	0,753	0,756	0,584	0,670	0,577
20	60500579	N	0,495	0,437	0,293	0,298	0,278	0,296	0,259	0,381	0,312	0,380
20	60500603	N	0,498	0,445	0,283	0,295	0,276	0,293	0,260	0,383	0,310	0,383
20	60500690	N	0,498	0,558	0,712	0,696	0,727	0,717	0,741	0,624	0,687	0,620
21	15649486	N	0,494	0,532	0,436	0,472	0,481	0,458	0,337	0,438	0,483	0,608
21	15649522	N	0,497	0,529	0,442	0,474	0,486	0,468	0,339	0,444	0,494	0,608
21	15649526	N	0,498	0,529	0,443	0,474	0,485	0,461	0,328	0,434	0,494	0,608
21	22512500	N	0,438	0,314	0,298	0,478	0,478	0,376	0,277	0,330	0,467	0,526
21	22512563	N	0,481	0,452	0,431	0,467	0,470	0,476	0,371	0,409	0,565	0,516
21	44141357	N	0,474	0,459	0,465	0,459	0,412	0,520	0,646	0,508	0,479	0,392
21	44141449	N	0,496	0,470	0,478	0,484	0,441	0,518	0,656	0,518	0,489	0,421
21	44141480	N	0,498	0,465	0,475	0,489	0,429	0,508	0,669	0,517	0,482	0,432
22	19593301	N	0,516	0,482	0,441	0,405	0,459	0,480	0,018	0,355	0,569	NA
22	19593344	N	0,513	0,504	0,433	0,401	0,454	0,483	0,010	0,353	0,614	0,963
22	19593434	N	0,515	0,493	0,446	0,385	0,442	0,479	0,011	0,349	0,593	0,961
22	19621011	N	0,507	0,552	0,541	0,361	0,462	0,529	0,017	0,323	0,592	0,951
22	19627431	N	0,494	0,429	0,536	0,420	0,473	0,508	0,025	0,377	0,649	0,924
22	19682621	N	0,495	0,471	0,499	NA	0,472	0,455	0,041	0,337	0,597	0,946
22	19682627	N	0,509	0,472	0,509	0,376	0,480	0,458	0,042	0,340	0,599	NA
22	20755226	N	0,401	0,371	0,412	NA	0,498	0,376	0,964	0,587	0,309	0,017
22	20755282	N	0,340	0,339	0,397	NA	NA	0,393	0,000	0,463	0,250	NA
22	20755340	N	0,485	0,461	0,517	0,579	0,523	0,494	1,000	0,729	0,403	0,009
22	20899971	N	0,494	0,597	0,574	0,647	NA	0,534	0,966	0,665	0,525	0,034
22	20899976	N	0,473	0,592	0,578	NA	0,565	0,526	0,964	0,658	0,513	NA
22	20900074	N	0,504	0,549	0,588	0,564	0,534	0,511	0,978	0,654	0,425	0,038
22	22015234	N	0,470	0,394	0,377	0,653	0,507	0,447	0,979	0,667	0,367	0,076
22	22027617	N	0,449	0,415	0,539	0,606	0,571	0,518	0,987	0,674	0,309	0,033
22	22027710	N	0,551	0,590	0,468	0,383	0,420	0,484	0,012	0,327	0,696	0,966
22	22532639	N	0,532	0,455	0,521	0,615	0,571	0,484	0,977	0,620	0,450	0,089
22	22532653	N	0,528	0,483	0,518	0,608	0,568	0,485	0,985	0,621	0,447	0,089
22	24159244	N	0,460	0,491	0,434	0,321	0,465	0,449	0,000	0,312	0,514	0,942
22	24159276	N	0,490	0,501	0,443	0,345	0,489	0,447	0,000	0,318	0,531	0,955
22	24159307	N	0,513	0,499	0,570	0,648	0,501	0,565	1,000	0,679	0,470	0,046
22	24159321	N	0,487	0,500	0,430	0,342	0,492	0,437	0,000	0,319	0,547	0,954
22	24159326	N	0,486	0,491	0,438	0,345	0,484	0,435	0,000	0,316	0,535	0,954
22	24159452	N	0,497	0,493	0,449	0,365	0,496	0,460	0,000	0,327	0,551	0,941
22	34256853	N	0,504	0,505	0,452	0,367	0,495	0,431	0,000	0,321	0,480	0,949
22	34256860	N	0,497	0,488	0,468	0,367	0,492	0,430	0,000	0,322	0,523	0,948
22	34256908	N	0,507	0,510	0,470	0,366	0,490	0,422	0,000	0,311	0,523	0,941
22	34256919	N	0,502	0,491	0,467	0,367	0,492	0,426	0,000	0,315	0,522	0,951
22	34256923	N	0,506	0,505	0,461	0,366	0,483	0,426	0,000	0,314	0,524	0,950
22	36537500	N	0,490	0,477	0,494	0,394	0,421	0,457	0,016	0,333	0,577	0,944
22	44541359	N	0,470	0,402	0,489	0,649	0,564	0,438	0,964	0,546	0,331	NA