Chromosome	Start	Somatic variant	Reference	CIS29	BCIS28	FCIS27	NS30	NS48	NS75
1	7324468	N	0,424	0,336	0,300	0,353	NA	NA	0,150
1	11505046	N	0,484	0,368	0,407	0,381	0,228	0,223	0,188
1	11505112	N	0,475	0,367	0,402	0,380	0,227	0,217	0,185
1	11505114	N	0,524	0,633	0,597	0,619	0,769	0,782	0,810
1	11505118	N	0,458	0,362	0,400	0,377	0,173	NA	0,173
1	17019808	Y	0,107	0,073	0,062	0,102	0,200	0,211	NA
1	17250762	N	0,359	0,383	0,400	0,439	0,425	0,446	0,453
1	17250836	N	0,359	0,371	0,369	0,444	0,422	0,442	0,434
1	17250861	Y	0,020	0,111	0,140	0,183	0,147	0,168	0,168
1	17907045	Y	0,000	0,000	0,000	0,000	NA	NA	0,144
1	24389697	Y	0,000	0,000	0,000	0,000	NA	NA	0,052
1	24882890	N	0,498	0,549	0,616	0,631	0,766	0,763	0,804
1	24882897	N	0,512	0,551	0,623	0,618	0,789	0,777	0,806
1	24882939	N	0,505	0,537	0,621	0,637	0,783	0,775	0,800
1	29681060	N	0,503	0,293	0,467	0,254	NA	NA	0,177
1	41249975	Y	NA	NA	NA	NA	NA	NA	NA
1	117617840	Y	0,000	NA	NA	0,000	NA	NA	0,140
1	193873045	N	0,505	0,599	0,608	0,647	0,653	0,663	0,687
1	193873099	N	0,504	0,601	0,607	0,649	0,655	0,670	0,655
1	193873155	N	0,485	0,595	0,604	0,642	0,642	0,665	0,617
1	195048816	N	0,483	0,477	0,385	0,400	0,177	0,189	0,181
1	195048824	N	0,508	0,518	0,592	0,596	0,815	0,813	0,811
1	197372977	Y	0,000	0,000	0,000	0,000	0,229	0,223	0,222
1	201773292	Y	0,000	0,000	0,000	0,000	0,595	0,566	0,548
1	203705107	Y	0,000	0,000	0,000	0,000	0,144	0,117	0,145
1	204323155	N	0,534	0,642	0,600	0,634	0,896	0,888	0,818
1	204323239	N	0,541	0,661	0,599	0,652	0,891	0,889	0,880
1	204323274	N	0,534	0,644	0,591	0,630	0,890	0,904	0,877
1	204459786	N	0,493	0,677	0,776	0,630	NA	NA	0,889
1	204977671	N	0,493	0,351	0,375	0,330	0,144	0,135	0,155
1	204977687	N	0,496	0,353	0,365	0,343	0,144	0,136	0,155
1	204977707	N	0,431	0,359	0,361	0,338	0,095	0,106	0,154
1	204977756	N	0,476	0,354	0,367	0,341	0,129	0,147	0,147
1	204977799	N	0,479	0,359	0,361	0,350	0,129	0,146	0,147
1	210344858	N	0,502	0,643	0,612	0,636	0,773	0,787	0,788
1	210344861	N	0,500	0,643	0,614	0,642	0,772	0,786	0,791
1	210344911	N	0,507	0,636	0,610	0,643	0,774	0,793	0,792
2	2863978	Y	0,000	0,000	0,000	0,000	NA	0,000	0,203
2	9537329	Y	0,000	0,000	0,000	0,000	0,131	0,149	0,121
2	9580540	N	0,522	0,643	0,615	0,732	0,760	0,766	0,734
2	10136845	N	0,479	0,391	0,359	0,315	0,243	0,256	0,281
2	10136855	N	0,479	0,405	0,357	0,303	0,245	0,256	0,269
2	10136936	N	0,476	0,390	0,348	0,320	0,233	0,248	0,278
2	12259009	Y	0,000	0,000	0,000	0,000	0,202	0,220	0,197
2	12280472	N	0,543	0,673	0,643	0,662	0,760	0,755	0,781
2	12280491	N	0,544	0,681	0,633	0,657	0,758	0,751	0,779
2	133049920	N	0,594	0,589	0,550	0,566	0,691	0,573	0,578
2	133049943	N	0,399	0,411	0,447	0,434	0,323	0,425	0,414
2	133049959	N	0,594	0,593	0,554	0,557	0,671	0,567	0,583
2	154730984	N	0,513	0,413	0,427	0,336	0,342	0,354	0,322
2	154730989	N	0,508	0,420	0,427	0,336	0,335	0,350	0,290
2	154730997	N	0,543	0,427	0,434	0,344	0,381	0,385	0,330
2	154731055	N	0,561	0,456	0,440	0,348	0,357	0,393	0,358
2	154731074	N	0,568	0,449	0,446	0,350	0,367	0,397	0,367
2	235941661	N	0,487	0,393	0,378	0,387	0,279	0,290	0,320
2	241758161	N	0,500	0,621	0,532	0,629	NA	NA	0,717
2	241760574	N	0,481	0,636	0,603	0,659	NA	NA	0,700
3	13679688	N	0,457	0,398	0,370	0,300	0,272	0,251	0,287
3	13679695	N	0,453	0,398	0,367	0,301	0,260	0,245	0,282
3	13679708	N	0,457	0,396	0,365	0,299	0,276	0,249	0,283
3	17726483	N	0,510	0,619	0,603	0,668	0,634	0,681	0,712
3	79217349	Y	0,019	0,000	0,000	0,000	0,289	0,324	0,314
3	117366248	N	0,514	0,659	0,557	0,595	0,625	0,663	0,580
3	117366259	Y	0,019	0,089	0,000	0,000	0,223	0,252	0,258
3	121976471	N	0,393	NA	NA	0,269	NA	NA	0,326
3	179465626	N	0,504	0,669	0,537	0,647	0,610	0,626	0,595
3	179465638	N	0,506	0,669	0,538	0,650	0,609	0,629	0,597
3	190341241	N	0,485	0,456	0,483	0,302	0,389	0,353	0,370
3	190341292	N	0,494	0,444	0,488	0,307	0,400	0,366	0,374
3	190341342	N	0,492	0,455	0,490	0,308	0,392	0,365	0,377
3	197410195	Y	0,044	0,181	0,194	0,273	NA	NA	0,196
4	7436701	N	0,583	0,818	0,807	0,941	0,797	0,773	0,871
4	38990230	N	0,436	0,218	0,171	0,076	0,211	0,208	0,215
4	38990265	N	0,434	0,214	0,162	0,076	0,211	0,198	0,208
4	38990271	N	0,423	0,214	0,161	0,069	0,208	0,196	0,201
4	48174161	N	0,530	0,203	0,204	0,095	0,226	0,206	0,255
4	48174173	N	0,531	0,203	0,204	0,095	0,226	0,198	0,260
4	48174251	N	0,540	0,188	0,197	0,106	0,221	0,171	0,277
4	48174288	N	0,557	0,192	0,194	0,102	0,237	0,209	0,245
4	117446376	N	0,519	0,718	0,610	0,864	0,767	0,694	0,791
4	117446416	N	0,533	0,729	0,617	0,864	0,770	0,711	0,801
4	117446442	N	0,537	0,731	0,616	0,863	0,779	0,719	0,815
4	142001608	N	0,426	0,194	0,235	0,098	0,268	0,233	0,222
4	142001670	N	0,424	0,192	0,239	0,099	0,269	0,233	0,228
4	142001679	N	0,424	0,192	0,239	0,098	0,272	0,230	0,227
4	142001727	N	0,435	0,208	0,274	0,099	0,229	0,212	0,227
4	142001731	N	0,437	0,107	0,269	0,055	0,231	0,213	0,175
4	142001744	N	0,437	0,203	0,271	0,102	0,228	0,210	0,225
4	149766462	N	0,528	0,746	0,712	0,887	0,774	0,791	0,798
4	152595373	N	0,465	0,259	0,258	0,082	0,196	0,209	0,204
4	167951933	N	0,467	0,245	0,364	0,181	0,218	0,217	0,230
4	167951966	N	0,449	0,236	0,359	0,176	0,197	0,199	0,228
4	167951994	N	0,453	0,240	0,362	0,178	0,204	0,200	0,232
4	186628727	N	0,481	0,278	0,212	0,063	0,230	0,209	0,210
4	186628753	N	0,475	0,280	0,204	0,061	0,224	0,213	0,209
5	5142353	N	0,491	0,316	0,313	0,119	0,247	0,218	0,223
5	5142424	N	0,497	0,320	0,318	0,119	0,240	0,219	0,232
5	5142460	N	0,498	0,678	0,681	0,882	0,762	0,781	0,765
5	13774014	N	0,544	0,727	0,771	0,900	0,796	0,804	0,773
5	13774029	N	0,415	0,508	0,502	0,431	0,051	0,050	0,508
5	78712856	Y	0,000	0,000	0,000	0,000	0,311	0,276	0,283
5	78712889	N	0,528	0,767	0,723	0,884	0,791	0,784	0,810
5	131353546	N	0,447	0,196	0,211	0,044	0,226	0,211	0,140
5	131353557	Y	0,000	0,000	0,000	0,000	0,289	0,274	0,295
5	134782414	N	0,579	0,779	0,727	0,869	NA	NA	0,815
5	134782450	N	0,589	0,769	0,733	0,857	NA	NA	0,817
5	134782510	N	0,562	0,776	0,724	0,853	NA	NA	0,793
5	134782652	N	0,517	NA	NA	NA	NA	NA	NA
5	150226722	N	0,558	0,754	0,739	0,893	NA	NA	0,773
5	150696447	N	0,540	0,291	0,234	0,079	0,240	0,226	0,206
5	150696540	N	0,550	0,273	0,244	0,077	0,259	0,247	0,208
5	164368812	N	0,645	0,840	0,757	0,923	0,845	0,850	0,818
5	164368817	N	0,619	NA	NA	NA	NA	NA	NA
5	164368821	N	0,616	0,833	0,766	0,905	0,824	0,849	0,824
5	164368891	N	0,596	0,788	0,738	0,905	0,805	0,819	0,806
6	31503975	N	0,395	0,214	NA	0,417	NA	NA	0,481
6	43749110	N	0,525	0,595	0,623	0,572	0,521	0,532	0,529
6	43749163	N	0,528	0,599	0,609	0,586	0,536	0,539	0,540
6	43749230	N	0,539	0,619	0,637	0,586	0,539	0,552	0,553
6	86656645	N	0,492	0,422	0,411	0,442	0,485	0,540	0,536
6	86656653	N	0,488	0,419	0,411	0,441	0,487	0,534	0,535
6	86656733	N	0,491	0,417	0,411	0,442	0,487	0,539	0,533
6	93823491	N	0,507	0,555	0,527	0,643	NA	NA	0,497
6	95066652	N	0,518	0,606	0,520	0,678	0,460	0,491	0,546
6	95066744	N	0,518	0,598	0,513	0,678	0,484	0,494	0,531
6	103718071	N	0,516	0,620	0,588	0,664	0,489	0,500	0,495
6	103718105	N	0,518	0,624	0,588	0,665	0,490	0,499	0,488
6	103718120	N	0,516	0,615	0,585	0,651	0,496	0,505	0,484
6	156305021	N	0,470	0,445	0,411	0,360	0,477	0,473	0,525
6	162472270	N	0,522	0,616	0,591	0,657	0,493	0,532	0,490
6	162472277	N	0,521	0,624	0,591	0,662	0,495	0,535	0,486
6	162472310	N	0,522	0,636	0,591	0,656	0,492	0,531	0,497
6	162472368	N	0,526	NA	NA	NA	0,501	0,536	NA
6	162472371	N	0,521	0,628	0,592	0,649	0,490	0,527	0,492
6	162472380	N	0,525	0,633	0,594	0,649	0,504	0,537	0,491
6	169422415	N	0,468	0,365	0,356	0,397	0,525	0,385	0,482
7	25194413	N	0,467	0,481	0,444	0,467	0,538	0,553	0,560
7	55238714	Y	0,021	0,043	0,000	0,000	0,191	0,185	0,204
7	55238874	N	0,507	0,501	0,537	0,539	0,455	0,465	0,446
7	69572225	Y	0,000	0,000	0,000	0,000	0,317	0,334	0,346
7	70737764	N	0,494	0,504	0,500	0,494	0,698	0,678	0,675
7	70737858	N	0,499	0,507	0,510	0,493	0,705	0,682	0,675
7	70737875	N	0,499	0,502	0,504	0,494	0,705	0,682	0,675
7	70737884	N	0,500	0,517	0,507	0,480	0,698	0,685	0,672
7	77818393	N	0,510	0,510	0,475	0,494	0,681	0,654	0,698
7	77818458	N	0,511	0,506	0,476	0,504	0,673	0,656	0,701
7	77818463	N	0,512	0,508	0,478	0,499	0,696	0,660	0,702
7	77818547	N	0,489	0,426	0,399	0,420	0,716	0,676	0,623
7	79442703	N	0,559	0,407	0,431	0,536	0,345	0,290	0,286
7	79442762	N	0,573	0,413	0,409	0,537	0,359	0,305	0,300
7	79442846	N	0,578	0,425	0,418	0,555	0,342	0,311	0,319
7	103373014	N	0,483	0,559	0,534	0,470	0,605	0,698	0,683
7	103373033	N	0,496	0,560	0,528	0,470	0,653	0,707	0,683
7	103373051	N	0,498	0,560	0,530	0,469	0,657	0,710	0,684
7	103373071	N	0,490	0,561	0,534	0,469	0,645	0,694	0,683
7	103373086	N	0,500	0,562	0,536	0,470	0,663	0,709	0,683
7	153381027	Y	0,035	0,177	0,197	0,205	0,215	0,201	0,209
7	155385421	N	0,334	0,255	0,265	0,195	0,616	0,640	0,568
7	155385454	N	0,463	0,478	0,485	0,445	0,691	0,689	0,761
7	155385465	N	0,473	0,484	0,484	0,449	0,713	0,714	0,759
8	13016359	N	0,469	0,484	0,542	0,499	0,357	0,339	0,325
8	13016379	N	0,467	0,471	0,543	0,495	0,361	0,337	0,323
8	32245522	N	0,520	0,520	0,545	0,469	0,366	0,358	0,352
8	32245538	N	0,473	0,486	0,453	0,537	NA	0,643	0,648
8	32245557	N	0,512	0,522	0,545	0,461	0,356	0,353	0,352
8	123806187	N	0,504	0,443	0,436	0,476	0,445	0,445	0,430
8	123806196	N	0,506	0,441	0,437	0,472	0,442	0,443	0,427
8	123806240	N	0,505	0,439	0,436	0,469	0,437	0,445	0,426
8	131172166	Y	0,000	0,000	NA	0,000	NA	NA	0,164
9	847806	N	0,525	0,531	0,444	0,482	NA	NA	0,647
9	847917	N	0,507	0,592	0,538	0,596	NA	NA	0,633
9	847992	N	0,500	0,566	0,513	0,589	NA	NA	0,618
9	848066	N	0,429	0,565	0,444	0,592	NA	NA	0,643
9	923693	N	0,500	NA	NA	0,346	NA	NA	0,615
9	923709	N	0,489	NA	NA	0,338	NA	NA	0,613
9	923850	N	0,468	NA	NA	0,315	NA	NA	0,606
9	923884	N	0,466	NA	NA	0,310	NA	NA	0,614
9	923893	N	0,461	NA	NA	0,310	NA	NA	0,623
9	17793818	N	0,494	0,521	0,463	0,523	0,390	0,352	0,390
9	17793903	N	0,497	0,519	0,468	0,521	0,390	0,360	0,393
9	27203511	N	0,517	0,532	0,448	0,592	0,651	0,657	0,640
9	27203554	N	0,493	0,508	0,447	0,563	0,642	0,651	0,605
9	27203592	N	0,545	0,644	0,553	0,708	0,650	0,650	0,736
9	27203596	N	0,571	0,632	0,549	0,705	0,650	0,650	0,733
9	27203625	N	0,544	0,646	0,557	0,705	0,657	0,651	0,728
9	27203626	N	0,373	0,353	0,439	0,295	NA	0,347	0,270
9	27203682	N	0,544	0,638	0,556	0,708	0,659	0,657	0,729
9	27203696	N	0,618	0,635	0,556	0,702	NA	NA	0,724
9	34997070	Y	0,000	0,000	0,000	0,000	NA	NA	0,355
9	73536416	N	0,502	0,615	0,533	0,519	0,785	0,780	0,782
9	73536487	N	0,496	0,600	0,530	0,515	0,776	0,778	0,777
9	73536492	N	0,496	0,604	0,532	0,516	0,777	0,779	0,779
9	86093180	N	0,493	0,438	0,501	0,478	0,222	0,203	0,181
9	86093237	N	0,488	0,442	0,507	0,482	0,222	0,201	0,175
9	86093264	N	0,474	NA	NA	NA	0,215	0,201	NA
9	86093265	N	0,474	0,429	0,500	0,472	0,215	0,202	0,164
9	105780558	N	0,500	0,508	0,441	0,390	0,754	0,753	0,741
9	105780567	N	0,494	0,521	0,447	0,401	0,751	0,748	0,742
9	105780570	N	0,494	0,520	0,443	0,407	0,751	0,744	0,737
9	105780618	N	0,502	0,519	0,443	0,402	0,762	0,749	0,746
9	120004763	N	0,515	0,520	0,528	0,532	0,759	0,777	0,775
9	120004783	N	0,512	0,527	0,532	0,533	0,767	0,777	0,777
9	135770134	N	0,506	0,667	NA	0,513	NA	NA	0,263
9	135770300	N	0,511	0,629	NA	0,508	NA	NA	0,248
10	12591712	N	0,500	0,607	0,661	0,568	0,475	0,481	0,534
10	12591798	N	0,502	0,607	0,664	0,566	0,492	0,500	0,514
10	23297252	N	0,506	0,571	0,669	0,602	0,526	0,548	0,439
10	23297301	N	0,494	0,416	0,327	0,386	0,463	0,459	0,547
10	23297336	N	0,489	0,425	0,325	0,396	0,458	0,451	0,557
10	23297429	N	0,532	0,617	0,691	0,665	0,553	0,561	0,477
10	25839446	N	0,524	0,522	0,563	0,636	0,542	0,493	0,515
10	55725207	N	0,509	0,555	0,450	0,503	0,512	0,465	0,488
10	55725234	N	0,510	0,551	0,443	0,505	0,516	0,471	0,494
10	55725337	N	0,501	0,559	0,445	0,505	0,520	0,465	0,489
10	73822343	N	0,483	0,547	0,606	0,456	NA	NA	0,559
10	95239121	N	0,504	0,445	0,365	0,381	0,471	0,490	0,510
10	95239183	N	0,461	0,522	0,580	0,568	0,472	0,500	0,448
10	95239187	N	0,454	0,473	0,537	0,525	0,514	0,503	0,350
10	95239251	N	0,507	0,423	0,377	0,387	0,484	0,499	0,514
10	114192275	Y	NA	NA	NA	NA	NA	NA	NA
10	120874067	N	0,535	0,465	0,382	0,393	0,522	0,645	0,508
10	120874086	N	0,460	0,548	0,634	NA	0,471	0,357	NA
10	120874087	N	0,472	0,548	0,635	0,613	0,471	0,357	0,492
10	120874161	N	0,543	0,463	0,384	0,405	0,477	0,626	0,467
10	124095982	N	0,444	0,455	0,365	0,304	NA	NA	0,439
10	124096035	N	0,452	0,444	0,358	0,316	NA	NA	0,435
10	124096041	N	0,442	0,444	0,358	0,319	NA	NA	0,436
10	124096061	N	0,444	0,440	0,377	0,325	NA	NA	0,435
10	124096209	N	0,424	0,455	0,375	0,321	NA	NA	0,425
10	134798532	N	0,524	0,536	0,634	0,585	0,494	0,585	0,514
10	134798538	N	0,527	0,547	0,624	0,591	0,502	0,584	0,510
10	134798590	N	0,526	0,527	0,621	0,584	0,504	0,585	0,512
11	534403	N	0,566	0,520	0,599	0,522	NA	NA	0,520
11	5602605	N	0,489	0,489	0,476	0,493	NA	NA	0,543
11	5602615	N	0,464	0,480	0,473	0,492	NA	NA	0,514
11	5602679	N	0,467	0,480	0,475	0,491	NA	NA	0,502
11	5602789	N	0,471	0,474	0,477	0,497	NA	NA	0,473
11	5809477	N	0,494	0,560	NA	0,343	NA	NA	0,390
11	5809548	N	0,509	0,329	0,528	0,574	NA	NA	0,577
11	5809673	N	0,470	0,644	0,500	0,395	NA	NA	0,427
11	5809746	N	0,452	0,667	0,471	0,416	NA	NA	0,433
11	11338063	N	0,485	0,489	0,450	0,582	0,487	0,463	0,484
11	11338117	N	0,485	0,511	0,463	0,576	0,491	0,469	0,501
11	15843525	Y	0,000	0,000	0,000	0,000	0,068	0,072	0,060
11	48284000	N	0,496	0,465	0,543	0,461	0,532	0,505	0,497
11	48284033	N	0,501	0,496	0,535	0,467	0,532	0,499	0,506
11	48284109	N	0,498	0,493	0,546	0,461	0,532	0,524	0,454
11	67132787	Y	0,000	0,000	0,000	0,000	NA	NA	0,288
11	67377848	Y	0,014	0,048	NA	0,000	NA	NA	0,308
11	69976047	N	0,510	0,503	0,461	0,546	0,484	0,528	0,522
11	69976094	N	0,528	0,481	0,473	0,537	0,524	0,545	0,530
11	69976138	N	0,525	0,490	0,456	0,530	0,526	0,538	0,526
11	69976193	N	0,526	0,486	0,470	0,543	0,533	0,552	0,530
11	75868099	N	0,525	0,498	0,687	0,897	0,500	0,627	0,674
11	75868121	N	0,527	0,497	0,686	0,892	0,495	0,624	0,671
11	75868241	N	0,523	0,503	0,694	0,892	0,546	0,642	0,671
11	75868266	N	0,517	0,503	0,693	0,892	0,542	0,638	0,678
11	75868279	N	0,512	0,502	0,707	0,892	0,538	0,631	0,673
11	76421307	N	0,448	0,424	0,714	0,877	0,714	0,762	0,648
11	77141147	Y	0,002	0,000	0,000	0,000	0,260	0,320	0,311
11	78798809	Y	0,000	0,000	0,000	0,000	0,174	0,179	0,153
11	79087234	N	0,490	0,548	0,644	0,831	0,731	0,716	0,741
11	79087280	N	0,498	0,548	0,645	0,830	0,726	0,717	0,739
11	79087291	N	0,499	0,550	0,654	0,831	0,727	0,714	0,732
11	79087301	N	0,498	0,448	0,341	0,166	0,269	0,282	0,260
11	79851768	N	0,516	0,499	0,405	0,227	0,711	0,745	0,725
11	79851772	N	0,510	0,498	0,404	0,227	0,708	0,746	0,713
11	79851783	N	0,516	0,497	0,405	0,226	0,706	0,745	0,724
11	79851863	N	0,510	0,490	0,403	0,227	0,690	0,739	0,701
11	118938315	N	0,482	0,470	0,610	0,802	0,292	0,278	0,288
11	118938371	N	0,476	0,482	0,612	0,802	0,287	0,273	0,285
11	118938388	N	0,506	0,489	0,617	0,807	0,297	0,281	NA
11	118938435	N	0,497	0,494	0,614	0,804	0,295	0,283	0,323
11	123468933	N	0,505	0,515	0,635	0,882	0,255	0,323	0,327
11	123468965	N	0,497	0,515	0,632	0,880	0,259	0,323	0,314
11	123468969	N	0,497	0,515	0,632	0,880	0,259	0,319	0,315
12	4409088	Y	0,000	0,000	0,000	0,000	0,132	0,114	0,147
12	6898460	N	0,500	0,503	0,515	0,489	0,505	0,494	0,465
12	6898521	N	0,509	0,511	0,520	0,489	0,512	0,505	0,467
12	7917601	Y	0,000	0,000	0,000	0,000	0,032	0,014	0,060
12	11904752	N	0,459	0,507	0,468	0,509	0,494	0,468	0,497
12	11904767	N	0,446	0,505	0,468	0,504	0,483	0,460	0,476
12	11904770	N	0,444	0,507	0,468	0,504	0,489	0,460	0,476
12	24517675	Y	0,000	0,000	0,000	0,000	0,084	0,071	0,084
12	26891530	N	0,519	0,429	0,532	0,560	0,508	0,532	0,486
12	28345303	N	0,528	0,529	0,499	0,476	0,544	0,538	0,565
12	28345342	N	0,503	0,515	0,488	0,473	0,522	0,526	0,507
12	28345395	N	0,493	0,510	0,478	0,470	0,518	0,516	0,510
12	32446901	N	0,505	0,542	0,500	0,527	0,539	0,530	0,480
12	34235648	Y	0,000	0,000	0,000	0,000	0,195	0,177	0,190
12	40378646	N	0,458	0,473	0,472	0,421	NA	0,534	0,496
12	40378647	N	0,484	0,474	0,471	0,421	0,474	0,535	0,495
12	40378773	N	0,479	0,473	0,474	0,429	0,470	0,526	0,502
12	40378784	N	0,480	0,475	0,476	0,429	0,469	0,530	0,504
12	70004494	Y	0,000	0,000	0,000	0,000	NA	NA	0,237
12	95300672	N	0,504	0,511	0,527	0,511	0,594	0,608	0,594
12	122612598	N	0,501	0,496	0,474	0,504	0,375	0,378	0,382
12	122612625	N	0,498	0,502	0,497	0,486	0,371	0,384	0,378
12	122612635	N	0,504	0,508	0,477	0,496	0,370	0,403	0,380
13	21466318	N	0,479	0,410	0,473	0,419	NA	NA	0,358
13	46752671	N	0,455	0,409	0,448	0,427	0,508	0,473	0,377
13	46752698	N	0,451	0,418	0,454	0,436	0,492	0,471	0,368
13	46752704	N	0,454	0,417	0,454	0,433	0,493	0,470	0,363
13	46752813	N	0,503	0,446	0,460	0,445	0,505	0,469	0,486
13	79886557	N	0,471	0,470	0,518	0,458	0,530	0,461	0,534
13	79886566	N	0,473	0,471	0,520	0,458	0,524	0,466	0,532
13	79886677	N	0,494	0,470	0,514	0,458	0,549	0,492	0,527
13	79935255	N	0,499	0,517	0,480	0,519	NA	0,502	0,486
13	79935360	N	0,490	0,507	0,466	0,518	0,522	0,500	0,482
13	79935401	N	0,489	0,504	0,469	0,515	0,501	0,494	0,483
13	110909015	N	0,364	0,441	0,380	0,434	0,345	0,376	0,386
13	110909064	N	0,485	0,427	0,486	0,424	0,518	0,497	0,449
13	110909085	N	0,485	0,422	0,487	0,418	0,514	0,498	0,443
13	110909089	N	0,511	0,565	0,502	0,573	0,484	0,506	0,552
14	22393086	N	0,491	0,506	0,509	0,527	0,420	0,464	0,374
14	33165051	N	0,489	0,558	0,511	0,550	0,607	0,632	0,658
14	33165084	N	0,495	0,557	0,508	0,546	0,626	0,638	0,665
14	33165182	N	0,499	0,542	0,508	0,558	0,604	0,652	0,679
14	41916228	N	0,469	0,456	0,513	0,503	0,371	0,382	0,367
14	58055209	N	0,505	0,504	0,518	0,532	0,604	0,625	0,621
14	58055276	N	0,507	0,500	0,519	0,512	0,603	0,627	0,624
14	58055281	N	0,507	0,506	0,519	0,528	0,607	0,637	0,624
14	58055377	N	0,497	0,500	0,496	0,539	0,616	0,630	0,608
14	62584278	Y	0,000	0,000	0,000	0,000	0,066	0,067	0,060
14	94773371	N	0,469	0,519	0,493	0,495	0,382	0,411	0,378
14	94773395	N	0,474	0,536	0,488	0,495	0,379	0,409	0,373
14	94773450	N	0,522	0,461	0,505	0,494	0,617	0,590	0,624
15	26037844	N	0,509	0,494	0,511	0,453	0,515	0,515	0,531
15	26037885	N	0,511	0,507	0,490	0,460	0,520	0,510	0,535
15	26037922	N	0,510	0,492	0,502	0,463	0,511	0,522	0,532
15	26037940	N	0,506	0,511	0,488	0,484	0,519	0,517	0,529
15	29908258	N	0,520	0,524	0,494	0,542	0,459	0,479	0,485
15	29908263	N	0,516	0,523	0,492	0,543	0,457	0,479	0,485
15	60966891	N	0,476	0,505	0,538	0,491	0,538	0,489	0,465
15	60966927	N	0,478	0,515	0,534	0,498	0,538	0,495	0,481
15	60966998	N	0,484	0,441	0,487	0,453	NA	NA	0,492
15	68479929	Y	0,000	0,000	0,000	0,000	NA	NA	0,300
15	92562990	N	0,509	0,478	0,473	0,481	0,510	0,495	0,502
15	92562993	N	0,510	0,494	0,466	0,493	0,516	0,497	0,504
15	92563046	N	0,504	0,495	0,469	0,488	NA	NA	0,501
15	92563060	N	0,510	0,489	0,466	0,483	0,517	0,507	0,511
16	4740441	N	0,518	0,583	0,595	0,626	0,586	0,595	0,585
16	4740444	N	0,515	0,586	0,578	0,643	0,587	0,580	0,584
16	4740477	N	0,510	0,559	0,578	0,643	0,591	0,586	0,584
16	51795607	N	0,471	0,403	0,365	0,330	0,372	0,408	0,375
16	51795641	N	0,470	0,398	0,388	0,333	0,375	0,396	0,375
16	70926710	N	0,494	0,483	0,563	0,528	0,521	0,536	0,542
16	70926724	N	0,493	0,477	0,535	0,535	0,531	0,525	0,529
16	70926768	N	0,486	0,491	0,557	0,539	0,541	0,526	0,540
16	80704005	N	0,475	0,382	0,430	0,386	0,369	0,397	0,379
16	80704010	N	0,476	0,390	0,431	0,385	0,371	0,397	0,377
16	84462543	N	0,492	0,409	0,390	0,319	0,432	0,392	0,413
16	85045106	Y	0,000	0,000	0,000	0,000	0,286	0,263	0,203
16	85045126	N	0,513	0,556	0,597	0,642	0,634	0,633	0,593
16	85045203	N	0,483	0,558	0,606	0,632	NA	NA	0,602
17	8784149	N	0,526	0,576	0,527	0,449	NA	NA	0,543
17	16846155	N	0,505	0,444	0,479	0,448	0,501	0,505	0,423
17	16846176	N	0,504	0,451	0,491	0,444	0,501	0,503	0,421
17	16846208	N	0,498	0,446	0,475	0,439	0,486	0,502	0,414
17	16846298	N	0,501	0,443	0,492	0,450	0,495	0,493	0,419
17	70883473	N	0,490	0,420	0,422	0,370	0,438	0,470	0,463
17	70883558	N	0,492	0,419	0,419	0,370	0,446	0,471	0,464
18	8299059	N	0,499	0,546	0,520	0,533	0,507	0,487	0,476
18	8299082	N	0,500	0,534	0,530	0,527	0,505	0,481	0,477
18	14960409	N	0,494	0,503	0,463	0,470	0,466	0,501	0,491
18	14960443	N	0,497	0,485	0,513	0,507	NA	NA	0,479
18	14960483	N	0,478	0,490	0,532	0,517	0,479	0,472	0,488
18	43321412	N	0,408	0,420	0,442	0,446	0,355	0,335	0,432
18	43321417	N	0,406	0,417	0,442	0,451	0,359	0,335	0,429
18	43321442	N	0,413	0,419	0,438	0,450	0,366	0,349	0,431
18	75148002	N	0,511	0,565	0,526	0,559	0,512	0,490	0,493
18	75148016	N	0,513	0,558	0,538	0,577	0,514	0,488	0,494
18	75148028	N	0,514	0,573	0,536	0,560	0,513	0,486	0,487
19	7698760	N	0,485	0,553	0,623	0,655	0,604	0,536	0,496
19	7698788	N	0,482	0,556	0,624	0,648	0,578	0,528	0,499
19	7698857	N	0,487	0,540	0,636	0,660	0,569	0,532	0,512
19	10610100	Y	0,094	0,183	0,210	0,337	NA	NA	0,238
19	15740220	N	0,471	0,434	0,377	0,310	NA	NA	0,347
19	15740268	N	0,462	0,438	0,387	0,319	NA	NA	0,364
19	15740275	N	0,451	0,440	0,385	0,320	NA	NA	0,364
19	18357364	N	0,483	0,434	0,362	0,329	0,429	0,427	0,446
19	18357389	N	0,480	0,435	0,356	0,330	0,425	0,437	0,444
19	18357398	N	0,513	0,550	0,632	0,679	0,573	0,560	0,550
19	18410325	Y	0,000	0,000	0,000	0,000	0,258	0,280	0,256
19	33109983	N	0,520	0,599	0,620	0,593	0,524	0,516	0,448
19	33110047	N	0,516	0,561	0,607	0,564	0,529	0,515	0,443
19	33110058	N	0,514	0,568	0,594	0,566	0,536	0,510	0,437
19	33110149	N	0,497	0,496	0,508	0,490	0,514	0,484	0,370
19	44331594	N	0,643	0,643	0,661	0,663	0,719	0,617	NA
19	44331613	N	0,632	0,639	0,664	0,668	0,717	0,615	NA
19	56131709	N	0,511	0,568	0,632	0,651	0,493	0,375	0,372
19	57984037	N	0,500	0,467	NA	0,672	NA	NA	0,532
19	58790675	N	0,501	0,393	0,359	0,341	0,566	0,531	0,487
19	58790807	N	0,496	0,407	0,352	0,352	0,548	0,528	0,489
20	3527524	N	0,446	0,424	0,433	0,479	0,395	0,363	0,399
20	3527531	N	0,491	0,418	0,435	0,485	0,394	0,360	0,394
20	3527582	N	0,479	0,419	0,449	0,496	0,404	0,354	0,367
20	12223912	N	0,531	0,550	0,500	0,457	NA	NA	0,332
20	18131498	Y	0,030	0,128	NA	0,000	NA	NA	0,176
20	24418504	N	0,506	0,636	0,494	0,435	0,635	0,625	0,612
20	24418544	N	0,516	0,635	0,496	0,443	0,650	0,630	0,629
20	24418579	N	0,515	0,619	0,496	0,434	0,650	0,630	0,631
20	36559234	N	0,512	0,587	0,614	0,683	0,598	0,618	0,590
20	36559239	N	0,510	0,597	0,624	0,678	0,593	0,617	0,594
20	36559245	N	0,508	0,610	0,623	0,676	0,592	0,617	0,591
20	36559337	N	0,515	0,604	0,646	0,669	0,601	0,621	0,600
20	47700703	Y	0,047	0,253	0,278	0,279	NA	NA	0,185
20	47700764	N	0,473	0,563	NA	0,655	NA	NA	0,567
20	53267576	N	0,464	0,407	0,393	0,372	0,374	0,399	0,388
20	53267582	N	0,533	0,593	0,616	0,633	0,623	0,598	0,611
20	53267593	N	0,534	0,588	0,604	0,632	0,629	0,597	0,605
20	60500579	N	0,481	0,397	0,403	0,316	0,408	0,380	0,379
20	60500603	N	0,479	0,406	0,417	0,321	0,405	0,386	0,377
20	60500690	N	0,516	0,597	0,579	0,676	0,595	0,617	0,616
21	15649486	N	0,509	0,551	0,473	0,506	0,494	0,464	0,499
21	15649522	N	0,511	0,556	0,480	0,509	0,499	0,463	0,499
21	15649526	N	0,512	0,550	0,480	0,508	0,497	0,463	0,500
21	22512560	N	0,495	0,481	0,578	0,522	0,473	0,535	0,480
21	22512606	N	0,500	0,483	0,580	0,523	0,466	0,529	0,486
21	22512626	N	0,498	0,482	0,579	0,522	0,469	0,531	0,489
21	44141357	N	0,438	0,465	0,497	0,448	0,516	0,442	0,431
21	44141449	N	0,466	0,473	0,504	0,449	0,526	0,486	0,450
21	44141480	N	0,477	0,471	0,506	0,465	0,537	0,499	0,446
22	19593301	N	0,510	0,562	0,469	0,491	0,785	0,771	0,720
22	19593344	N	0,512	0,543	0,477	0,493	0,790	0,757	0,772
22	19593434	N	0,498	0,557	0,458	0,476	0,781	0,754	0,763
22	19620982	N	0,508	0,460	0,466	0,494	0,798	0,774	0,780
22	19621011	N	0,510	0,452	0,478	0,486	0,797	0,776	0,788
22	19627501	N	0,471	0,452	0,468	0,477	0,790	0,791	0,743
22	19627504	N	0,479	0,456	0,476	0,477	0,788	0,794	0,766
22	19627550	N	0,488	0,469	0,479	0,491	0,790	0,798	0,775
22	19682627	N	0,507	0,532	0,474	0,479	0,258	0,240	0,181
22	19682641	N	0,510	0,541	0,480	0,501	0,257	0,243	0,180
22	20899971	N	0,565	0,488	0,561	0,564	0,167	0,275	0,154
22	20899976	N	0,570	0,487	0,559	0,560	0,149	0,247	0,146
22	20900074	N	0,500	0,489	0,558	0,529	0,175	0,235	0,172
22	22015234	N	0,463	0,419	0,481	0,390	0,222	0,199	0,175
22	22027617	N	0,431	0,483	0,510	0,466	0,198	0,163	0,202
22	22027710	N	0,579	0,519	0,493	0,536	0,796	0,829	0,822
22	22532639	N	0,488	0,499	0,463	0,430	0,825	0,809	0,746
22	22532653	N	0,484	0,498	0,462	0,428	0,823	0,801	0,740
22	24159244	N	0,469	0,464	0,505	0,494	NA	NA	0,191
22	24159276	N	0,490	0,462	0,517	0,488	0,209	0,213	0,202
22	24159307	N	0,501	0,547	0,485	0,508	0,789	0,786	0,798
22	24159321	N	0,496	0,468	0,512	0,484	0,207	0,212	0,202
22	24159326	N	0,488	0,468	0,502	0,495	0,204	0,211	0,205
22	24159452	N	0,506	0,480	0,508	0,501	0,225	0,207	0,223
22	25209753	N	0,454	0,452	0,492	0,523	0,168	0,216	0,188
22	34256853	N	0,494	0,496	0,485	0,451	0,192	0,216	0,201
22	34256860	N	0,496	0,498	0,483	0,449	0,193	0,212	0,211
22	34256908	N	0,492	0,504	0,478	0,445	0,192	0,213	0,206
22	34256919	N	0,489	0,507	0,503	0,448	0,192	0,201	0,206
22	34256923	N	0,489	0,491	0,491	0,435	0,191	0,204	0,203
22	36537391	Y	0,000	0,000	0,000	0,000	0,149	0,159	0,166
22	36537500	N	0,492	0,450	0,514	0,483	0,218	0,176	0,212
22	43356128	N	0,459	0,441	0,271	0,244	0,762	0,739	0,790
22	43356129	N	0,455	0,442	0,272	0,248	0,724	0,709	0,790
22	43356130	N	0,553	0,487	0,345	0,226	0,813	0,763	0,796
22	43356198	Y	0,000	0,000	0,000	0,000	0,245	0,216	0,269
22	44541350	N	0,566	0,536	0,706	0,763	0,232	0,217	0,350
22	44541353	N	0,564	0,536	0,706	0,763	0,234	0,215	0,352
22	44541404	N	0,578	0,550	0,728	0,748	0,230	0,223	0,351
X	47483799	Y	0,173	0,681	0,627	0,848	NA	NA	0,616