0.501939	0.645786	0.321010	0.032318	0.477920	0.351691	0.533400	0.228517	0.665310	0.646805	0.736450	0.494548
0.484828	0.673733	0.375703	0.004106	0.503847	0.312670	0.534799	0.227026	0.662278	0.658237	0.728083	0.477716
0.502732	0.650949	0.398678	0.015797	0.465352	0.337283	0.518737	0.248692	0.688557	0.705980	0.755991	0.487584
0.551086	0.704745	0.330321	0.019623	0.476507	0.342160	0.480834	0.230139	0.685925	0.677520	0.761117	0.485517
0.482460	0.655343	0.327660	0.026167	0.532234	0.342232	0.485439	0.218739	0.648989	0.632686	0.748788	0.462393
0.483831	0.656171	0.330350	0.002745	0.494618	0.337092	0.528529	0.235573	0.659026	0.664589	0.730297	0.485860
0.500572	0.701241	0.339027	0.010215	0.492583	0.334584	0.499614	0.266769	0.668639	0.685764	0.784846	0.514166
0.516899	0.664013	0.357020	0.039073	0.512808	0.353193	0.520703	0.252762	0.691716	0.659850	0.761033	0.517731
0.490959	0.703765	0.342115	0.008605	0.516725	0.351675	0.476600	0.242215	0.674668	0.667354	0.731670	0.470172
0.518634	0.628393	0.360828	0.001156	0.483269	0.335302	0.489236	0.271390	0.647292	0.661364	0.787576	0.474597
0.489120	0.650929	0.313441	0.030994	0.482407	0.334263	0.482632	0.279926	0.653299	0.678737	0.786353	0.492784
0.505109	0.660689	0.332821	0.009038	0.520237	0.323066	0.482962	0.231264	0.646699	0.699496	0.755562	0.469930
0.482371	0.643799	0.321876	0.033823	0.482057	0.336589	0.497213	0.238052	0.665026	0.695044	0.759942	0.473005
0.467712	0.684487	0.316012	0.000990	0.513143	0.351749	0.487530	0.246849	0.654503	0.669660	0.751382	0.501216
0.519132	0.637520	0.335870	0.007936	0.515921	0.341415	0.492153	0.236778	0.649642	0.653918	0.738247	0.519512
0.507160	0.677103	0.326216	0.031773	0.520557	0.346873	0.515776	0.282066	0.652318	0.679495	0.761129	0.489340
0.524121	0.664501	0.336257	0.011053	0.522418	0.359775	0.507871	0.269278	0.659797	0.658228	0.747696	0.541097
0.497660	0.679322	0.328242	0.020224	0.497147	0.356081	0.532595	0.244905	0.652652	0.678395	0.751648	0.506880
0.513820	0.663221	0.350850	0.023250	0.508276	0.325369	0.485362	0.249066	0.654593	0.637445	0.780016	0.499433
0.515417	0.642838	0.340657	0.035966	0.486245	0.315132	0.472758	0.301781	0.699848	0.654575	0.766172	0.542321
0.480072	0.674157	0.326358	0.005951	0.479152	0.314900	0.456008	0.255084	0.637559	0.724912	0.766512	0.528017
0.483145	0.671947	0.305123	0.003573	0.513798	0.346542	0.517340	0.267045	0.695388	0.674043	0.749557	0.486935
0.510644	0.355306	0.520471	0.507176	0.480680	0.493469	0.010242	0.344088	0.363422	0.257047	0.343639	0.265880
0.482382	0.371086	0.476057	0.503444	0.468498	0.479641	0.001684	0.337472	0.309494	0.270342	0.365696	0.262458
0.499106	0.323225	0.455428	0.510929	0.494403	0.478539	0.037458	0.366451	0.350723	0.237595	0.293440	0.214705
0.474131	0.317263	0.504981	0.474095	0.494313	0.555510	0.016668	0.352134	0.300184	0.252677	0.345705	0.234866
0.476441	0.312442	0.476399	0.486905	0.531842	0.460949	0.021342	0.354193	0.369442	0.243266	0.321533	0.230163
0.506518	0.334925	0.499909	0.490279	0.522294	0.510993	0.031105	0.351883	0.334772	0.263141	0.368048	0.241940
0.475418	0.334624	0.475740	0.492391	0.501724	0.499067	0.037559	0.341572	0.343606	0.231216	0.330546	0.248440
0.527194	0.366132	0.542145	0.503402	0.489498	0.503767	0.014866	0.343634	0.325165	0.223165	0.335899	0.238625
0.478118	0.346096	0.489098	0.534728	0.528655	0.502977	0.003700	0.361907	0.357248	0.231325	0.345368	0.251891
0.518435	0.321366	0.519170	0.500793	0.525935	0.483363	0.008764	0.318590	0.310432	0.248746	0.333708	0.269340
0.502095	0.347674	0.476556	0.491646	0.484766	0.483473	0.003342	0.331177	0.329201	0.264655	0.348543	0.231830
0.509580	0.337360	0.495828	0.529865	0.502362	0.506077	0.021260	0.336788	0.348879	0.245966	0.299583	0.241638
0.514840	0.330976	0.487033	0.520672	0.508896	0.476446	0.027372	0.320893	0.335684	0.266634	0.325078	0.218606
0.485363	0.330676	0.498406	0.548701	0.545646	0.494870	0.036252	0.318197	0.304934	0.255962	0.342084	0.244126
0.483137	0.341837	0.441081	0.481953	0.495895	0.508047	0.023254	0.335133	0.352267	0.253207	0.339339	0.246161
0.499183	0.325198	0.468004	0.528287	0.515072	0.473396	0.009314	0.342935	0.332834	0.269474	0.359054	0.239365
0.491353	0.321740	0.481095	0.491408	0.459831	0.492344	0.019536	0.333343	0.339662	0.209538	0.324086	0.265976
0.508702	0.349083	0.504032	0.463293	0.576361	0.518694	0.009710	0.333716	0.341901	0.235301	0.305597	0.272677
0.503766	0.308468	0.517582	0.470523	0.508641	0.501309	0.040203	0.340975	0.316137	0.207714	0.332320	0.223236
0.505819	0.362997	0.491257	0.489422	0.503016	0.499177	0.020583	0.349628	0.309116	0.241027	0.349525	0.256062
0.513809	0.339402	0.519343	0.511199	0.529378	0.467175	0.014747	0.337872	0.338111	0.270803	0.336115	0.237058
0.499241	0.338305	0.506780	0.518847	0.483484	0.514617	0.024405	0.278892	0.326606	0.264933	0.318308	0.274716
0.500222	0.647997	0.682184	0.491964	0.492008	0.675521	0.661384	0.732460	0.658298	0.669296	0.669062	0.657866
0.512650	0.635954	0.647575	0.476689	0.464656	0.652613	0.651084	0.729934	0.648070	0.677124	0.661659	0.668052
0.485496	0.677927	0.673863	0.493975	0.476695	0.681838	0.646094	0.769719	0.664619	0.672069	0.686005	0.698659
0.509802	0.671006	0.681959	0.477238	0.524735	0.653942	0.691799	0.776434	0.648885	0.669437	0.669870	0.662788
0.491720	0.657308	0.648972	0.501838	0.517843	0.702556	0.642183	0.797204	0.679810	0.665145	0.666416	0.645070
0.493401	0.663418	0.674009	0.526366	0.497263	0.686059	0.675847	0.767941	0.680187	0.669686	0.659611	0.666087
0.510880	0.654857	0.694520	0.498774	0.506601	0.703391	0.686621	0.764021	0.672449	0.643088	0.628417	0.670384
0.492369	0.686707	0.658080	0.509935	0.500340	0.667665	0.653306	0.754253	0.680264	0.664097	0.644065	0.646968
0.498102	0.666469	0.692800	0.504356	0.502756	0.698801	0.662639	0.801283	0.684621	0.677511	0.628609	0.678910
0.500725	0.659381	0.659777	0.495170	0.495533	0.639907	0.652125	0.770913	0.690973	0.647950	0.657052	0.656228
0.498335	0.673235	0.682072	0.510376	0.487079	0.686450	0.629096	0.768520	0.636901	0.668711	0.697769	0.662717
0.524530	0.688465	0.661235	0.488721	0.480560	0.632806	0.650071	0.774981	0.653254	0.639269	0.671306	0.667106
0.526417	0.675986	0.656045	0.518342	0.509812	0.656746	0.660470	0.742828	0.633153	0.647214	0.649164	0.646858
0.497973	0.690363	0.693668	0.516621	0.483264	0.637311	0.663533	0.716522	0.672606	0.709190	0.679836	0.629063
0.512231	0.661434	0.713336	0.478151	0.485239	0.642843	0.660589	0.770746	0.702658	0.680147	0.661702	0.680052
0.530614	0.610848	0.697793	0.534791	0.506935	0.655280	0.665040	0.747480	0.686776	0.667688	0.663078	0.659131
0.479840	0.531308	0.467999	0.523916	0.561729	0.015901	0.498031	0.001838	0.508894	0.484072	0.494323	0.498345
0.509180	0.467377	0.539268	0.500365	0.503410	0.001964	0.494300	0.008214	0.512145	0.465644	0.490872	0.529077
0.491529	0.494089	0.506793	0.491994	0.524854	0.006092	0.502293	0.026810	0.480637	0.532845	0.515780	0.506184
0.488529	0.501751	0.491789	0.508678	0.481938	0.006105	0.486052	0.002764	0.500943	0.500825	0.505259	0.511258
0.515034	0.506268	0.499740	0.525430	0.500278	0.005664	0.478441	0.006746	0.499792	0.518770	0.488842	0.524761
0.494206	0.497275	0.513132	0.510504	0.485162	0.009171	0.482364	0.044819	0.484911	0.505926	0.493873	0.495186
0.490966	0.486740	0.495930	0.461781	0.478177	0.000729	0.517776	0.013522	0.522009	0.492765	0.508918	0.474381
0.497269	0.520580	0.495032	0.503142	0.523962	0.025973	0.491996	0.018079	0.493307	0.451955	0.480462	0.514755
0.532796	0.499770	0.519880	0.512058	0.495158	0.018909	0.506478	0.009958	0.458764	0.481946	0.522811	0.492191
0.524598	0.501404	0.541274	0.508038	0.518042	0.008206	0.515296	0.039258	0.479845	0.472617	0.533416	0.531303
0.504591	0.500569	0.507905	0.461698	0.496655	0.003736	0.504971	0.071123	0.540947	0.491694	0.513852	0.506370
0.501832	0.497396	0.512601	0.516160	0.490684	0.015235	0.477510	0.022759	0.482906	0.540984	0.495745	0.474692
0.499081	0.496313	0.506556	0.485167	0.514983	0.010327	0.471903	0.004156	0.459408	0.514500	0.500872	0.500967
0.472011	0.496902	0.491207	0.507123	0.495895	0.006372	0.503027	0.038545	0.491164	0.481685	0.488932	0.493153
0.471639	0.478255	0.515349	0.507115	0.490094	0.010459	0.520942	0.005735	0.462025	0.485356	0.498623	0.480882
0.513295	0.536971	0.485292	0.518412	0.489390	0.005713	0.504177	0.008080	0.527481	0.496317	0.515945	0.499853
0.479138	0.513883	0.476702	0.500901	0.505102	0.011845	0.494276	0.010489	0.503001	0.470429	0.500559	0.464817
0.500588	0.470040	0.492513	0.496423	0.502149	0.009350	0.505035	0.014959	0.507363	0.486956	0.483067	0.487441
0.523786	0.495775	0.509024	0.487021	0.506024	0.021634	0.524497	0.004288	0.457789	0.520985	0.494421	0.510842
0.519058	0.489681	0.481119	0.483041	0.517959	0.002560	0.501570	0.008326	0.507032	0.475721	0.503466	0.520879
0.499500	0.498854	0.538085	0.507015	0.512432	0.027867	0.512017	0.012897	0.491645	0.510865	0.485851	0.508861
0.534600	0.531579	0.478081	0.489378	0.500760	0.004542	0.513378	0.011395	0.453103	0.522602	0.490245	0.494212
0.507698	0.480184	0.505736	0.524615	0.446501	0.021840	0.495437	0.029626	0.506170	0.508239	0.472552	0.492848
0.531509	0.480566	0.472024	0.490306	0.497451	0.018547	0.502887	0.006610	0.507625	0.491333	0.501233	0.489075
0.548207	0.483825	0.495445	0.479564	0.504339	0.003119	0.473989	0.024947	0.529314	0.497462	0.480880	0.466428
0.517137	0.512438	0.505280	0.522529	0.481760	0.033245	0.484663	0.010446	0.497885	0.513193	0.477763	0.519410
0.490114	0.640601	0.360619	0.030951	0.489277	0.341059	0.249585	0.261122	0.687087	0.714188	0.662939	0.638169
0.486512	0.666315	0.359016	0.004176	0.532394	0.371628	0.250327	0.277559	0.680164	0.662071	0.689264	0.642209
0.524428	0.666542	0.342765	0.007710	0.495776	0.360937	0.248637	0.260113	0.681793	0.654728	0.639274	0.630802
0.460527	0.698623	0.313124	0.019473	0.499471	0.327377	0.272235	0.223895	0.659916	0.668181	0.657746	0.678854
0.525577	0.678092	0.340945	0.041369	0.500764	0.326385	0.245791	0.242708	0.655158	0.654406	0.635835	0.665397
0.476325	0.664709	0.364632	0.007830	0.467857	0.361504	0.267830	0.281619	0.661009	0.675701	0.694451	0.673536
0.507288	0.636316	0.342027	0.004730	0.504181	0.339687	0.219203	0.248229	0.626624	0.640555	0.676199	0.679813
0.498057	0.676253	0.339246	0.032241	0.513501	0.308418	0.246388	0.263879	0.675840	0.667717	0.690124	0.683552
0.517831	0.651498	0.322238	0.002521	0.515305	0.315285	0.228119	0.245067	0.702952	0.675560	0.642802	0.653161
0.490726	0.660143	0.325655	0.015879	0.486467	0.351346	0.222753	0.249879	0.671118	0.676681	0.656041	0.670541
0.470381	0.650312	0.313014	0.013672	0.530438	0.332428	0.244750	0.261963	0.676950	0.651640	0.678483	0.675218
0.484913	0.684048	0.367175	0.041507	0.501695	0.306065	0.225661	0.246406	0.630721	0.666790	0.694879	0.663564
0.492421	0.640488	0.320778	0.015598	0.532635	0.330041	0.225254	0.290128	0.689763	0.702476	0.658134	0.667365
0.497417	0.683649	0.326959	0.010422	0.519403	0.331268	0.252618	0.275249	0.689602	0.658307	0.673035	0.658655
0.530934	0.688301	0.338996	0.001952	0.498957	0.370354	0.253931	0.224806	0.636944	0.658030	0.689424	0.674249
0.525214	0.678521	0.339264	0.010942	0.507407	0.339110	0.234428	0.246025	0.654133	0.695129	0.684549	0.625325
0.544060	0.356490	0.713573	0.381121	0.463919	0.651130	0.672984	0.719550	0.319207	0.369430	0.346734	0.319385
0.475020	0.290407	0.702955	0.302099	0.492935	0.666922	0.651960	0.754692	0.308839	0.362434	0.336961	0.351822
0.488409	0.389684	0.660075	0.353622	0.514080	0.661582	0.687156	0.735009	0.332194	0.321074	0.316180	0.324981
0.489455	0.332620	0.656655	0.332135	0.491957	0.650999	0.678942	0.747830	0.361379	0.330852	0.329721	0.338143
0.524114	0.349090	0.651092	0.342733	0.493627	0.652228	0.697461	0.766716	0.325874	0.324548	0.339456	0.352565
0.465623	0.338476	0.671688	0.334204	0.484524	0.680488	0.671017	0.702678	0.341173	0.333372	0.302908	0.350857
0.525881	0.371347	0.685025	0.340254	0.543097	0.667503	0.642372	0.749841	0.347495	0.347776	0.348184	0.321310
0.481848	0.336927	0.682241	0.365198	0.511291	0.676103	0.680083	0.747554	0.335934	0.339626	0.321824	0.313910
0.499972	0.365997	0.643932	0.355620	0.496351	0.672121	0.674615	0.763954	0.349519	0.325681	0.303412	0.328025
0.506074	0.348584	0.660638	0.323447	0.490833	0.707907	0.706466	0.748392	0.327065	0.329171	0.350589	0.345898
0.511761	0.337017	0.696848	0.315092	0.461399	0.694032	0.682190	0.756545	0.287238	0.308347	0.321506	0.333015
0.478959	0.295870	0.626239	0.321653	0.570231	0.654482	0.666651	0.741166	0.354669	0.337956	0.344930	0.323024
0.498274	0.319645	0.645363	0.320390	0.480677	0.667414	0.680381	0.764859	0.321948	0.318799	0.354270	0.308793
0.482756	0.329122	0.667821	0.332872	0.502091	0.711200	0.665830	0.778785	0.351767	0.325695	0.333487	0.298177
0.464604	0.354346	0.650853	0.302775	0.500532	0.717623	0.658681	0.751386	0.309605	0.307936	0.315923	0.323837
0.526659	0.304383	0.630635	0.349585	0.524950	0.676001	0.676364	0.707615	0.331659	0.371252	0.282367	0.304752
0.530701	0.340892	0.702003	0.325792	0.480426	0.626750	0.683293	0.753242	0.342161	0.350879	0.330486	0.319129
0.516624	0.330107	0.674047	0.347351	0.531084	0.669491	0.703048	0.716509	0.331739	0.316437	0.317946	0.375317
0.471218	0.333713	0.647015	0.292366	0.501805	0.668408	0.688571	0.756527	0.332867	0.352080	0.332297	0.351513
0.534558	0.307029	0.523564	0.488602	0.483183	0.485894	0.497267	0.493710	0.351214	0.337226	0.508960	0.331644
0.519001	0.352160	0.489609	0.498996	0.532189	0.531141	0.565561	0.540084	0.329051	0.329736	0.550106	0.356971
0.474852	0.344920	0.527205	0.457678	0.525139	0.508831	0.512606	0.510151	0.370698	0.331521	0.495413	0.352154
0.527461	0.302784	0.488971	0.487601	0.469792	0.491228	0.512119	0.501715	0.323462	0.294228	0.520697	0.339375
0.562615	0.291107	0.519474	0.528414	0.517243	0.506257	0.489340	0.485228	0.329961	0.333310	0.516735	0.360483
0.478673	0.347414	0.521171	0.462686	0.509888	0.531998	0.510471	0.472420	0.339359	0.342426	0.512556	0.345391
0.484880	0.301840	0.498275	0.495168	0.479126	0.487568	0.506184	0.521349	0.329556	0.308435	0.493332	0.318464
0.464791	0.340646	0.507455	0.453281	0.519330	0.500967	0.476646	0.491947	0.321369	0.349626	0.496361	0.360889
0.515176	0.306727	0.500622	0.449059	0.535067	0.512657	0.492995	0.520050	0.300114	0.343347	0.517072	0.364648
0.504338	0.655112	0.336180	0.477044	0.462962	0.493199	0.354516	0.653658	0.684012	0.732150	0.685780	0.707638
0.504110	0.679586	0.322447	0.537499	0.506217	0.520326	0.332299	0.668060	0.684048	0.772313	0.686219	0.744675
0.521562	0.712934	0.307022	0.522546	0.517026	0.531290	0.341199	0.690431	0.636241	0.756172	0.627494	0.747405
0.489635	0.640807	0.307370	0.500309	0.512582	0.500389	0.319058	0.649988	0.638722	0.751084	0.661287	0.769289
0.516938	0.648419	0.331978	0.477910	0.504976	0.497557	0.327021	0.683003	0.687098	0.738191	0.653122	0.759193
0.511559	0.685626	0.320261	0.477440	0.526654	0.519444	0.350582	0.638234	0.659676	0.755160	0.672172	0.732642
0.478343	0.675835	0.334024	0.488934	0.472567	0.522029	0.328694	0.708561	0.661905	0.769011	0.658967	0.722745
0.533204	0.675669	0.338561	0.544730	0.485315	0.498559	0.334522	0.663267	0.662378	0.709133	0.681603	0.773628
0.526152	0.716834	0.319827	0.518823	0.475476	0.477784	0.312860	0.672476	0.664629	0.742244	0.687055	0.764939
0.487387	0.674347	0.352945	0.513986	0.498407	0.509551	0.334015	0.651941	0.640526	0.741317	0.634428	0.766669
0.497786	0.654779	0.296445	0.494230	0.484351	0.498232	0.362545	0.687546	0.649838	0.797124	0.649811	0.765134
0.490725	0.649015	0.311403	0.514933	0.497080	0.525985	0.340086	0.652531	0.660172	0.758578	0.650196	0.768699
0.485465	0.661738	0.321948	0.492547	0.532769	0.494602	0.336256	0.681429	0.667183	0.734830	0.667273	0.735767
0.472939	0.639104	0.319494	0.545350	0.466159	0.521953	0.330301	0.632477	0.676958	0.760589	0.665790	0.743762
0.499479	0.651912	0.346721	0.491080	0.533413	0.519769	0.342089	0.639452	0.674330	0.764387	0.680633	0.752967
0.492863	0.726408	0.363207	0.511900	0.531218	0.468878	0.341495	0.684469	0.676913	0.765643	0.677181	0.732197
0.547510	0.659394	0.335137	0.513523	0.502694	0.482884	0.374901	0.703452	0.650052	0.740564	0.644397	0.756374
0.510053	0.662599	0.324703	0.561537	0.498333	0.496757	0.363693	0.661344	0.662143	0.725195	0.675599	0.730291
0.453087	0.653967	0.362124	0.475011	0.471924	0.513675	0.304165	0.660041	0.683719	0.738964	0.692864	0.736364
0.506309	0.682525	0.331236	0.511473	0.510458	0.475518	0.355537	0.635039	0.664646	0.747844	0.698363	0.717412
0.497145	0.675786	0.331726	0.524939	0.479920	0.517018	0.357159	0.674787	0.635025	0.755131	0.658873	0.755882
0.508112	0.673490	0.354007	0.530609	0.463128	0.492059	0.317577	0.652572	0.669358	0.684626	0.680182	0.735567
0.491494	0.642415	0.382590	0.501857	0.485645	0.486748	0.363621	0.666415	0.653967	0.743491	0.656750	0.749986
0.472837	0.672205	0.350472	0.512375	0.431967	0.489505	0.350256	0.666231	0.665427	0.729035	0.662440	0.767443
0.543802	0.349449	0.691808	0.492724	0.337037	0.638854	0.640119	0.724479	0.521663	0.481322	0.341858	0.493204
0.517178	0.305277	0.681272	0.467756	0.322701	0.666684	0.649156	0.767057	0.504540	0.530036	0.321963	0.502485
0.489563	0.307024	0.676807	0.486293	0.325681	0.687453	0.658712	0.746086	0.539531	0.525264	0.330647	0.457671
0.541843	0.336934	0.626888	0.508258	0.332102	0.677498	0.675796	0.732122	0.480373	0.507521	0.330408	0.492027
0.523209	0.325494	0.663820	0.489891	0.317712	0.657812	0.644647	0.739489	0.495145	0.502891	0.322517	0.515712
0.495968	0.355720	0.694002	0.500070	0.292505	0.663181	0.667084	0.749375	0.527277	0.486501	0.340370	0.507252
0.513870	0.299638	0.623563	0.501611	0.356814	0.681033	0.669493	0.742205	0.484370	0.540467	0.384549	0.501752
0.517995	0.345264	0.665711	0.494965	0.362689	0.655561	0.692680	0.747245	0.488503	0.511950	0.350571	0.501395
0.484684	0.645770	0.618049	0.671387	0.472392	0.649721	0.658751	0.739281	0.686264	0.666048	0.762380	0.505413
0.470323	0.652368	0.666713	0.677041	0.514615	0.674791	0.638639	0.741589	0.656966	0.687779	0.785655	0.530425
0.498990	0.678067	0.638586	0.682979	0.490020	0.672769	0.686845	0.756128	0.679858	0.680934	0.736046	0.470993
0.517485	0.660403	0.651097	0.669923	0.472597	0.644819	0.639033	0.721513	0.644844	0.670501	0.758700	0.498374
0.472443	0.653508	0.646882	0.682703	0.494278	0.654040	0.661008	0.783607	0.656402	0.654305	0.748402	0.482821
0.495806	0.686471	0.688217	0.673812	0.465237	0.656688	0.673224	0.739212	0.668260	0.685713	0.758940	0.513221
0.463422	0.662084	0.671303	0.671487	0.498274	0.646827	0.648388	0.751396	0.657193	0.687333	0.773258	0.526804
0.527207	0.672564	0.667052	0.675501	0.554143	0.648933	0.695054	0.750401	0.671232	0.667219	0.717180	0.463734
0.488961	0.665720	0.656649	0.669129	0.512520	0.662562	0.688250	0.757130	0.660812	0.642758	0.739458	0.505786
0.488630	0.673869	0.689907	0.649576	0.486797	0.637747	0.647680	0.754629	0.676734	0.668755	0.739895	0.526245
0.493763	0.693257	0.669965	0.692544	0.530477	0.678983	0.692741	0.758582	0.667655	0.651914	0.735923	0.510915
0.478187	0.687181	0.683556	0.688349	0.500757	0.677996	0.685021	0.747590	0.637081	0.633828	0.746421	0.520374
0.503946	0.689115	0.661916	0.651746	0.501625	0.691408	0.668599	0.749759	0.666138	0.650443	0.741627	0.526723
0.490002	0.674073	0.670611	0.662799	0.499828	0.670526	0.654611	0.746764	0.677924	0.648130	0.760058	0.503874
0.478498	0.664701	0.688537	0.675150	0.527870	0.665301	0.669154	0.761752	0.684081	0.638901	0.774828	0.521493
0.467129	0.656492	0.674201	0.684214	0.509648	0.656718	0.673220	0.753935	0.635670	0.683569	0.742557	0.526279
0.489074	0.676057	0.620942	0.675424	0.484985	0.666004	0.657193	0.739038	0.686080	0.658610	0.730888	0.495984
0.478053	0.695670	0.642330	0.675127	0.489638	0.675981	0.666844	0.734687	0.644222	0.658270	0.753683	0.513412
0.488928	0.646211	0.678438	0.660693	0.513083	0.670249	0.684824	0.730491	0.649686	0.637938	0.739753	0.507639
0.467191	0.625921	0.693691	0.660661	0.511805	0.649373	0.667353	0.743885	0.656725	0.645885	0.741928	0.511570
0.493377	0.665208	0.661539	0.652363	0.491731	0.659736	0.661126	0.766754	0.658534	0.685167	0.771442	0.496108
0.489275	0.682046	0.648057	0.666324	0.496878	0.696234	0.670301	0.781772	0.648200	0.623107	0.766705	0.496017
0.520357	0.682770	0.660249	0.656104	0.517588	0.680114	0.683398	0.754479	0.631547	0.629689	0.760171	0.510727
0.516702	0.647757	0.520387	0.452253	0.443692	0.488495	0.480955	0.657956	0.698965	0.674370	0.675358	0.625194
0.477451	0.670655	0.479206	0.524020	0.497452	0.495994	0.528597	0.654746	0.668524	0.686319	0.673221	0.677695
0.540388	0.670166	0.500109	0.553251	0.488565	0.482831	0.513661	0.644562	0.652291	0.638419	0.658558	0.656827
0.518104	0.706805	0.519554	0.498508	0.499459	0.446908	0.497413	0.696492	0.633732	0.702113	0.675515	0.654422
0.522703	0.653357	0.533423	0.527598	0.480921	0.489112	0.529021	0.647080	0.704039	0.680812	0.598891	0.686738
0.518016	0.661138	0.528377	0.503352	0.490289	0.490535	0.509808	0.638910	0.702117	0.685725	0.675865	0.674406
0.514227	0.666633	0.503431	0.476913	0.490885	0.513858	0.495256	0.656520	0.650350	0.696510	0.653849	0.654962
0.531084	0.620745	0.492652	0.489231	0.491883	0.481596	0.521338	0.690101	0.704233	0.628304	0.673448	0.662985
0.495108	0.640689	0.481739	0.504690	0.490948	0.504526	0.497675	0.682016	0.702844	0.615670	0.661899	0.681083
0.503403	0.675932	0.492359	0.473274	0.489908	0.507115	0.527161	0.641294	0.688344	0.677213	0.661855	0.669182
0.464492	0.706057	0.505351	0.000593	0.534476	0.503272	0.474420	0.358975	0.644713	0.766077	0.688388	0.773119
0.517658	0.685721	0.495749	0.004702	0.514425	0.521222	0.485829	0.324210	0.654253	0.744015	0.647309	0.772121
0.515043	0.653151	0.493461	0.017507	0.442750	0.487863	0.501493	0.348719	0.672871	0.774872	0.675646	0.776387
0.519229	0.695030	0.521850	0.015783	0.504830	0.489678	0.494522	0.363389	0.699063	0.741984	0.693279	0.736560
0.512007	0.659649	0.504838	0.015005	0.465049	0.493867	0.517102	0.325939	0.676694	0.717071	0.659918	0.737176
0.503087	0.679681	0.489365	0.010557	0.506567	0.485938	0.511094	0.357073	0.662053	0.767862	0.685883	0.745517
0.496061	0.679920	0.500299	0.007790	0.496046	0.493512	0.506562	0.322448	0.658717	0.741111	0.663612	0.741925
0.479183	0.654233	0.517481	0.019749	0.496253	0.500628	0.531017	0.317273	0.676797	0.761291	0.666376	0.758407
0.474390	0.644723	0.496911	0.016841	0.504263	0.468264	0.489081	0.302739	0.640944	0.708720	0.671096	0.782377
0.511262	0.678701	0.485737	0.011534	0.503628	0.519275	0.517968	0.335770	0.714170	0.783698	0.660778	0.737927
0.455040	0.663200	0.524519	0.003943	0.536639	0.489721	0.497677	0.309636	0.641901	0.740350	0.652773	0.770198
0.489475	0.690822	0.501368	0.012541	0.498522	0.475943	0.487173	0.294064	0.696497	0.760272	0.667455	0.738191
0.491145	0.701462	0.502739	0.012562	0.491441	0.476513	0.514427	0.337717	0.684548	0.714674	0.676661	0.750585
0.525851	0.695456	0.518405	0.007946	0.509256	0.489718	0.489062	0.316544	0.658120	0.753995	0.664995	0.756687
0.489048	0.640621	0.503666	0.023166	0.538403	0.522007	0.488788	0.302784	0.683159	0.752296	0.640059	0.691429
0.467880	0.633133	0.499997	0.011001	0.500734	0.477277	0.493964	0.307825	0.661939	0.735827	0.660212	0.735520
0.513900	0.670927	0.483418	0.018664	0.530975	0.526162	0.491734	0.340287	0.656102	0.710625	0.662793	0.760196
0.515903	0.697132	0.466633	0.021319	0.513234	0.486052	0.467817	0.347105	0.649309	0.736443	0.667146	0.701210
0.483183	0.648134	0.487503	0.020410	0.486776	0.521708	0.475152	0.297722	0.657423	0.710846	0.638477	0.760834
0.475606	0.362870	0.662389	0.500817	0.486776	0.667723	0.645245	0.769622	0.496444	0.335388	0.250651	0.356207
0.550085	0.325272	0.650391	0.502517	0.492681	0.667013	0.687564	0.723416	0.521220	0.351475	0.201053	0.316057
0.483395	0.358494	0.670955	0.479278	0.484105	0.672329	0.683507	0.755373	0.493283	0.337360	0.266851	0.313815
0.511774	0.344736	0.627745	0.520125	0.519272	0.654033	0.663644	0.732908	0.535566	0.339540	0.245975	0.363981
0.492397	0.330053	0.635449	0.502043	0.524559	0.607077	0.678929	0.735487	0.492966	0.345557	0.277880	0.322212
0.491499	0.327509	0.635480	0.480431	0.485956	0.635752	0.665876	0.738071	0.506274	0.355014	0.239031	0.332641
0.529589	0.316312	0.663364	0.472775	0.501076	0.667425	0.711018	0.748134	0.520804	0.344685	0.260883	0.326425
0.483873	0.331584	0.663025	0.522681	0.498429	0.700265	0.663527	0.777846	0.512444	0.323017	0.271601	0.330339
0.453777	0.335586	0.659970	0.518592	0.496146	0.709875	0.658734	0.715624	0.486406	0.346760	0.220393	0.325182
0.485143	0.353990	0.650454	0.506734	0.534052	0.688178	0.669243	0.761243	0.474826	0.353672	0.273773	0.323016
0.482130	0.644093	0.500043	0.487022	0.531093	0.498703	0.455267	0.496049	0.672670	0.677894	0.672615	0.669685
0.493271	0.692114	0.518483	0.531280	0.465469	0.531451	0.488389	0.510803	0.697201	0.675675	0.665352	0.685978
0.489361	0.680823	0.492692	0.519555	0.524731	0.535380	0.495668	0.523925	0.673172	0.662497	0.690840	0.671920
0.475830	0.658807	0.449114	0.468707	0.508299	0.506093	0.494220	0.491305	0.657790	0.639913	0.673608	0.642667
0.454566	0.653658	0.509198	0.537433	0.459076	0.508800	0.527156	0.490813	0.698793	0.657446	0.656361	0.672321
0.504030	0.671283	0.488923	0.491390	0.488869	0.514029	0.513336	0.513948	0.658412	0.687829	0.668581	0.651598
0.495850	0.690173	0.484005	0.478956	0.463664	0.521585	0.510824	0.488649	0.661727	0.668748	0.679258	0.678901
0.501711	0.699939	0.470593	0.528927	0.488796	0.492442	0.500620	0.486037	0.673047	0.690893	0.681454	0.657988
0.519158	0.654085	0.526721	0.508814	0.521286	0.480068	0.484706	0.448279	0.648434	0.680600	0.656653	0.657949
0.513538	0.643171	0.486769	0.482216	0.511305	0.492013	0.498331	0.532068	0.663129	0.680688	0.703603	0.625901
0.513771	0.650799	0.553129	0.493508	0.502178	0.506021	0.533228	0.491856	0.660082	0.707997	0.657742	0.664834
0.543005	0.673022	0.469140	0.503823	0.478240	0.502817	0.489761	0.514334	0.661135	0.666493	0.655127	0.693259
0.505903	0.687048	0.470835	0.486147	0.517766	0.523685	0.484621	0.434461	0.635069	0.659290	0.658246	0.680580
0.524502	0.670027	0.516384	0.512065	0.515475	0.497778	0.480029	0.475984	0.640448	0.671559	0.693463	0.699757
0.520818	0.693778	0.513502	0.464699	0.491960	0.508938	0.496121	0.501763	0.670976	0.645241	0.668007	0.679291
0.499803	0.665354	0.507638	0.458540	0.469406	0.502271	0.495708	0.500269	0.676243	0.689985	0.668741	0.651310
0.481856	0.652687	0.483898	0.504572	0.475330	0.473197	0.459903	0.466201	0.665059	0.717849	0.677785	0.670508
0.514725	0.473962	0.515207	0.532069	0.496579	0.501730	0.511085	0.309220	0.462667	0.516335	0.505873	0.506903
0.509734	0.516184	0.499334	0.491627	0.492766	0.482211	0.492774	0.332696	0.525840	0.513714	0.505276	0.503668
0.511231	0.488213	0.494998	0.440561	0.514700	0.482541	0.487030	0.350734	0.464819	0.527594	0.522398	0.502843
0.516420	0.477702	0.517240	0.533688	0.518803	0.497727	0.521822	0.324612	0.537621	0.476718	0.468751	0.512186
0.489618	0.510965	0.508862	0.487612	0.503710	0.515748	0.497967	0.334253	0.490414	0.503081	0.488749	0.508693
0.489409	0.492228	0.505164	0.506157	0.475619	0.530844	0.504291	0.318264	0.492289	0.493131	0.493239	0.508157
0.522269	0.535968	0.510931	0.490098	0.520047	0.517645	0.495716	0.316807	0.512571	0.475304	0.521182	0.489697
0.525767	0.508799	0.529007	0.487401	0.485653	0.484596	0.510148	0.316182	0.513446	0.494118	0.492303	0.522596
0.477862	0.696267	0.472562	0.499197	0.489868	0.504030	0.504452	0.678786	0.656453	0.644278	0.650857	0.698573
0.506885	0.650957	0.481482	0.510363	0.501929	0.505529	0.506771	0.657755	0.671531	0.641849	0.645053	0.704194
0.506166	0.668782	0.491439	0.501249	0.495345	0.489936	0.493403	0.668462	0.650692	0.675709	0.632501	0.705529
0.517461	0.667183	0.491925	0.506822	0.479245	0.500294	0.517373	0.654098	0.644918	0.649489	0.640619	0.676713
0.488693	0.654076	0.522400	0.515456	0.491453	0.522341	0.493888	0.705374	0.626241	0.652878	0.660822	0.666002
0.517373	0.662861	0.496404	0.510656	0.525562	0.501404	0.511019	0.670016	0.655609	0.670245	0.647021	0.655874
0.528882	0.666269	0.483759	0.492801	0.513372	0.517980	0.512532	0.706187	0.663389	0.630919	0.649149	0.670428
0.505780	0.645617	0.543113	0.498773	0.506031	0.526530	0.462752	0.678538	0.654084	0.657596	0.669919	0.716851
0.504647	0.658447	0.546109	0.477616	0.476509	0.489569	0.447944	0.663363	0.614232	0.641526	0.658309	0.670936
0.449413	0.650922	0.521893	0.495242	0.512035	0.509594	0.489513	0.649705	0.640591	0.652324	0.691865	0.691216
0.514025	0.684291	0.499591	0.500962	0.491023	0.478542	0.498203	0.680800	0.681879	0.661415	0.672320	0.691148
0.521442	0.644697	0.477673	0.531819	0.525642	0.471246	0.467686	0.697848	0.678927	0.679637	0.676029	0.633414
0.487782	0.673659	0.499684	0.520847	0.485629	0.514779	0.491743	0.621463	0.670884	0.720182	0.661961	0.677218
0.500771	0.637968	0.505476	0.497330	0.486607	0.505728	0.524332	0.619772	0.651442	0.649841	0.640219	0.646975
0.455105	0.688607	0.492524	0.535138	0.505957	0.518274	0.517185	0.651359	0.676652	0.697720	0.662076	0.692870
0.462607	0.695906	0.476987	0.497954	0.508411	0.525206	0.514942	0.643584	0.663330	0.647515	0.680020	0.656852
0.460432	0.640208	0.510922	0.503080	0.500433	0.518765	0.496360	0.654269	0.636747	0.659220	0.679229	0.651732
0.458694	0.667204	0.508831	0.513427	0.490772	0.524115	0.491440	0.651231	0.685610	0.648259	0.662781	0.648780
0.485302	0.347449	0.661917	0.488980	0.480252	0.682237	0.675297	0.778459	0.363394	0.313434	0.236639	0.512548
0.481814	0.326399	0.674028	0.492215	0.488356	0.671534	0.650054	0.782105	0.329152	0.292846	0.277428	0.476855
0.507395	0.374079	0.653266	0.473830	0.482331	0.685931	0.656744	0.741834	0.375407	0.308066	0.256424	0.515059
0.509367	0.358817	0.720484	0.472079	0.518012	0.668251	0.696650	0.752172	0.352630	0.303132	0.248028	0.484671
0.498351	0.366092	0.654074	0.524604	0.498531	0.671572	0.654937	0.734943	0.343491	0.348355	0.268674	0.514846
0.509498	0.288361	0.680163	0.506204	0.514533	0.666138	0.678794	0.730301	0.303373	0.299689	0.268864	0.465613
0.512151	0.332081	0.682321	0.511247	0.491149	0.650429	0.677588	0.772730	0.346475	0.340510	0.276142	0.513857
0.524130	0.287623	0.657850	0.482977	0.504568	0.677005	0.703803	0.769853	0.297439	0.385725	0.269772	0.533620
0.499797	0.326787	0.020747	0.518660	0.472475	0.042762	0.010047	0.016712	0.321840	0.349756	0.353609	0.500237
0.478825	0.305347	0.006389	0.490276	0.506242	0.026556	0.010526	0.033142	0.334873	0.344904	0.343652	0.504229
0.500838	0.346835	0.000847	0.504110	0.484845	0.003930	0.005596	0.029098	0.318122	0.351010	0.331074	0.501328
0.483947	0.364817	0.014912	0.514482	0.511291	0.014487	0.056965	0.011053	0.338989	0.287419	0.344833	0.521695
0.507186	0.324020	0.024858	0.490057	0.507179	0.024395	0.015262	0.002459	0.344519	0.323612	0.321542	0.470001
0.499966	0.323687	0.026220	0.504641	0.533969	0.023610	0.002486	0.017487	0.318047	0.297058	0.322792	0.509353
0.507832	0.347338	0.007592	0.486770	0.516278	0.014176	0.039738	0.018234	0.348073	0.310522	0.353898	0.492081
0.513823	0.329811	0.000117	0.509826	0.489976	0.009650	0.000697	0.001358	0.354276	0.337430	0.343842	0.496819
0.521586	0.328731	0.013990	0.492606	0.506563	0.011158	0.018033	0.008012	0.330994	0.337941	0.318619	0.508505
0.498984	0.353765	0.017267	0.489575	0.477074	0.002883	0.009491	0.010721	0.323075	0.316941	0.352022	0.502311
0.472914	0.352252	0.012165	0.506635	0.484700	0.007059	0.005913	0.029471	0.340626	0.333087	0.328354	0.538628
0.514202	0.347911	0.000733	0.474429	0.469126	0.006277	0.016033	0.002138	0.348421	0.287213	0.339631	0.527126
0.440447	0.332065	0.025524	0.455206	0.484016	0.012405	0.042449	0.015351	0.387288	0.313503	0.290372	0.533383
0.538184	0.327108	0.000385	0.472316	0.519268	0.021676	0.000453	0.012572	0.321517	0.320592	0.363342	0.494128
0.514955	0.323121	0.004739	0.508023	0.487147	0.026845	0.015120	0.008255	0.347815	0.334973	0.337307	0.484464
0.521096	0.321175	0.025912	0.520551	0.505296	0.027690	0.007994	0.028928	0.323566	0.385228	0.322102	0.514722
0.539487	0.649595	0.507367	0.490302	0.557701	0.496034	0.494602	0.319920	0.675149	0.319140	0.672800	0.349817
0.498748	0.647596	0.513881	0.528829	0.509389	0.515904	0.497331	0.333447	0.670226	0.337902	0.654460	0.305131
0.486839	0.674328	0.489560	0.530106	0.498181	0.525908	0.471397	0.326846	0.642781	0.341342	0.659382	0.317904
0.492586	0.663581	0.504362	0.501561	0.478106	0.552211	0.507283	0.359681	0.665434	0.345204	0.673693	0.309698
0.505074	0.620564	0.538602	0.523767	0.500581	0.528152	0.517222	0.340242	0.677014	0.326112	0.665668	0.312869
0.520979	0.662749	0.509237	0.496213	0.555970	0.505363	0.504963	0.364437	0.676951	0.296177	0.642902	0.320346
0.502712	0.656725	0.495223	0.493308	0.494510	0.527905	0.449987	0.334212	0.661699	0.328250	0.696177	0.355010
0.485243	0.649781	0.340838	0.506435	0.459373	0.306753	0.494834	0.274748	0.651220	0.515133	0.510399	0.490151
0.488029	0.661424	0.340060	0.517081	0.503002	0.312019	0.496500	0.251165	0.665525	0.515918	0.517527	0.507466
0.513817	0.663901	0.324809	0.509804	0.507122	0.289909	0.463216	0.254444	0.687063	0.474461	0.500049	0.464614
0.495994	0.660775	0.295947	0.519477	0.485535	0.306369	0.472960	0.218612	0.688045	0.481968	0.525513	0.526264
0.496969	0.674979	0.343926	0.515306	0.506478	0.343235	0.483340	0.242492	0.647354	0.474864	0.499242	0.511466
0.475928	0.678100	0.331755	0.509769	0.522664	0.331686	0.501978	0.264237	0.635559	0.520982	0.520326	0.457801
0.510811	0.657024	0.339533	0.517110	0.489734	0.367056	0.495683	0.216401	0.692596	0.516453	0.484735	0.526218
0.505948	0.691623	0.316804	0.522243	0.481368	0.333035	0.511336	0.248591	0.665787	0.492294	0.485565	0.450352
0.515847	0.647436	0.317120	0.485436	0.491126	0.320887	0.520440	0.253597	0.697422	0.480388	0.542705	0.496688
0.488655	0.661627	0.329437	0.480569	0.504399	0.351190	0.477221	0.283796	0.641753	0.504872	0.523550	0.498390
0.473272	0.657344	0.316110	0.505264	0.458831	0.328043	0.493797	0.229436	0.664562	0.492161	0.472742	0.495477
0.494089	0.643782	0.355519	0.464442	0.484311	0.345316	0.497233	0.267300	0.681278	0.485138	0.500392	0.513154
0.504064	0.648850	0.381286	0.519003	0.481785	0.335274	0.478561	0.245971	0.682465	0.516020	0.469795	0.482795
0.485027	0.649332	0.328407	0.509280	0.473811	0.338307	0.493781	0.246935	0.675680	0.492777	0.522395	0.474424
0.512623	0.662875	0.347244	0.493562	0.505147	0.339150	0.520264	0.277095	0.681584	0.519340	0.470221	0.456155
0.468663	0.655192	0.354878	0.458790	0.502193	0.313146	0.480615	0.279905	0.703056	0.504300	0.541378	0.500495
0.504273	0.666339	0.343792	0.516878	0.507580	0.356110	0.513710	0.296843	0.684253	0.518509	0.527367	0.500958
0.546132	0.483045	0.510635	0.501310	0.495055	0.478834	0.010514	0.647728	0.522816	0.523311	0.339959	0.014751
0.486704	0.502498	0.516304	0.496592	0.502066	0.504701	0.021225	0.676321	0.506394	0.480114	0.349666	0.012631
0.512506	0.513593	0.480698	0.545068	0.499181	0.522287	0.024398	0.651447	0.511810	0.515767	0.371406	0.031389
0.464512	0.514113	0.511808	0.542263	0.465196	0.495621	0.006266	0.652069	0.498822	0.482923	0.324051	0.026576
0.511065	0.512481	0.517424	0.471155	0.495431	0.494713	0.019809	0.673253	0.520770	0.491250	0.318703	0.028904
0.500764	0.501905	0.526272	0.493614	0.499033	0.486043	0.011605	0.655530	0.484586	0.497812	0.310244	0.011854
0.509215	0.504698	0.513598	0.501271	0.481123	0.523029	0.016403	0.652089	0.520862	0.498950	0.327718	0.012006
0.505230	0.482035	0.508275	0.500938	0.509172	0.499899	0.010669	0.695650	0.499485	0.480282	0.312819	0.022443
0.549062	0.487339	0.518652	0.519587	0.512413	0.479480	0.014070	0.668327	0.502489	0.488257	0.351282	0.004462
0.501918	0.682814	0.387653	0.459609	0.486088	0.330366	0.320312	0.267383	0.622530	0.650949	0.655477	0.663547
0.493098	0.681883	0.331016	0.513496	0.480346	0.352983	0.313658	0.256871	0.706038	0.690918	0.647684	0.616301
0.467485	0.619893	0.297686	0.501182	0.507635	0.334702	0.336933	0.262036	0.650833	0.657070	0.672616	0.693949
0.481589	0.694706	0.317578	0.493355	0.501664	0.346752	0.346400	0.238699	0.699570	0.702497	0.671248	0.639007
0.481444	0.682446	0.315559	0.485570	0.489211	0.298700	0.328004	0.231646	0.671928	0.630827	0.700184	0.664780
0.508728	0.669265	0.335944	0.511330	0.473992	0.327685	0.339889	0.224460	0.667748	0.707773	0.665196	0.669575
0.504055	0.642087	0.358909	0.481332	0.513961	0.342364	0.342546	0.237227	0.684495	0.698432	0.685089	0.671719
0.539588	0.648535	0.325438	0.512295	0.527823	0.319092	0.318371	0.231792	0.685210	0.676959	0.692866	0.654286
0.506424	0.693520	0.357308	0.513278	0.505004	0.333175	0.337987	0.256398	0.656235	0.639261	0.681757	0.632840
0.504176	0.636992	0.315456	0.489095	0.479039	0.367200	0.291198	0.249598	0.686212	0.651672	0.658070	0.670250
0.497838	0.678313	0.340536	0.491702	0.519626	0.353970	0.357971	0.217503	0.671923	0.697390	0.670386	0.647467
0.485082	0.671113	0.347200	0.475898	0.477233	0.337288	0.350203	0.276702	0.679711	0.642417	0.662002	0.672631
0.503063	0.668425	0.317678	0.504503	0.528823	0.321549	0.316656	0.214745	0.688653	0.657605	0.678656	0.675121
0.502209	0.635253	0.333806	0.489605	0.495552	0.339771	0.342580	0.227673	0.645179	0.663352	0.668960	0.654612
0.450970	0.006942	0.521708	0.512823	0.474152	0.511977	0.325344	0.333339	0.014746	0.013080	0.000744	0.038343
0.512876	0.025684	0.497001	0.471220	0.473489	0.500359	0.306965	0.331731	0.022543	0.005011	0.015045	0.005767
0.495531	0.019421	0.525344	0.492416	0.491594	0.516988	0.322638	0.347141	0.010183	0.000755	0.024869	0.018455
0.503283	0.001283	0.529295	0.465379	0.522169	0.484218	0.357073	0.352821	0.010301	0.008759	0.002043	0.007898
0.518782	0.025270	0.488776	0.470732	0.460783	0.484307	0.354266	0.353688	0.014217	0.040164	0.026691	0.040580
0.482208	0.005803	0.521266	0.507206	0.496791	0.460790	0.354547	0.362634	0.004475	0.003254	0.021842	0.013963
0.508326	0.666051	0.505113	0.533400	0.023799	0.515608	0.504814	0.642768	0.656016	0.675851	0.637861	0.689071
0.537858	0.707812	0.466901	0.505439	0.006192	0.533278	0.510087	0.643744	0.676305	0.682395	0.655026	0.676401
0.520330	0.687300	0.511738	0.490632	0.015918	0.520151	0.505796	0.692342	0.687599	0.665569	0.642890	0.660665
0.490033	0.674516	0.513217	0.507315	0.043806	0.498991	0.495142	0.679160	0.683010	0.619668	0.690879	0.710909
0.518981	0.677554	0.486877	0.488421	0.000110	0.494010	0.509580	0.671625	0.704622	0.625520	0.659981	0.657021
0.493892	0.675660	0.485723	0.485812	0.009094	0.499748	0.491355	0.635511	0.659095	0.660976	0.639159	0.690986
0.510186	0.633977	0.489419	0.550182	0.019873	0.512363	0.496105	0.663187	0.655457	0.688476	0.627228	0.643079
0.540519	0.689770	0.498903	0.492510	0.007507	0.513035	0.536593	0.672309	0.669756	0.664021	0.668078	0.657869
0.514281	0.651503	0.499564	0.528611	0.001884	0.475700	0.502753	0.681973	0.692760	0.648892	0.670365	0.654106
0.520777	0.639120	0.510848	0.498392	0.023776	0.494113	0.480750	0.658067	0.648152	0.694486	0.688936	0.673326
0.475730	0.679280	0.475019	0.531865	0.024527	0.518222	0.479484	0.673731	0.661363	0.663725	0.663667	0.671205
0.518871	0.656454	0.493371	0.513627	0.018164	0.502181	0.513217	0.680529	0.655719	0.675652	0.672706	0.670063
0.508430	0.681207	0.500590	0.491018	0.001345	0.477689	0.515103	0.666736	0.652889	0.644946	0.681795	0.694604
0.506944	0.690706	0.496114	0.549952	0.025671	0.552672	0.482811	0.659453	0.666071	0.695503	0.694923	0.655094
0.484990	0.684803	0.516068	0.500861	0.000482	0.446353	0.511533	0.633287	0.618830	0.646278	0.675783	0.664414
0.506607	0.643905	0.492951	0.475677	0.020214	0.507208	0.485581	0.657059	0.669919	0.692718	0.671016	0.666795
0.512772	0.693781	0.459753	0.537285	0.039957	0.470217	0.548489	0.657617	0.618944	0.678857	0.675985	0.691461
0.502748	0.036599	0.665106	0.470300	0.547595	0.665121	0.692113	0.479264	0.009076	0.029535	0.008395	0.030584
0.507957	0.011676	0.673382	0.487816	0.511020	0.675673	0.670399	0.457203	0.021757	0.002320	0.003249	0.015370
0.497850	0.001298	0.657974	0.476721	0.511812	0.687137	0.675825	0.518042	0.015835	0.032676	0.004455	0.029369
0.520693	0.336743	0.657569	0.490766	0.443664	0.676191	0.474501	0.768667	0.299638	0.356328	0.493824	0.494849
0.503450	0.322758	0.650489	0.514642	0.466698	0.683935	0.454297	0.759640	0.347768	0.292207	0.499701	0.484870
0.509947	0.322909	0.668420	0.506912	0.463994	0.657122	0.490214	0.725385	0.318383	0.311311	0.463557	0.512135
0.537121	0.336775	0.666085	0.486879	0.461497	0.656168	0.455676	0.738569	0.322533	0.327586	0.460422	0.512858
0.496885	0.340095	0.645052	0.505700	0.543499	0.663515	0.486020	0.797893	0.322445	0.328735	0.475066	0.502933
0.486439	0.351135	0.642318	0.525489	0.501658	0.684641	0.491551	0.710575	0.322920	0.350319	0.507175	0.507322
0.511536	0.358124	0.631817	0.470767	0.506766	0.659476	0.477362	0.754731	0.341585	0.357754	0.519386	0.489967
0.500698	0.326067	0.675144	0.499735	0.504870	0.706777	0.515774	0.745621	0.332174	0.338003	0.501891	0.474435
0.484096	0.341582	0.660705	0.528269	0.468647	0.675030	0.492125	0.748614	0.315549	0.333195	0.529370	0.536987
0.518262	0.322060	0.690930	0.504875	0.490304	0.619410	0.512494	0.731427	0.336594	0.360460	0.522742	0.528933
0.505020	0.327978	0.684251	0.502714	0.511710	0.662693	0.538512	0.776876	0.296746	0.311625	0.495181	0.490793
0.490297	0.305392	0.684774	0.481692	0.488632	0.685589	0.473057	0.766141	0.342073	0.310019	0.509479	0.503805
0.491212	0.323455	0.632412	0.518594	0.514571	0.669254	0.529542	0.750092	0.325052	0.331284	0.477038	0.507093
0.511344	0.331395	0.624689	0.490331	0.505915	0.680954	0.499030	0.760524	0.351846	0.345767	0.562334	0.474492
0.522576	0.368750	0.670846	0.509741	0.488666	0.650838	0.529951	0.765934	0.328413	0.363427	0.491066	0.517679
0.530377	0.347005	0.680896	0.481978	0.555767	0.692491	0.515314	0.754627	0.340451	0.328192	0.461099	0.489505
0.494388	0.366764	0.662134	0.496905	0.516529	0.622688	0.489744	0.739173	0.348889	0.320112	0.548295	0.478326
0.503686	0.337050	0.341272	0.691031	0.500484	0.329247	0.481132	0.247996	0.319537	0.332637	0.302496	0.341367
0.490974	0.318607	0.320893	0.666693	0.499055	0.351650	0.489529	0.251840	0.314362	0.345400	0.325702	0.301177
0.491515	0.359805	0.323886	0.683010	0.523523	0.293768	0.514860	0.236662	0.310193	0.310077	0.313846	0.344251
0.515985	0.664619	0.497990	0.477980	0.460944	0.510614	0.649015	0.695799	0.653469	0.754271	0.657822	0.748352
0.492609	0.705793	0.483195	0.497601	0.517984	0.499301	0.666124	0.666523	0.648411	0.753315	0.644713	0.763995
0.514676	0.628879	0.468085	0.501844	0.493579	0.472737	0.686083	0.663506	0.665162	0.772874	0.678790	0.750501
0.488854	0.650071	0.518486	0.496107	0.497157	0.504055	0.657062	0.663025	0.676230	0.781152	0.664688	0.750906
0.508049	0.633075	0.470917	0.464661	0.531499	0.488922	0.656197	0.652289	0.661300	0.723921	0.672316	0.769972
0.509077	0.680358	0.488989	0.505968	0.510383	0.498072	0.718386	0.665797	0.658358	0.745156	0.612949	0.765112
0.481517	0.660999	0.460005	0.471042	0.545459	0.522900	0.685366	0.676464	0.648219	0.740276	0.645942	0.742052
0.489034	0.687229	0.495729	0.483782	0.530282	0.513828	0.660894	0.655109	0.661301	0.743870	0.651806	0.735479
0.499437	0.659566	0.500820	0.486853	0.494394	0.503887	0.682951	0.623184	0.665934	0.736797	0.649224	0.778593
0.522601	0.648075	0.545892	0.472560	0.506191	0.518001	0.663863	0.648401	0.669280	0.781781	0.647278	0.753950
0.520008	0.709512	0.528802	0.507848	0.493687	0.510347	0.677307	0.664144	0.671582	0.737035	0.668680	0.714221
0.495751	0.681499	0.498702	0.483455	0.488718	0.489185	0.653975	0.644040	0.671038	0.721421	0.686753	0.782795
0.491916	0.672415	0.480348	0.484337	0.526268	0.508577	0.670938	0.657700	0.664972	0.730946	0.641143	0.743311
0.469789	0.668542	0.486624	0.502210	0.479631	0.493762	0.669491	0.706973	0.667279	0.765457	0.645004	0.755870
0.528445	0.677064	0.450093	0.470003	0.516390	0.495369	0.680991	0.703722	0.659711	0.757094	0.671103	0.740533
0.518271	0.656901	0.519287	0.506810	0.483994	0.510191	0.668568	0.662469	0.645881	0.760170	0.687781	0.744017
0.509746	0.686059	0.353671	0.471276	0.492754	0.313265	0.324623	0.234798	0.675218	0.645972	0.504349	0.661781
0.507442	0.695924	0.307689	0.479064	0.504008	0.338058	0.306465	0.246910	0.689970	0.679534	0.446377	0.676077
0.528657	0.646913	0.366372	0.529387	0.509084	0.338780	0.330250	0.237528	0.653161	0.676006	0.492978	0.627001
0.494538	0.504537	0.454632	0.497367	0.517732	0.468901	0.666383	0.335802	0.505526	0.483761	0.494453	0.517483
0.463589	0.531430	0.519862	0.481167	0.543630	0.487037	0.662659	0.326927	0.512012	0.491848	0.495408	0.519833
0.494173	0.498342	0.472372	0.518223	0.480911	0.491911	0.669172	0.328188	0.495428	0.480767	0.471419	0.470389
0.512080	0.490633	0.506241	0.506721	0.488475	0.519051	0.645995	0.320778	0.467125	0.491296	0.488857	0.530660
0.462587	0.467990	0.478971	0.538128	0.500918	0.524980	0.692528	0.299432	0.475972	0.503250	0.509163	0.509616
0.480281	0.525252	0.515908	0.513075	0.497140	0.514476	0.698188	0.356960	0.525814	0.519840	0.466255	0.503724
0.500018	0.471854	0.492070	0.450218	0.533911	0.488009	0.682884	0.313141	0.514668	0.485958	0.499088	0.454315
0.513978	0.493582	0.496411	0.485347	0.505809	0.474634	0.671034	0.286207	0.505280	0.498225	0.501716	0.495194
0.512640	0.527700	0.499704	0.472237	0.534073	0.487099	0.644022	0.303943	0.480292	0.478706	0.487035	0.473506
0.526675	0.493091	0.460783	0.485997	0.516709	0.494279	0.668948	0.311702	0.483531	0.500645	0.500258	0.525909
0.508753	0.494057	0.520101	0.494823	0.468381	0.484062	0.676217	0.327172	0.523500	0.507370	0.514860	0.487769
0.545835	0.497214	0.497172	0.502839	0.492680	0.511031	0.670837	0.355457	0.510760	0.537345	0.520228	0.520178
0.490659	0.500520	0.494887	0.513602	0.537548	0.508099	0.649461	0.331340	0.485584	0.539443	0.483236	0.502084
0.507911	0.501619	0.513464	0.499743	0.475283	0.484006	0.664631	0.315973	0.521589	0.532752	0.484733	0.485097
0.500155	0.523121	0.506946	0.512543	0.528810	0.505686	0.683256	0.315385	0.492525	0.473646	0.466892	0.475358
0.503590	0.323371	0.503091	0.499458	0.474673	0.013969	0.303372	0.013942	0.339861	0.219879	0.303518	0.167767
0.522299	0.309757	0.503095	0.497555	0.492516	0.035033	0.319225	0.017474	0.312222	0.261730	0.345682	0.191363
0.503018	0.322267	0.488700	0.517369	0.499754	0.000973	0.330681	0.000514	0.315796	0.250552	0.341839	0.192322
0.527845	0.317037	0.516953	0.536251	0.494773	0.034464	0.336017	0.030893	0.343799	0.227572	0.347365	0.174312
0.517294	0.350513	0.507418	0.471296	0.519852	0.035393	0.348813	0.011765	0.351140	0.253143	0.341091	0.180664
0.510042	0.290833	0.483830	0.506188	0.476846	0.025641	0.315385	0.031115	0.333198	0.274825	0.333174	0.158115
0.497217	0.296764	0.506334	0.506206	0.502248	0.007913	0.486276	0.034624	0.362744	0.310907	0.499612	0.250857
0.502520	0.343772	0.490268	0.510076	0.485587	0.002598	0.507767	0.002407	0.314952	0.326830	0.505967	0.260287
0.534621	0.346393	0.524076	0.539347	0.536889	0.013194	0.484628	0.023371	0.287011	0.318601	0.499592	0.220438
0.509745	0.343727	0.522977	0.497233	0.484225	0.009512	0.516119	0.002420	0.305994	0.296280	0.482551	0.241244
0.536180	0.294690	0.525653	0.503000	0.503494	0.000019	0.510379	0.021270	0.359061	0.340270	0.480373	0.272619
0.493420	0.297576	0.497688	0.500021	0.517677	0.008960	0.495974	0.014803	0.309163	0.324270	0.466151	0.238856
0.503643	0.355368	0.511352	0.465438	0.504401	0.018089	0.470725	0.005839	0.315331	0.342946	0.501635	0.245350
0.536710	0.331516	0.501594	0.494647	0.481404	0.043732	0.484230	0.027092	0.350243	0.343807	0.515608	0.253144
0.473296	0.328163	0.510691	0.491575	0.508142	0.037731	0.455457	0.002458	0.317748	0.334377	0.468095	0.261494
0.500607	0.652188	0.515179	0.478583	0.536625	0.496085	0.488822	0.354180	0.684945	0.657209	0.631060	0.659769
0.511978	0.700724	0.494058	0.477628	0.532779	0.513972	0.505732	0.325987	0.638736	0.692022	0.635537	0.643247
0.519889	0.669258	0.533458	0.494070	0.476175	0.504969	0.495636	0.344422	0.710856	0.689281	0.697904	0.679386
0.460857	0.677023	0.488832	0.486363	0.527619	0.469359	0.517217	0.300753	0.671649	0.637555	0.673728	0.708009
0.479191	0.326418	0.463830	0.482296	0.480177	0.515576	0.476892	0.480332	0.329370	0.350203	0.373173	0.321444
0.494720	0.346374	0.507391	0.484787	0.518854	0.519246	0.510726	0.483378	0.334041	0.301391	0.372093	0.304049
0.512389	0.314291	0.523884	0.485690	0.488319	0.482742	0.489369	0.499963	0.336181	0.331766	0.321613	0.328855
0.525457	0.307410	0.506523	0.507489	0.530132	0.542211	0.503985	0.485208	0.330603	0.318372	0.342621	0.343139
0.519944	0.361982	0.514598	0.517923	0.493232	0.496031	0.465732	0.525578	0.331668	0.365689	0.357134	0.325075
0.506569	0.349327	0.501733	0.514601	0.485089	0.478660	0.533308	0.518842	0.336371	0.365891	0.310299	0.328733
0.526772	0.368225	0.491497	0.525163	0.502367	0.493738	0.466117	0.506577	0.355778	0.352770	0.318655	0.347088
0.515915	0.341970	0.500999	0.505470	0.501647	0.508511	0.504324	0.481177	0.331036	0.345225	0.335624	0.306307
0.517579	0.314971	0.497797	0.495832	0.502917	0.469207	0.521282	0.520514	0.335515	0.328534	0.336995	0.348407
0.524829	0.323853	0.509330	0.493001	0.544782	0.519537	0.498803	0.481137	0.324256	0.359737	0.308002	0.347353
0.494239	0.656512	0.334568	0.504044	0.506067	0.349218	0.341543	0.468450	0.688031	0.774712	0.756214	0.747026
0.482357	0.686618	0.325535	0.464748	0.529211	0.316730	0.346961	0.465083	0.639033	0.772409	0.722190	0.757225
0.521051	0.668286	0.363042	0.496712	0.517154	0.310632	0.332923	0.497086	0.653318	0.771602	0.732558	0.752762
0.488807	0.682013	0.506031	0.493239	0.521756	0.546045	0.483926	0.328150	0.675908	0.483473	0.657577	0.493991
0.506134	0.636353	0.495316	0.502491	0.504341	0.480453	0.487675	0.323397	0.685447	0.501567	0.671974	0.482749
0.510006	0.653799	0.474958	0.505219	0.510280	0.495725	0.501514	0.312236	0.643134	0.524298	0.684068	0.489612
0.508000	0.690641	0.506453	0.483251	0.501424	0.511474	0.489962	0.330860	0.686028	0.506772	0.656277	0.521441
0.460065	0.695475	0.491086	0.496607	0.514517	0.482206	0.520333	0.318119	0.693615	0.519453	0.690514	0.481421
0.493934	0.672768	0.489597	0.523600	0.506483	0.492778	0.488835	0.290530	0.653811	0.478462	0.663461	0.462326
0.488536	0.657813	0.494245	0.507623	0.482273	0.507931	0.492201	0.316009	0.636024	0.537292	0.664642	0.517907
0.499594	0.696240	0.516869	0.496718	0.478413	0.523155	0.504897	0.349900	0.654485	0.487992	0.676888	0.520031
0.535917	0.635861	0.501051	0.501511	0.528187	0.512095	0.494888	0.307121	0.675147	0.468031	0.653338	0.476027
0.495179	0.674172	0.508039	0.515091	0.485378	0.488056	0.479200	0.320856	0.674894	0.527322	0.674467	0.484532
0.469695	0.714020	0.491531	0.507739	0.484720	0.492586	0.482946	0.340253	0.659593	0.511432	0.679878	0.517459
0.498991	0.312816	0.490075	0.655526	0.502678	0.511616	0.505159	0.529983	0.304012	0.228912	0.321960	0.226970
0.505199	0.346726	0.485601	0.668060	0.490026	0.466856	0.488326	0.493679	0.356981	0.267110	0.346571	0.291870
0.515986	0.339799	0.522100	0.656307	0.482885	0.519102	0.481778	0.512697	0.311033	0.246357	0.290931	0.277852
0.518137	0.305078	0.478962	0.650052	0.524917	0.494429	0.482390	0.489864	0.385778	0.229982	0.336010	0.283616
0.527716	0.342183	0.485404	0.654936	0.479940	0.511200	0.524903	0.506716	0.318432	0.211496	0.361663	0.229622
0.470475	0.626255	0.495320	0.320063	0.534203	0.474381	0.478861	0.673010	0.632652	0.671579	0.649978	0.663386
0.514340	0.659509	0.480793	0.351484	0.494799	0.527266	0.514217	0.665091	0.663091	0.646597	0.635306	0.647585
0.535815	0.650244	0.549361	0.321310	0.516526	0.497344	0.490371	0.650164	0.673527	0.643867	0.682898	0.705188
0.463622	0.665816	0.491933	0.322798	0.474807	0.516598	0.497682	0.647147	0.689058	0.681641	0.634159	0.672957
0.524298	0.650395	0.499285	0.333694	0.532766	0.482911	0.512644	0.674817	0.672158	0.696026	0.646570	0.676634
0.521462	0.654255	0.516273	0.372115	0.472286	0.504764	0.490283	0.661857	0.665632	0.685392	0.693275	0.662664
0.507889	0.032888	0.631666	0.469922	0.475116	0.654057	0.667298	0.737177	0.013949	0.006963	0.034203	0.011677
0.506334	0.003912	0.664274	0.539386	0.527323	0.681527	0.649295	0.712443	0.060671	0.036259	0.005137	0.017211
0.509750	0.019013	0.674649	0.481886	0.507002	0.706679	0.695815	0.714099	0.035440	0.007650	0.016000	0.006239
0.527135	0.018133	0.622782	0.488356	0.502702	0.670593	0.645609	0.757380	0.043712	0.017048	0.005136	0.033728
0.510157	0.006092	0.670771	0.532872	0.518785	0.646343	0.654432	0.751352	0.009843	0.030824	0.016016	0.012030
0.490947	0.313651	0.491714	0.365814	0.518211	0.511817	0.664018	0.654158	0.339530	0.346587	0.292701	0.340422
0.487093	0.332214	0.480459	0.330305	0.565636	0.487435	0.693758	0.657391	0.341672	0.342356	0.331271	0.325138
0.515164	0.329910	0.502711	0.339263	0.482923	0.496698	0.726505	0.672593	0.316494	0.326667	0.336485	0.346804
0.484999	0.313776	0.498755	0.341014	0.503366	0.506815	0.665937	0.635506	0.309744	0.343448	0.332770	0.328312
0.473117	0.347804	0.509363	0.320928	0.505403	0.501258	0.651269	0.673021	0.362973	0.366756	0.308894	0.334453
0.494124	0.311287	0.493962	0.341596	0.499837	0.523051	0.685313	0.683732	0.321833	0.346572	0.307882	0.356522
0.484833	0.333716	0.356444	0.351857	0.545730	0.351734	0.344770	0.259753	0.495205	0.359551	0.255937	0.321562
0.469740	0.306516	0.325891	0.341296	0.478765	0.326830	0.377771	0.273536	0.534691	0.354608	0.278733	0.360768
0.498931	0.651404	0.514892	0.483343	0.523016	0.468324	0.499975	0.309401	0.680574	0.660041	0.658011	0.682983
0.498780	0.702794	0.562715	0.540044	0.482940	0.507044	0.525560	0.327525	0.684152	0.651280	0.651829	0.632934
0.502902	0.670135	0.524894	0.505205	0.517307	0.509218	0.512232	0.361075	0.663477	0.673777	0.658040	0.673842
0.462806	0.654938	0.504751	0.488542	0.480398	0.481629	0.528205	0.295418	0.679975	0.673708	0.651434	0.657057
0.474509	0.664705	0.484686	0.508654	0.505897	0.528751	0.469602	0.328497	0.658513	0.677227	0.645205	0.667460
0.500799	0.683474	0.499725	0.508994	0.521072	0.483940	0.504804	0.309784	0.680808	0.671675	0.669632	0.668789
0.470519	0.367530	0.355035	0.525979	0.485969	0.318372	0.312840	0.230544	0.344578	0.357362	0.287664	0.348799
0.486856	0.343090	0.339172	0.500710	0.489500	0.325639	0.327956	0.281933	0.351577	0.321778	0.349371	0.306341
0.455091	0.332937	0.335018	0.524767	0.556535	0.322997	0.337865	0.259562	0.337330	0.323318	0.334268	0.316854
0.502844	0.702193	0.674744	0.477496	0.480930	0.636026	0.754999	0.770092	0.675251	0.734255	0.635477	0.778686
0.490331	0.666427	0.683349	0.517642	0.516252	0.692476	0.732953	0.771206	0.672823	0.721781	0.646835	0.762360
0.484358	0.659105	0.645056	0.509788	0.540867	0.665400	0.747723	0.754898	0.665943	0.746782	0.644597	0.769618
0.537429	0.671805	0.656966	0.513349	0.507809	0.600633	0.740824	0.786924	0.672580	0.770944	0.683798	0.784179
0.511815	0.664551	0.696314	0.526894	0.491487	0.686381	0.748492	0.770063	0.666110	0.736417	0.705052	0.744995
0.531153	0.677144	0.654267	0.515251	0.501058	0.670906	0.762669	0.766126	0.623149	0.750247	0.690184	0.798989
