0.498061	0.354214	0.321010	0.032318	0.477920	0.351691	0.466600	0.228517	0.334690	0.353195	0.263550	0.494548
0.484828	0.326267	0.375703	0.004106	0.496153	0.312670	0.465201	0.227026	0.337722	0.341763	0.271917	0.477716
0.497268	0.349051	0.398678	0.015797	0.465352	0.337283	0.481263	0.248692	0.311443	0.294020	0.244009	0.487584
0.448914	0.295255	0.330321	0.019623	0.476507	0.342160	0.480834	0.230139	0.314075	0.322480	0.238883	0.485517
0.482460	0.344657	0.327660	0.026167	0.467766	0.342232	0.485439	0.218739	0.351011	0.367314	0.251212	0.462393
0.483831	0.343829	0.330350	0.002745	0.494618	0.337092	0.471471	0.235573	0.340974	0.335411	0.269703	0.485860
0.499428	0.298759	0.339027	0.010215	0.492583	0.334584	0.499614	0.266769	0.331361	0.314236	0.215154	0.485834
0.483101	0.335987	0.357020	0.039073	0.487192	0.353193	0.479297	0.252762	0.308284	0.340150	0.238967	0.482269
0.490959	0.296235	0.342115	0.008605	0.483275	0.351675	0.476600	0.242215	0.325332	0.332646	0.268330	0.470172
0.481366	0.371607	0.360828	0.001156	0.483269	0.335302	0.489236	0.271390	0.352708	0.338636	0.212424	0.474597
0.489120	0.349071	0.313441	0.030994	0.482407	0.334263	0.482632	0.279926	0.346701	0.321263	0.213647	0.492784
0.494891	0.339311	0.332821	0.009038	0.479763	0.323066	0.482962	0.231264	0.353301	0.300504	0.244438	0.469930
0.482371	0.356201	0.321876	0.033823	0.482057	0.336589	0.497213	0.238052	0.334974	0.304956	0.240058	0.473005
0.467712	0.315513	0.316012	0.000990	0.486857	0.351749	0.487530	0.246849	0.345497	0.330340	0.248618	0.498784
0.480868	0.362480	0.335870	0.007936	0.484079	0.341415	0.492153	0.236778	0.350358	0.346082	0.261753	0.480488
0.492840	0.322897	0.326216	0.031773	0.479443	0.346873	0.484224	0.282066	0.347682	0.320505	0.238871	0.489340
0.475879	0.335499	0.336257	0.011053	0.477582	0.359775	0.492129	0.269278	0.340203	0.341772	0.252304	0.458903
0.497660	0.320678	0.328242	0.020224	0.497147	0.356081	0.467405	0.244905	0.347348	0.321605	0.248352	0.493120
0.486180	0.336779	0.350850	0.023250	0.491724	0.325369	0.485362	0.249066	0.345407	0.362555	0.219984	0.499433
0.484583	0.357162	0.340657	0.035966	0.486245	0.315132	0.472758	0.301781	0.300152	0.345425	0.233828	0.457679
0.480072	0.325843	0.326358	0.005951	0.479152	0.314900	0.456008	0.255084	0.362441	0.275088	0.233488	0.471983
0.483145	0.328053	0.305123	0.003573	0.486202	0.346542	0.482660	0.267045	0.304612	0.325957	0.250443	0.486935
0.489356	0.355306	0.479529	0.492824	0.480680	0.493469	0.010242	0.344088	0.363422	0.257047	0.343639	0.265880
0.482382	0.371086	0.476057	0.496556	0.468498	0.479641	0.001684	0.337472	0.309494	0.270342	0.365696	0.262458
0.499106	0.323225	0.455428	0.489071	0.494403	0.478539	0.037458	0.366451	0.350723	0.237595	0.293440	0.214705
0.474131	0.317263	0.495019	0.474095	0.494313	0.444490	0.016668	0.352134	0.300184	0.252677	0.345705	0.234866
0.476441	0.312442	0.476399	0.486905	0.468158	0.460949	0.021342	0.354193	0.369442	0.243266	0.321533	0.230163
0.493482	0.334925	0.499909	0.490279	0.477706	0.489007	0.031105	0.351883	0.334772	0.263141	0.368048	0.241940
0.475418	0.334624	0.475740	0.492391	0.498276	0.499067	0.037559	0.341572	0.343606	0.231216	0.330546	0.248440
0.472806	0.366132	0.457855	0.496598	0.489498	0.496233	0.014866	0.343634	0.325165	0.223165	0.335899	0.238625
0.478118	0.346096	0.489098	0.465272	0.471345	0.497023	0.003700	0.361907	0.357248	0.231325	0.345368	0.251891
0.481565	0.321366	0.480830	0.499207	0.474065	0.483363	0.008764	0.318590	0.310432	0.248746	0.333708	0.269340
0.497905	0.347674	0.476556	0.491646	0.484766	0.483473	0.003342	0.331177	0.329201	0.264655	0.348543	0.231830
0.490420	0.337360	0.495828	0.470135	0.497638	0.493923	0.021260	0.336788	0.348879	0.245966	0.299583	0.241638
0.485160	0.330976	0.487033	0.479328	0.491104	0.476446	0.027372	0.320893	0.335684	0.266634	0.325078	0.218606
0.485363	0.330676	0.498406	0.451299	0.454354	0.494870	0.036252	0.318197	0.304934	0.255962	0.342084	0.244126
0.483137	0.341837	0.441081	0.481953	0.495895	0.491953	0.023254	0.335133	0.352267	0.253207	0.339339	0.246161
0.499183	0.325198	0.468004	0.471713	0.484928	0.473396	0.009314	0.342935	0.332834	0.269474	0.359054	0.239365
0.491353	0.321740	0.481095	0.491408	0.459831	0.492344	0.019536	0.333343	0.339662	0.209538	0.324086	0.265976
0.491298	0.349083	0.495968	0.463293	0.423639	0.481306	0.009710	0.333716	0.341901	0.235301	0.305597	0.272677
0.496234	0.308468	0.482418	0.470523	0.491359	0.498691	0.040203	0.340975	0.316137	0.207714	0.332320	0.223236
0.494181	0.362997	0.491257	0.489422	0.496984	0.499177	0.020583	0.349628	0.309116	0.241027	0.349525	0.256062
0.486191	0.339402	0.480657	0.488801	0.470622	0.467175	0.014747	0.337872	0.338111	0.270803	0.336115	0.237058
0.499241	0.338305	0.493220	0.481153	0.483484	0.485383	0.024405	0.278892	0.326606	0.264933	0.318308	0.274716
0.499778	0.352003	0.317816	0.491964	0.492008	0.324479	0.338616	0.267540	0.341702	0.330704	0.330938	0.342134
0.487350	0.364046	0.352425	0.476689	0.464656	0.347387	0.348916	0.270066	0.351930	0.322876	0.338341	0.331948
0.485496	0.322073	0.326137	0.493975	0.476695	0.318162	0.353906	0.230281	0.335381	0.327931	0.313995	0.301341
0.490198	0.328994	0.318041	0.477238	0.475265	0.346058	0.308201	0.223566	0.351115	0.330563	0.330130	0.337212
0.491720	0.342692	0.351028	0.498162	0.482157	0.297444	0.357817	0.202796	0.320190	0.334855	0.333584	0.354930
0.493401	0.336582	0.325991	0.473634	0.497263	0.313941	0.324153	0.232059	0.319813	0.330314	0.340389	0.333913
0.489120	0.345143	0.305480	0.498774	0.493399	0.296609	0.313379	0.235979	0.327551	0.356912	0.371583	0.329616
0.492369	0.313293	0.341920	0.490065	0.499660	0.332335	0.346694	0.245747	0.319736	0.335903	0.355935	0.353032
0.498102	0.333531	0.307200	0.495644	0.497244	0.301199	0.337361	0.198717	0.315379	0.322489	0.371391	0.321090
0.499275	0.340619	0.340223	0.495170	0.495533	0.360093	0.347875	0.229087	0.309027	0.352050	0.342948	0.343772
0.498335	0.326765	0.317928	0.489624	0.487079	0.313550	0.370904	0.231480	0.363099	0.331289	0.302231	0.337283
0.475470	0.311535	0.338765	0.488721	0.480560	0.367194	0.349929	0.225019	0.346746	0.360731	0.328694	0.332894
0.473583	0.324014	0.343955	0.481658	0.490188	0.343254	0.339530	0.257172	0.366847	0.352786	0.350836	0.353142
0.497973	0.309637	0.306332	0.483379	0.483264	0.362689	0.336467	0.283478	0.327394	0.290810	0.320164	0.370937
0.487769	0.338566	0.286664	0.478151	0.485239	0.357157	0.339411	0.229254	0.297342	0.319853	0.338298	0.319948
0.469386	0.389152	0.302207	0.465209	0.493065	0.344720	0.334960	0.252520	0.313224	0.332312	0.336922	0.340869
0.479840	0.468692	0.467999	0.476084	0.438271	0.015901	0.498031	0.001838	0.491106	0.484072	0.494323	0.498345
0.490820	0.467377	0.460732	0.499635	0.496590	0.001964	0.494300	0.008214	0.487855	0.465644	0.490872	0.470923
0.491529	0.494089	0.493207	0.491994	0.475146	0.006092	0.497707	0.026810	0.480637	0.467155	0.484220	0.493816
0.488529	0.498249	0.491789	0.491322	0.481938	0.006105	0.486052	0.002764	0.499057	0.499175	0.494741	0.488742
0.484966	0.493732	0.499740	0.474570	0.499722	0.005664	0.478441	0.006746	0.499792	0.481230	0.488842	0.475239
0.494206	0.497275	0.486868	0.489496	0.485162	0.009171	0.482364	0.044819	0.484911	0.494074	0.493873	0.495186
0.490966	0.486740	0.495930	0.461781	0.478177	0.000729	0.482224	0.013522	0.477991	0.492765	0.491082	0.474381
0.497269	0.479420	0.495032	0.496858	0.476038	0.025973	0.491996	0.018079	0.493307	0.451955	0.480462	0.485245
0.467204	0.499770	0.480120	0.487942	0.495158	0.018909	0.493522	0.009958	0.458764	0.481946	0.477189	0.492191
0.475402	0.498596	0.458726	0.491962	0.481958	0.008206	0.484704	0.039258	0.479845	0.472617	0.466584	0.468697
0.495409	0.499431	0.492095	0.461698	0.496655	0.003736	0.495029	0.071123	0.459053	0.491694	0.486148	0.493630
0.498168	0.497396	0.487399	0.483840	0.490684	0.015235	0.477510	0.022759	0.482906	0.459016	0.495745	0.474692
0.499081	0.496313	0.493444	0.485167	0.485017	0.010327	0.471903	0.004156	0.459408	0.485500	0.499128	0.499033
0.472011	0.496902	0.491207	0.492877	0.495895	0.006372	0.496973	0.038545	0.491164	0.481685	0.488932	0.493153
0.471639	0.478255	0.484651	0.492885	0.490094	0.010459	0.479058	0.005735	0.462025	0.485356	0.498623	0.480882
0.486705	0.463029	0.485292	0.481588	0.489390	0.005713	0.495823	0.008080	0.472519	0.496317	0.484055	0.499853
0.479138	0.486117	0.476702	0.499099	0.494898	0.011845	0.494276	0.010489	0.496999	0.470429	0.499441	0.464817
0.499412	0.470040	0.492513	0.496423	0.497851	0.009350	0.494965	0.014959	0.492637	0.486956	0.483067	0.487441
0.476214	0.495775	0.490976	0.487021	0.493976	0.021634	0.475503	0.004288	0.457789	0.479015	0.494421	0.489158
0.480942	0.489681	0.481119	0.483041	0.482041	0.002560	0.498430	0.008326	0.492968	0.475721	0.496534	0.479121
0.499500	0.498854	0.461915	0.492985	0.487568	0.027867	0.487983	0.012897	0.491645	0.489135	0.485851	0.491139
0.465400	0.468421	0.478081	0.489378	0.499240	0.004542	0.486622	0.011395	0.453103	0.477398	0.490245	0.494212
0.492302	0.480184	0.494264	0.475385	0.446501	0.021840	0.495437	0.029626	0.493830	0.491761	0.472552	0.492848
0.468491	0.480566	0.472024	0.490306	0.497451	0.018547	0.497113	0.006610	0.492375	0.491333	0.498767	0.489075
0.451793	0.483825	0.495445	0.479564	0.495661	0.003119	0.473989	0.024947	0.470686	0.497462	0.480880	0.466428
0.482863	0.487562	0.494720	0.477471	0.481760	0.033245	0.484663	0.010446	0.497885	0.486807	0.477763	0.480590
0.490114	0.359399	0.360619	0.030951	0.489277	0.341059	0.249585	0.261122	0.312913	0.285812	0.337061	0.361831
0.486512	0.333685	0.359016	0.004176	0.467606	0.371628	0.250327	0.277559	0.319836	0.337929	0.310736	0.357791
0.475572	0.333458	0.342765	0.007710	0.495776	0.360937	0.248637	0.260113	0.318207	0.345272	0.360726	0.369198
0.460527	0.301377	0.313124	0.019473	0.499471	0.327377	0.272235	0.223895	0.340084	0.331819	0.342254	0.321146
0.474423	0.321908	0.340945	0.041369	0.499236	0.326385	0.245791	0.242708	0.344842	0.345594	0.364165	0.334603
0.476325	0.335291	0.364632	0.007830	0.467857	0.361504	0.267830	0.281619	0.338991	0.324299	0.305549	0.326464
0.492712	0.363684	0.342027	0.004730	0.495819	0.339687	0.219203	0.248229	0.373376	0.359445	0.323801	0.320187
0.498057	0.323747	0.339246	0.032241	0.486499	0.308418	0.246388	0.263879	0.324160	0.332283	0.309876	0.316448
0.482169	0.348502	0.322238	0.002521	0.484695	0.315285	0.228119	0.245067	0.297048	0.324440	0.357198	0.346839
0.490726	0.339857	0.325655	0.015879	0.486467	0.351346	0.222753	0.249879	0.328882	0.323319	0.343959	0.329459
0.470381	0.349688	0.313014	0.013672	0.469562	0.332428	0.244750	0.261963	0.323050	0.348360	0.321517	0.324782
0.484913	0.315952	0.367175	0.041507	0.498305	0.306065	0.225661	0.246406	0.369279	0.333210	0.305121	0.336436
0.492421	0.359512	0.320778	0.015598	0.467365	0.330041	0.225254	0.290128	0.310237	0.297524	0.341866	0.332635
0.497417	0.316351	0.326959	0.010422	0.480597	0.331268	0.252618	0.275249	0.310398	0.341693	0.326965	0.341345
0.469066	0.311699	0.338996	0.001952	0.498957	0.370354	0.253931	0.224806	0.363056	0.341970	0.310576	0.325751
0.474786	0.321479	0.339264	0.010942	0.492593	0.339110	0.234428	0.246025	0.345867	0.304871	0.315451	0.374675
0.455940	0.356490	0.286427	0.381121	0.463919	0.348870	0.327016	0.280450	0.319207	0.369430	0.346734	0.319385
0.475020	0.290407	0.297045	0.302099	0.492935	0.333078	0.348040	0.245308	0.308839	0.362434	0.336961	0.351822
0.488409	0.389684	0.339925	0.353622	0.485920	0.338418	0.312844	0.264991	0.332194	0.321074	0.316180	0.324981
0.489455	0.332620	0.343345	0.332135	0.491957	0.349001	0.321058	0.252170	0.361379	0.330852	0.329721	0.338143
0.475886	0.349090	0.348908	0.342733	0.493627	0.347772	0.302539	0.233284	0.325874	0.324548	0.339456	0.352565
0.465623	0.338476	0.328312	0.334204	0.484524	0.319512	0.328983	0.297322	0.341173	0.333372	0.302908	0.350857
0.474119	0.371347	0.314975	0.340254	0.456903	0.332497	0.357628	0.250159	0.347495	0.347776	0.348184	0.321310
0.481848	0.336927	0.317759	0.365198	0.488709	0.323897	0.319917	0.252446	0.335934	0.339626	0.321824	0.313910
0.499972	0.365997	0.356068	0.355620	0.496351	0.327879	0.325385	0.236046	0.349519	0.325681	0.303412	0.328025
0.493926	0.348584	0.339362	0.323447	0.490833	0.292093	0.293534	0.251608	0.327065	0.329171	0.350589	0.345898
0.488239	0.337017	0.303152	0.315092	0.461399	0.305968	0.317810	0.243455	0.287238	0.308347	0.321506	0.333015
0.478959	0.295870	0.373761	0.321653	0.429769	0.345518	0.333349	0.258834	0.354669	0.337956	0.344930	0.323024
0.498274	0.319645	0.354637	0.320390	0.480677	0.332586	0.319619	0.235141	0.321948	0.318799	0.354270	0.308793
0.482756	0.329122	0.332179	0.332872	0.497909	0.288800	0.334170	0.221215	0.351767	0.325695	0.333487	0.298177
0.464604	0.354346	0.349147	0.302775	0.499468	0.282377	0.341319	0.248614	0.309605	0.307936	0.315923	0.323837
0.473341	0.304383	0.369365	0.349585	0.475050	0.323999	0.323636	0.292385	0.331659	0.371252	0.282367	0.304752
0.469299	0.340892	0.297997	0.325792	0.480426	0.373250	0.316707	0.246758	0.342161	0.350879	0.330486	0.319129
0.483376	0.330107	0.325953	0.347351	0.468916	0.330509	0.296952	0.283491	0.331739	0.316437	0.317946	0.375317
0.471218	0.333713	0.352985	0.292366	0.498195	0.331592	0.311429	0.243473	0.332867	0.352080	0.332297	0.351513
0.465442	0.307029	0.476436	0.488602	0.483183	0.485894	0.497267	0.493710	0.351214	0.337226	0.491040	0.331644
0.480999	0.352160	0.489609	0.498996	0.467811	0.468859	0.434439	0.459916	0.329051	0.329736	0.449894	0.356971
0.474852	0.344920	0.472795	0.457678	0.474861	0.491169	0.487394	0.489849	0.370698	0.331521	0.495413	0.352154
0.472539	0.302784	0.488971	0.487601	0.469792	0.491228	0.487881	0.498285	0.323462	0.294228	0.479303	0.339375
0.437385	0.291107	0.480526	0.471586	0.482757	0.493743	0.489340	0.485228	0.329961	0.333310	0.483265	0.360483
0.478673	0.347414	0.478829	0.462686	0.490112	0.468002	0.489529	0.472420	0.339359	0.342426	0.487444	0.345391
0.484880	0.301840	0.498275	0.495168	0.479126	0.487568	0.493816	0.478651	0.329556	0.308435	0.493332	0.318464
0.464791	0.340646	0.492545	0.453281	0.480670	0.499033	0.476646	0.491947	0.321369	0.349626	0.496361	0.360889
0.484824	0.306727	0.499378	0.449059	0.464933	0.487343	0.492995	0.479950	0.300114	0.343347	0.482928	0.364648
0.495662	0.344888	0.336180	0.477044	0.462962	0.493199	0.354516	0.346342	0.315988	0.267850	0.314220	0.292362
0.495890	0.320414	0.322447	0.462501	0.493783	0.479674	0.332299	0.331940	0.315952	0.227687	0.313781	0.255325
0.478438	0.287066	0.307022	0.477454	0.482974	0.468710	0.341199	0.309569	0.363759	0.243828	0.372506	0.252595
0.489635	0.359193	0.307370	0.499691	0.487418	0.499611	0.319058	0.350012	0.361278	0.248916	0.338713	0.230711
0.483062	0.351581	0.331978	0.477910	0.495024	0.497557	0.327021	0.316997	0.312902	0.261809	0.346878	0.240807
0.488441	0.314374	0.320261	0.477440	0.473346	0.480556	0.350582	0.361766	0.340324	0.244840	0.327828	0.267358
0.478343	0.324165	0.334024	0.488934	0.472567	0.477971	0.328694	0.291439	0.338095	0.230989	0.341033	0.277255
0.466796	0.324331	0.338561	0.455270	0.485315	0.498559	0.334522	0.336733	0.337622	0.290867	0.318397	0.226372
0.473848	0.283166	0.319827	0.481177	0.475476	0.477784	0.312860	0.327524	0.335371	0.257756	0.312945	0.235061
0.487387	0.325653	0.352945	0.486014	0.498407	0.490449	0.334015	0.348059	0.359474	0.258683	0.365572	0.233331
0.497786	0.345221	0.296445	0.494230	0.484351	0.498232	0.362545	0.312454	0.350162	0.202876	0.350189	0.234866
0.490725	0.350985	0.311403	0.485067	0.497080	0.474015	0.340086	0.347469	0.339828	0.241422	0.349804	0.231301
0.485465	0.338262	0.321948	0.492547	0.467231	0.494602	0.336256	0.318571	0.332817	0.265170	0.332727	0.264233
0.472939	0.360896	0.319494	0.454650	0.466159	0.478047	0.330301	0.367523	0.323042	0.239411	0.334210	0.256238
0.499479	0.348088	0.346721	0.491080	0.466587	0.480231	0.342089	0.360548	0.325670	0.235613	0.319367	0.247033
0.492863	0.273592	0.363207	0.488100	0.468782	0.468878	0.341495	0.315531	0.323087	0.234357	0.322819	0.267803
0.452490	0.340606	0.335137	0.486477	0.497306	0.482884	0.374901	0.296548	0.349948	0.259436	0.355603	0.243626
0.489947	0.337401	0.324703	0.438463	0.498333	0.496757	0.363693	0.338656	0.337857	0.274805	0.324401	0.269709
0.453087	0.346033	0.362124	0.475011	0.471924	0.486325	0.304165	0.339959	0.316281	0.261036	0.307136	0.263636
0.493691	0.317475	0.331236	0.488527	0.489542	0.475518	0.355537	0.364961	0.335354	0.252156	0.301637	0.282588
0.497145	0.324214	0.331726	0.475061	0.479920	0.482982	0.357159	0.325213	0.364975	0.244869	0.341127	0.244118
0.491888	0.326510	0.354007	0.469391	0.463128	0.492059	0.317577	0.347428	0.330642	0.315374	0.319818	0.264433
0.491494	0.357585	0.382590	0.498143	0.485645	0.486748	0.363621	0.333585	0.346033	0.256509	0.343250	0.250014
0.472837	0.327795	0.350472	0.487625	0.431967	0.489505	0.350256	0.333769	0.334573	0.270965	0.337560	0.232557
0.456198	0.349449	0.308192	0.492724	0.337037	0.361146	0.359881	0.275521	0.478337	0.481322	0.341858	0.493204
0.482822	0.305277	0.318728	0.467756	0.322701	0.333316	0.350844	0.232943	0.495460	0.469964	0.321963	0.497515
0.489563	0.307024	0.323193	0.486293	0.325681	0.312547	0.341288	0.253914	0.460469	0.474736	0.330647	0.457671
0.458157	0.336934	0.373112	0.491742	0.332102	0.322502	0.324204	0.267878	0.480373	0.492479	0.330408	0.492027
0.476791	0.325494	0.336180	0.489891	0.317712	0.342188	0.355353	0.260511	0.495145	0.497109	0.322517	0.484288
0.495968	0.355720	0.305998	0.499930	0.292505	0.336819	0.332916	0.250625	0.472723	0.486501	0.340370	0.492748
0.486130	0.299638	0.376437	0.498389	0.356814	0.318967	0.330507	0.257795	0.484370	0.459533	0.384549	0.498248
0.482005	0.345264	0.334289	0.494965	0.362689	0.344439	0.307320	0.252755	0.488503	0.488050	0.350571	0.498605
0.484684	0.354230	0.381951	0.328613	0.472392	0.350279	0.341249	0.260719	0.313736	0.333952	0.237620	0.494587
0.470323	0.347632	0.333287	0.322959	0.485385	0.325209	0.361361	0.258411	0.343034	0.312221	0.214345	0.469575
0.498990	0.321933	0.361414	0.317021	0.490020	0.327231	0.313155	0.243872	0.320142	0.319066	0.263954	0.470993
0.482515	0.339597	0.348903	0.330077	0.472597	0.355181	0.360967	0.278487	0.355156	0.329499	0.241300	0.498374
0.472443	0.346492	0.353118	0.317297	0.494278	0.345960	0.338992	0.216393	0.343598	0.345695	0.251598	0.482821
0.495806	0.313529	0.311783	0.326188	0.465237	0.343312	0.326776	0.260788	0.331740	0.314287	0.241060	0.486779
0.463422	0.337916	0.328697	0.328513	0.498274	0.353173	0.351612	0.248604	0.342807	0.312667	0.226742	0.473196
0.472793	0.327436	0.332948	0.324499	0.445857	0.351067	0.304946	0.249599	0.328768	0.332781	0.282820	0.463734
0.488961	0.334280	0.343351	0.330871	0.487480	0.337438	0.311750	0.242870	0.339188	0.357242	0.260542	0.494214
0.488630	0.326131	0.310093	0.350424	0.486797	0.362253	0.352320	0.245371	0.323266	0.331245	0.260105	0.473755
0.493763	0.306743	0.330035	0.307456	0.469523	0.321017	0.307259	0.241418	0.332345	0.348086	0.264077	0.489085
0.478187	0.312819	0.316444	0.311651	0.499243	0.322004	0.314979	0.252410	0.362919	0.366172	0.253579	0.479626
0.496054	0.310885	0.338084	0.348254	0.498375	0.308592	0.331401	0.250241	0.333862	0.349557	0.258373	0.473277
0.490002	0.325927	0.329389	0.337201	0.499828	0.329474	0.345389	0.253236	0.322076	0.351870	0.239942	0.496126
0.478498	0.335299	0.311463	0.324850	0.472130	0.334699	0.330846	0.238248	0.315919	0.361099	0.225172	0.478507
0.467129	0.343508	0.325799	0.315786	0.490352	0.343282	0.326780	0.246065	0.364330	0.316431	0.257443	0.473721
0.489074	0.323943	0.379058	0.324576	0.484985	0.333996	0.342807	0.260962	0.313920	0.341390	0.269112	0.495984
0.478053	0.304330	0.357670	0.324873	0.489638	0.324019	0.333156	0.265313	0.355778	0.341730	0.246317	0.486588
0.488928	0.353789	0.321562	0.339307	0.486917	0.329751	0.315176	0.269509	0.350314	0.362062	0.260247	0.492361
0.467191	0.374079	0.306309	0.339339	0.488195	0.350627	0.332647	0.256115	0.343275	0.354115	0.258072	0.488430
0.493377	0.334792	0.338461	0.347637	0.491731	0.340264	0.338874	0.233246	0.341466	0.314833	0.228558	0.496108
0.489275	0.317954	0.351943	0.333676	0.496878	0.303766	0.329699	0.218228	0.351800	0.376893	0.233295	0.496017
0.479643	0.317230	0.339751	0.343896	0.482412	0.319886	0.316602	0.245521	0.368453	0.370311	0.239829	0.489273
0.483298	0.352243	0.479613	0.452253	0.443692	0.488495	0.480955	0.342044	0.301035	0.325630	0.324642	0.374806
0.477451	0.329345	0.479206	0.475980	0.497452	0.495994	0.471403	0.345254	0.331476	0.313681	0.326779	0.322305
0.459612	0.329834	0.499891	0.446749	0.488565	0.482831	0.486339	0.355438	0.347709	0.361581	0.341442	0.343173
0.481896	0.293195	0.480446	0.498508	0.499459	0.446908	0.497413	0.303508	0.366268	0.297887	0.324485	0.345578
0.477297	0.346643	0.466577	0.472402	0.480921	0.489112	0.470979	0.352920	0.295961	0.319188	0.401109	0.313262
0.481984	0.338862	0.471623	0.496648	0.490289	0.490535	0.490192	0.361090	0.297883	0.314275	0.324135	0.325594
0.485773	0.333367	0.496569	0.476913	0.490885	0.486142	0.495256	0.343480	0.349650	0.303490	0.346151	0.345038
0.468916	0.379255	0.492652	0.489231	0.491883	0.481596	0.478662	0.309899	0.295767	0.371696	0.326552	0.337015
0.495108	0.359311	0.481739	0.495310	0.490948	0.495474	0.497675	0.317984	0.297156	0.384330	0.338101	0.318917
0.496597	0.324068	0.492359	0.473274	0.489908	0.492885	0.472839	0.358706	0.311656	0.322787	0.338145	0.330818
0.464492	0.293943	0.494649	0.000593	0.465524	0.496728	0.474420	0.358975	0.355287	0.233923	0.311612	0.226881
0.482342	0.314279	0.495749	0.004702	0.485575	0.478778	0.485829	0.324210	0.345747	0.255985	0.352691	0.227879
0.484957	0.346849	0.493461	0.017507	0.442750	0.487863	0.498507	0.348719	0.327129	0.225128	0.324354	0.223613
0.480771	0.304970	0.478150	0.015783	0.495170	0.489678	0.494522	0.363389	0.300937	0.258016	0.306721	0.263440
0.487993	0.340351	0.495162	0.015005	0.465049	0.493867	0.482898	0.325939	0.323306	0.282929	0.340082	0.262824
0.496913	0.320319	0.489365	0.010557	0.493433	0.485938	0.488906	0.357073	0.337947	0.232138	0.314117	0.254483
0.496061	0.320080	0.499701	0.007790	0.496046	0.493512	0.493438	0.322448	0.341283	0.258889	0.336388	0.258075
0.479183	0.345767	0.482519	0.019749	0.496253	0.499372	0.468983	0.317273	0.323203	0.238709	0.333624	0.241593
0.474390	0.355277	0.496911	0.016841	0.495737	0.468264	0.489081	0.302739	0.359056	0.291280	0.328904	0.217623
0.488738	0.321299	0.485737	0.011534	0.496372	0.480725	0.482032	0.335770	0.285830	0.216302	0.339222	0.262073
0.455040	0.336800	0.475481	0.003943	0.463361	0.489721	0.497677	0.309636	0.358099	0.259650	0.347227	0.229802
0.489475	0.309178	0.498632	0.012541	0.498522	0.475943	0.487173	0.294064	0.303503	0.239728	0.332545	0.261809
0.491145	0.298538	0.497261	0.012562	0.491441	0.476513	0.485573	0.337717	0.315452	0.285326	0.323339	0.249415
0.474149	0.304544	0.481595	0.007946	0.490744	0.489718	0.489062	0.316544	0.341880	0.246005	0.335005	0.243313
0.489048	0.359379	0.496334	0.023166	0.461597	0.477993	0.488788	0.302784	0.316841	0.247704	0.359941	0.308571
0.467880	0.366867	0.499997	0.011001	0.499266	0.477277	0.493964	0.307825	0.338061	0.264173	0.339788	0.264480
0.486100	0.329073	0.483418	0.018664	0.469025	0.473838	0.491734	0.340287	0.343898	0.289375	0.337207	0.239804
0.484097	0.302868	0.466633	0.021319	0.486766	0.486052	0.467817	0.347105	0.350691	0.263557	0.332854	0.298790
0.483183	0.351866	0.487503	0.020410	0.486776	0.478292	0.475152	0.297722	0.342577	0.289154	0.361523	0.239166
0.475606	0.362870	0.337611	0.499183	0.486776	0.332277	0.354755	0.230378	0.496444	0.335388	0.250651	0.356207
0.449915	0.325272	0.349609	0.497483	0.492681	0.332987	0.312436	0.276584	0.478780	0.351475	0.201053	0.316057
0.483395	0.358494	0.329045	0.479278	0.484105	0.327671	0.316493	0.244627	0.493283	0.337360	0.266851	0.313815
0.488226	0.344736	0.372255	0.479875	0.480728	0.345967	0.336356	0.267092	0.464434	0.339540	0.245975	0.363981
0.492397	0.330053	0.364551	0.497957	0.475441	0.392923	0.321071	0.264513	0.492966	0.345557	0.277880	0.322212
0.491499	0.327509	0.364520	0.480431	0.485956	0.364248	0.334124	0.261929	0.493726	0.355014	0.239031	0.332641
0.470411	0.316312	0.336636	0.472775	0.498924	0.332575	0.288982	0.251866	0.479196	0.344685	0.260883	0.326425
0.483873	0.331584	0.336975	0.477319	0.498429	0.299735	0.336473	0.222154	0.487556	0.323017	0.271601	0.330339
0.453777	0.335586	0.340030	0.481408	0.496146	0.290125	0.341266	0.284376	0.486406	0.346760	0.220393	0.325182
0.485143	0.353990	0.349546	0.493266	0.465948	0.311822	0.330757	0.238757	0.474826	0.353672	0.273773	0.323016
0.482130	0.355907	0.499957	0.487022	0.468907	0.498703	0.455267	0.496049	0.327330	0.322106	0.327385	0.330315
0.493271	0.307886	0.481517	0.468720	0.465469	0.468549	0.488389	0.489197	0.302799	0.324325	0.334648	0.314022
0.489361	0.319177	0.492692	0.480445	0.475269	0.464620	0.495668	0.476075	0.326828	0.337503	0.309160	0.328080
0.475830	0.341193	0.449114	0.468707	0.491701	0.493907	0.494220	0.491305	0.342210	0.360087	0.326392	0.357333
0.454566	0.346342	0.490802	0.462567	0.459076	0.491200	0.472844	0.490813	0.301207	0.342554	0.343639	0.327679
0.495970	0.328717	0.488923	0.491390	0.488869	0.485971	0.486664	0.486052	0.341588	0.312171	0.331419	0.348402
0.495850	0.309827	0.484005	0.478956	0.463664	0.478415	0.489176	0.488649	0.338273	0.331252	0.320742	0.321099
0.498289	0.300061	0.470593	0.471073	0.488796	0.492442	0.499380	0.486037	0.326953	0.309107	0.318546	0.342012
0.480842	0.345915	0.473279	0.491186	0.478714	0.480068	0.484706	0.448279	0.351566	0.319400	0.343347	0.342051
0.486462	0.356829	0.486769	0.482216	0.488695	0.492013	0.498331	0.467932	0.336871	0.319312	0.296397	0.374099
0.486229	0.349201	0.446871	0.493508	0.497822	0.493979	0.466772	0.491856	0.339918	0.292003	0.342258	0.335166
0.456995	0.326978	0.469140	0.496177	0.478240	0.497183	0.489761	0.485666	0.338865	0.333507	0.344873	0.306741
0.494097	0.312952	0.470835	0.486147	0.482234	0.476315	0.484621	0.434461	0.364931	0.340710	0.341754	0.319420
0.475498	0.329973	0.483616	0.487935	0.484525	0.497778	0.480029	0.475984	0.359552	0.328441	0.306537	0.300243
0.479182	0.306222	0.486498	0.464699	0.491960	0.491062	0.496121	0.498237	0.329024	0.354759	0.331993	0.320709
0.499803	0.334646	0.492362	0.458540	0.469406	0.497729	0.495708	0.499731	0.323757	0.310015	0.331259	0.348690
0.481856	0.347313	0.483898	0.495428	0.475330	0.473197	0.459903	0.466201	0.334941	0.282151	0.322215	0.329492
0.485275	0.473962	0.484793	0.467931	0.496579	0.498270	0.488915	0.309220	0.462667	0.483665	0.494127	0.493097
0.490266	0.483816	0.499334	0.491627	0.492766	0.482211	0.492774	0.332696	0.474160	0.486286	0.494724	0.496332
0.488769	0.488213	0.494998	0.440561	0.485300	0.482541	0.487030	0.350734	0.464819	0.472406	0.477602	0.497157
0.483580	0.477702	0.482760	0.466312	0.481197	0.497727	0.478178	0.324612	0.462379	0.476718	0.468751	0.487814
0.489618	0.489035	0.491138	0.487612	0.496290	0.484252	0.497967	0.334253	0.490414	0.496919	0.488749	0.491307
0.489409	0.492228	0.494836	0.493843	0.475619	0.469156	0.495709	0.318264	0.492289	0.493131	0.493239	0.491843
0.477731	0.464032	0.489069	0.490098	0.479953	0.482355	0.495716	0.316807	0.487429	0.475304	0.478818	0.489697
0.474233	0.491201	0.470993	0.487401	0.485653	0.484596	0.489852	0.316182	0.486554	0.494118	0.492303	0.477404
0.477862	0.303733	0.472562	0.499197	0.489868	0.495970	0.495548	0.321214	0.343547	0.355722	0.349143	0.301427
0.493115	0.349043	0.481482	0.489637	0.498071	0.494471	0.493229	0.342245	0.328469	0.358151	0.354947	0.295806
0.493834	0.331218	0.491439	0.498751	0.495345	0.489936	0.493403	0.331538	0.349308	0.324291	0.367499	0.294471
0.482539	0.332817	0.491925	0.493178	0.479245	0.499706	0.482627	0.345902	0.355082	0.350511	0.359381	0.323287
0.488693	0.345924	0.477600	0.484544	0.491453	0.477659	0.493888	0.294626	0.373759	0.347122	0.339178	0.333998
0.482627	0.337139	0.496404	0.489344	0.474438	0.498596	0.488981	0.329984	0.344391	0.329755	0.352979	0.344126
0.471118	0.333731	0.483759	0.492801	0.486628	0.482020	0.487468	0.293813	0.336611	0.369081	0.350851	0.329572
0.494220	0.354383	0.456887	0.498773	0.493969	0.473470	0.462752	0.321462	0.345916	0.342404	0.330081	0.283149
0.495353	0.341553	0.453891	0.477616	0.476509	0.489569	0.447944	0.336637	0.385768	0.358474	0.341691	0.329064
0.449413	0.349078	0.478107	0.495242	0.487965	0.490406	0.489513	0.350295	0.359409	0.347676	0.308135	0.308784
0.485975	0.315709	0.499591	0.499038	0.491023	0.478542	0.498203	0.319200	0.318121	0.338585	0.327680	0.308852
0.478558	0.355303	0.477673	0.468181	0.474358	0.471246	0.467686	0.302152	0.321073	0.320363	0.323971	0.366586
0.487782	0.326341	0.499684	0.479153	0.485629	0.485221	0.491743	0.378537	0.329116	0.279818	0.338039	0.322782
0.499229	0.362032	0.494524	0.497330	0.486607	0.494272	0.475668	0.380228	0.348558	0.350159	0.359781	0.353025
0.455105	0.311393	0.492524	0.464862	0.494043	0.481726	0.482815	0.348641	0.323348	0.302280	0.337924	0.307130
0.462607	0.304094	0.476987	0.497954	0.491589	0.474794	0.485058	0.356416	0.336670	0.352485	0.319980	0.343148
0.460432	0.359792	0.489078	0.496920	0.499567	0.481235	0.496360	0.345731	0.363253	0.340780	0.320771	0.348268
0.458694	0.332796	0.491169	0.486573	0.490772	0.475885	0.491440	0.348769	0.314390	0.351741	0.337219	0.351220
0.485302	0.347449	0.338083	0.488980	0.480252	0.317763	0.324703	0.221541	0.363394	0.313434	0.236639	0.487452
0.481814	0.326399	0.325972	0.492215	0.488356	0.328466	0.349946	0.217895	0.329152	0.292846	0.277428	0.476855
0.492605	0.374079	0.346734	0.473830	0.482331	0.314069	0.343256	0.258166	0.375407	0.308066	0.256424	0.484941
0.490633	0.358817	0.279516	0.472079	0.481988	0.331749	0.303350	0.247828	0.352630	0.303132	0.248028	0.484671
0.498351	0.366092	0.345926	0.475396	0.498531	0.328428	0.345063	0.265057	0.343491	0.348355	0.268674	0.485154
0.490502	0.288361	0.319837	0.493796	0.485467	0.333862	0.321206	0.269699	0.303373	0.299689	0.268864	0.465613
0.487849	0.332081	0.317679	0.488753	0.491149	0.349571	0.322412	0.227270	0.346475	0.340510	0.276142	0.486143
0.475870	0.287623	0.342150	0.482977	0.495432	0.322995	0.296197	0.230147	0.297439	0.385725	0.269772	0.466380
0.499797	0.326787	0.020747	0.481340	0.472475	0.042762	0.010047	0.016712	0.321840	0.349756	0.353609	0.499763
0.478825	0.305347	0.006389	0.490276	0.493758	0.026556	0.010526	0.033142	0.334873	0.344904	0.343652	0.495771
0.499162	0.346835	0.000847	0.495890	0.484845	0.003930	0.005596	0.029098	0.318122	0.351010	0.331074	0.498672
0.483947	0.364817	0.014912	0.485518	0.488709	0.014487	0.056965	0.011053	0.338989	0.287419	0.344833	0.478305
0.492814	0.324020	0.024858	0.490057	0.492821	0.024395	0.015262	0.002459	0.344519	0.323612	0.321542	0.470001
0.499966	0.323687	0.026220	0.495359	0.466031	0.023610	0.002486	0.017487	0.318047	0.297058	0.322792	0.490647
0.492168	0.347338	0.007592	0.486770	0.483722	0.014176	0.039738	0.018234	0.348073	0.310522	0.353898	0.492081
0.486177	0.329811	0.000117	0.490174	0.489976	0.009650	0.000697	0.001358	0.354276	0.337430	0.343842	0.496819
0.478414	0.328731	0.013990	0.492606	0.493437	0.011158	0.018033	0.008012	0.330994	0.337941	0.318619	0.491495
0.498984	0.353765	0.017267	0.489575	0.477074	0.002883	0.009491	0.010721	0.323075	0.316941	0.352022	0.497689
0.472914	0.352252	0.012165	0.493365	0.484700	0.007059	0.005913	0.029471	0.340626	0.333087	0.328354	0.461372
0.485798	0.347911	0.000733	0.474429	0.469126	0.006277	0.016033	0.002138	0.348421	0.287213	0.339631	0.472874
0.440447	0.332065	0.025524	0.455206	0.484016	0.012405	0.042449	0.015351	0.387288	0.313503	0.290372	0.466617
0.461816	0.327108	0.000385	0.472316	0.480732	0.021676	0.000453	0.012572	0.321517	0.320592	0.363342	0.494128
0.485045	0.323121	0.004739	0.491977	0.487147	0.026845	0.015120	0.008255	0.347815	0.334973	0.337307	0.484464
0.478904	0.321175	0.025912	0.479449	0.494704	0.027690	0.007994	0.028928	0.323566	0.385228	0.322102	0.485278
0.460513	0.350405	0.492633	0.490302	0.442299	0.496034	0.494602	0.319920	0.324851	0.319140	0.327200	0.349817
0.498748	0.352404	0.486119	0.471171	0.490611	0.484096	0.497331	0.333447	0.329774	0.337902	0.345540	0.305131
0.486839	0.325672	0.489560	0.469894	0.498181	0.474092	0.471397	0.326846	0.357219	0.341342	0.340618	0.317904
0.492586	0.336419	0.495638	0.498439	0.478106	0.447789	0.492717	0.359681	0.334566	0.345204	0.326307	0.309698
0.494926	0.379436	0.461398	0.476233	0.499419	0.471848	0.482778	0.340242	0.322986	0.326112	0.334332	0.312869
0.479021	0.337251	0.490763	0.496213	0.444030	0.494637	0.495037	0.364437	0.323049	0.296177	0.357098	0.320346
0.497288	0.343275	0.495223	0.493308	0.494510	0.472095	0.449987	0.334212	0.338301	0.328250	0.303823	0.355010
0.485243	0.350219	0.340838	0.493565	0.459373	0.306753	0.494834	0.274748	0.348780	0.484867	0.489601	0.490151
0.488029	0.338576	0.340060	0.482919	0.496998	0.312019	0.496500	0.251165	0.334475	0.484082	0.482473	0.492534
0.486183	0.336099	0.324809	0.490196	0.492878	0.289909	0.463216	0.254444	0.312937	0.474461	0.499951	0.464614
0.495994	0.339225	0.295947	0.480523	0.485535	0.306369	0.472960	0.218612	0.311955	0.481968	0.474487	0.473736
0.496969	0.325021	0.343926	0.484694	0.493522	0.343235	0.483340	0.242492	0.352646	0.474864	0.499242	0.488534
0.475928	0.321900	0.331755	0.490231	0.477336	0.331686	0.498022	0.264237	0.364441	0.479018	0.479674	0.457801
0.489189	0.342976	0.339533	0.482890	0.489734	0.367056	0.495683	0.216401	0.307404	0.483547	0.484735	0.473782
0.494052	0.308377	0.316804	0.477757	0.481368	0.333035	0.488664	0.248591	0.334213	0.492294	0.485565	0.450352
0.484153	0.352564	0.317120	0.485436	0.491126	0.320887	0.479560	0.253597	0.302578	0.480388	0.457295	0.496688
0.488655	0.338373	0.329437	0.480569	0.495601	0.351190	0.477221	0.283796	0.358247	0.495128	0.476450	0.498390
0.473272	0.342656	0.316110	0.494736	0.458831	0.328043	0.493797	0.229436	0.335438	0.492161	0.472742	0.495477
0.494089	0.356218	0.355519	0.464442	0.484311	0.345316	0.497233	0.267300	0.318722	0.485138	0.499608	0.486846
0.495936	0.351150	0.381286	0.480997	0.481785	0.335274	0.478561	0.245971	0.317535	0.483980	0.469795	0.482795
0.485027	0.350668	0.328407	0.490720	0.473811	0.338307	0.493781	0.246935	0.324320	0.492777	0.477605	0.474424
0.487377	0.337125	0.347244	0.493562	0.494853	0.339150	0.479736	0.277095	0.318416	0.480660	0.470221	0.456155
0.468663	0.344808	0.354878	0.458790	0.497807	0.313146	0.480615	0.279905	0.296944	0.495700	0.458622	0.499505
0.495727	0.333661	0.343792	0.483122	0.492420	0.356110	0.486290	0.296843	0.315747	0.481491	0.472633	0.499042
0.453868	0.483045	0.489365	0.498690	0.495055	0.478834	0.010514	0.352272	0.477184	0.476689	0.339959	0.014751
0.486704	0.497502	0.483696	0.496592	0.497934	0.495299	0.021225	0.323679	0.493606	0.480114	0.349666	0.012631
0.487494	0.486407	0.480698	0.454932	0.499181	0.477713	0.024398	0.348553	0.488190	0.484233	0.371406	0.031389
0.464512	0.485887	0.488192	0.457737	0.465196	0.495621	0.006266	0.347931	0.498822	0.482923	0.324051	0.026576
0.488935	0.487519	0.482576	0.471155	0.495431	0.494713	0.019809	0.326747	0.479230	0.491250	0.318703	0.028904
0.499236	0.498095	0.473728	0.493614	0.499033	0.486043	0.011605	0.344470	0.484586	0.497812	0.310244	0.011854
0.490785	0.495302	0.486402	0.498729	0.481123	0.476971	0.016403	0.347911	0.479138	0.498950	0.327718	0.012006
0.494770	0.482035	0.491725	0.499062	0.490828	0.499899	0.010669	0.304350	0.499485	0.480282	0.312819	0.022443
0.450938	0.487339	0.481348	0.480413	0.487587	0.479480	0.014070	0.331673	0.497511	0.488257	0.351282	0.004462
0.498082	0.317186	0.387653	0.459609	0.486088	0.330366	0.320312	0.267383	0.377470	0.349051	0.344523	0.336453
0.493098	0.318117	0.331016	0.486504	0.480346	0.352983	0.313658	0.256871	0.293962	0.309082	0.352316	0.383699
0.467485	0.380107	0.297686	0.498818	0.492365	0.334702	0.336933	0.262036	0.349167	0.342930	0.327384	0.306051
0.481589	0.305294	0.317578	0.493355	0.498336	0.346752	0.346400	0.238699	0.300430	0.297503	0.328752	0.360993
0.481444	0.317554	0.315559	0.485570	0.489211	0.298700	0.328004	0.231646	0.328072	0.369173	0.299816	0.335220
0.491272	0.330735	0.335944	0.488670	0.473992	0.327685	0.339889	0.224460	0.332252	0.292227	0.334804	0.330425
0.495945	0.357913	0.358909	0.481332	0.486039	0.342364	0.342546	0.237227	0.315505	0.301568	0.314911	0.328281
0.460412	0.351465	0.325438	0.487705	0.472177	0.319092	0.318371	0.231792	0.314790	0.323041	0.307134	0.345714
0.493576	0.306480	0.357308	0.486722	0.494996	0.333175	0.337987	0.256398	0.343765	0.360739	0.318243	0.367160
0.495824	0.363008	0.315456	0.489095	0.479039	0.367200	0.291198	0.249598	0.313788	0.348328	0.341930	0.329750
0.497838	0.321687	0.340536	0.491702	0.480374	0.353970	0.357971	0.217503	0.328077	0.302610	0.329614	0.352533
0.485082	0.328887	0.347200	0.475898	0.477233	0.337288	0.350203	0.276702	0.320289	0.357583	0.337998	0.327369
0.496937	0.331575	0.317678	0.495497	0.471177	0.321549	0.316656	0.214745	0.311347	0.342395	0.321344	0.324879
0.497791	0.364747	0.333806	0.489605	0.495552	0.339771	0.342580	0.227673	0.354821	0.336648	0.331040	0.345388
0.450970	0.006942	0.478292	0.487177	0.474152	0.488023	0.325344	0.333339	0.014746	0.013080	0.000744	0.038343
0.487124	0.025684	0.497001	0.471220	0.473489	0.499641	0.306965	0.331731	0.022543	0.005011	0.015045	0.005767
0.495531	0.019421	0.474656	0.492416	0.491594	0.483012	0.322638	0.347141	0.010183	0.000755	0.024869	0.018455
0.496717	0.001283	0.470705	0.465379	0.477831	0.484218	0.357073	0.352821	0.010301	0.008759	0.002043	0.007898
0.481218	0.025270	0.488776	0.470732	0.460783	0.484307	0.354266	0.353688	0.014217	0.040164	0.026691	0.040580
0.482208	0.005803	0.478734	0.492794	0.496791	0.460790	0.354547	0.362634	0.004475	0.003254	0.021842	0.013963
0.491674	0.333949	0.494887	0.466600	0.023799	0.484392	0.495186	0.357232	0.343984	0.324149	0.362139	0.310929
0.462142	0.292188	0.466901	0.494561	0.006192	0.466722	0.489913	0.356256	0.323695	0.317605	0.344974	0.323599
0.479670	0.312700	0.488262	0.490632	0.015918	0.479849	0.494204	0.307658	0.312401	0.334431	0.357110	0.339335
0.490033	0.325484	0.486783	0.492685	0.043806	0.498991	0.495142	0.320840	0.316990	0.380332	0.309121	0.289091
0.481019	0.322446	0.486877	0.488421	0.000110	0.494010	0.490420	0.328375	0.295378	0.374480	0.340019	0.342979
0.493892	0.324340	0.485723	0.485812	0.009094	0.499748	0.491355	0.364489	0.340905	0.339024	0.360841	0.309014
0.489814	0.366023	0.489419	0.449818	0.019873	0.487637	0.496105	0.336813	0.344543	0.311524	0.372772	0.356921
0.459481	0.310230	0.498903	0.492510	0.007507	0.486965	0.463407	0.327691	0.330244	0.335979	0.331922	0.342131
0.485719	0.348497	0.499564	0.471389	0.001884	0.475700	0.497247	0.318027	0.307240	0.351108	0.329635	0.345894
0.479223	0.360880	0.489152	0.498392	0.023776	0.494113	0.480750	0.341933	0.351848	0.305514	0.311064	0.326674
0.475730	0.320720	0.475019	0.468135	0.024527	0.481778	0.479484	0.326269	0.338637	0.336275	0.336333	0.328795
0.481129	0.343546	0.493371	0.486373	0.018164	0.497819	0.486783	0.319471	0.344281	0.324348	0.327294	0.329937
0.491570	0.318793	0.499410	0.491018	0.001345	0.477689	0.484897	0.333264	0.347111	0.355054	0.318205	0.305396
0.493056	0.309294	0.496114	0.450048	0.025671	0.447328	0.482811	0.340547	0.333929	0.304497	0.305077	0.344906
0.484990	0.315197	0.483932	0.499139	0.000482	0.446353	0.488467	0.366713	0.381170	0.353722	0.324217	0.335586
0.493393	0.356095	0.492951	0.475677	0.020214	0.492792	0.485581	0.342941	0.330081	0.307282	0.328984	0.333205
0.487228	0.306219	0.459753	0.462715	0.039957	0.470217	0.451511	0.342383	0.381056	0.321143	0.324015	0.308539
0.497252	0.036599	0.334894	0.470300	0.452405	0.334879	0.307887	0.479264	0.009076	0.029535	0.008395	0.030584
0.492043	0.011676	0.326618	0.487816	0.488980	0.324327	0.329601	0.457203	0.021757	0.002320	0.003249	0.015370
0.497850	0.001298	0.342026	0.476721	0.488188	0.312863	0.324175	0.481958	0.015835	0.032676	0.004455	0.029369
0.479307	0.336743	0.342431	0.490766	0.443664	0.323809	0.474501	0.231333	0.299638	0.356328	0.493824	0.494849
0.496550	0.322758	0.349511	0.485358	0.466698	0.316065	0.454297	0.240360	0.347768	0.292207	0.499701	0.484870
0.490053	0.322909	0.331580	0.493088	0.463994	0.342878	0.490214	0.274615	0.318383	0.311311	0.463557	0.487865
0.462879	0.336775	0.333915	0.486879	0.461497	0.343832	0.455676	0.261431	0.322533	0.327586	0.460422	0.487142
0.496885	0.340095	0.354948	0.494300	0.456501	0.336485	0.486020	0.202107	0.322445	0.328735	0.475066	0.497067
0.486439	0.351135	0.357682	0.474511	0.498342	0.315359	0.491551	0.289425	0.322920	0.350319	0.492825	0.492678
0.488464	0.358124	0.368183	0.470767	0.493234	0.340524	0.477362	0.245269	0.341585	0.357754	0.480614	0.489967
0.499302	0.326067	0.324856	0.499735	0.495130	0.293223	0.484226	0.254379	0.332174	0.338003	0.498109	0.474435
0.484096	0.341582	0.339295	0.471731	0.468647	0.324970	0.492125	0.251386	0.315549	0.333195	0.470630	0.463013
0.481738	0.322060	0.309070	0.495125	0.490304	0.380590	0.487506	0.268573	0.336594	0.360460	0.477258	0.471067
0.494980	0.327978	0.315749	0.497286	0.488290	0.337307	0.461488	0.223124	0.296746	0.311625	0.495181	0.490793
0.490297	0.305392	0.315226	0.481692	0.488632	0.314411	0.473057	0.233859	0.342073	0.310019	0.490521	0.496195
0.491212	0.323455	0.367588	0.481406	0.485429	0.330746	0.470458	0.249908	0.325052	0.331284	0.477038	0.492907
0.488656	0.331395	0.375311	0.490331	0.494085	0.319046	0.499030	0.239476	0.351846	0.345767	0.437666	0.474492
0.477424	0.368750	0.329154	0.490259	0.488666	0.349162	0.470049	0.234066	0.328413	0.363427	0.491066	0.482321
0.469623	0.347005	0.319104	0.481978	0.444233	0.307509	0.484686	0.245373	0.340451	0.328192	0.461099	0.489505
0.494388	0.366764	0.337866	0.496905	0.483471	0.377312	0.489744	0.260827	0.348889	0.320112	0.451705	0.478326
0.496314	0.337050	0.341272	0.308969	0.499516	0.329247	0.481132	0.247996	0.319537	0.332637	0.302496	0.341367
0.490974	0.318607	0.320893	0.333307	0.499055	0.351650	0.489529	0.251840	0.314362	0.345400	0.325702	0.301177
0.491515	0.359805	0.323886	0.316990	0.476477	0.293768	0.485140	0.236662	0.310193	0.310077	0.313846	0.344251
0.484015	0.335381	0.497990	0.477980	0.460944	0.489386	0.350985	0.304201	0.346531	0.245729	0.342178	0.251648
0.492609	0.294207	0.483195	0.497601	0.482016	0.499301	0.333876	0.333477	0.351589	0.246685	0.355287	0.236005
0.485324	0.371121	0.468085	0.498156	0.493579	0.472737	0.313917	0.336494	0.334838	0.227126	0.321210	0.249499
0.488854	0.349929	0.481514	0.496107	0.497157	0.495945	0.342938	0.336975	0.323770	0.218848	0.335312	0.249094
0.491951	0.366925	0.470917	0.464661	0.468501	0.488922	0.343803	0.347711	0.338700	0.276079	0.327684	0.230028
0.490923	0.319642	0.488989	0.494032	0.489617	0.498072	0.281614	0.334203	0.341642	0.254844	0.387051	0.234888
0.481517	0.339001	0.460005	0.471042	0.454541	0.477100	0.314634	0.323536	0.351781	0.259724	0.354058	0.257948
0.489034	0.312771	0.495729	0.483782	0.469718	0.486172	0.339106	0.344891	0.338699	0.256130	0.348194	0.264521
0.499437	0.340434	0.499180	0.486853	0.494394	0.496113	0.317049	0.376816	0.334066	0.263203	0.350776	0.221407
0.477399	0.351925	0.454108	0.472560	0.493809	0.481999	0.336137	0.351599	0.330720	0.218219	0.352722	0.246050
0.479992	0.290488	0.471198	0.492152	0.493687	0.489653	0.322693	0.335856	0.328418	0.262965	0.331320	0.285779
0.495751	0.318501	0.498702	0.483455	0.488718	0.489185	0.346025	0.355960	0.328962	0.278579	0.313247	0.217205
0.491916	0.327585	0.480348	0.484337	0.473732	0.491423	0.329062	0.342300	0.335028	0.269054	0.358857	0.256689
0.469789	0.331458	0.486624	0.497790	0.479631	0.493762	0.330509	0.293027	0.332721	0.234543	0.354996	0.244130
0.471555	0.322936	0.450093	0.470003	0.483610	0.495369	0.319009	0.296278	0.340289	0.242906	0.328897	0.259467
0.481729	0.343099	0.480713	0.493190	0.483994	0.489809	0.331432	0.337531	0.354119	0.239830	0.312219	0.255983
0.490254	0.313941	0.353671	0.471276	0.492754	0.313265	0.324623	0.234798	0.324782	0.354028	0.495651	0.338219
0.492558	0.304076	0.307689	0.479064	0.495992	0.338058	0.306465	0.246910	0.310030	0.320466	0.446377	0.323923
0.471343	0.353087	0.366372	0.470613	0.490916	0.338780	0.330250	0.237528	0.346839	0.323994	0.492978	0.372999
0.494538	0.495463	0.454632	0.497367	0.482268	0.468901	0.333617	0.335802	0.494474	0.483761	0.494453	0.482517
0.463589	0.468570	0.480138	0.481167	0.456370	0.487037	0.337341	0.326927	0.487988	0.491848	0.495408	0.480167
0.494173	0.498342	0.472372	0.481777	0.480911	0.491911	0.330828	0.328188	0.495428	0.480767	0.471419	0.470389
0.487920	0.490633	0.493759	0.493279	0.488475	0.480949	0.354005	0.320778	0.467125	0.491296	0.488857	0.469340
0.462587	0.467990	0.478971	0.461872	0.499082	0.475020	0.307472	0.299432	0.475972	0.496750	0.490837	0.490384
0.480281	0.474748	0.484092	0.486925	0.497140	0.485524	0.301812	0.356960	0.474186	0.480160	0.466255	0.496276
0.499982	0.471854	0.492070	0.450218	0.466089	0.488009	0.317116	0.313141	0.485332	0.485958	0.499088	0.454315
0.486022	0.493582	0.496411	0.485347	0.494191	0.474634	0.328966	0.286207	0.494720	0.498225	0.498284	0.495194
0.487360	0.472300	0.499704	0.472237	0.465927	0.487099	0.355978	0.303943	0.480292	0.478706	0.487035	0.473506
0.473325	0.493091	0.460783	0.485997	0.483291	0.494279	0.331052	0.311702	0.483531	0.499355	0.499742	0.474091
0.491247	0.494057	0.479899	0.494823	0.468381	0.484062	0.323783	0.327172	0.476500	0.492630	0.485140	0.487769
0.454165	0.497214	0.497172	0.497161	0.492680	0.488969	0.329163	0.355457	0.489240	0.462655	0.479772	0.479822
0.490659	0.499480	0.494887	0.486398	0.462452	0.491901	0.350539	0.331340	0.485584	0.460557	0.483236	0.497916
0.492089	0.498381	0.486536	0.499743	0.475283	0.484006	0.335369	0.315973	0.478411	0.467248	0.484733	0.485097
0.499845	0.476879	0.493054	0.487457	0.471190	0.494314	0.316744	0.315385	0.492525	0.473646	0.466892	0.475358
0.496410	0.323371	0.496909	0.499458	0.474673	0.013969	0.303372	0.013942	0.339861	0.219879	0.303518	0.167767
0.477701	0.309757	0.496905	0.497555	0.492516	0.035033	0.319225	0.017474	0.312222	0.261730	0.345682	0.191363
0.496982	0.322267	0.488700	0.482631	0.499754	0.000973	0.330681	0.000514	0.315796	0.250552	0.341839	0.192322
0.472155	0.317037	0.483047	0.463749	0.494773	0.034464	0.336017	0.030893	0.343799	0.227572	0.347365	0.174312
0.482706	0.350513	0.492582	0.471296	0.480148	0.035393	0.348813	0.011765	0.351140	0.253143	0.341091	0.180664
0.489958	0.290833	0.483830	0.493812	0.476846	0.025641	0.315385	0.031115	0.333198	0.274825	0.333174	0.158115
0.497217	0.296764	0.493666	0.493794	0.497752	0.007913	0.486276	0.034624	0.362744	0.310907	0.499612	0.250857
0.497480	0.343772	0.490268	0.489924	0.485587	0.002598	0.492233	0.002407	0.314952	0.326830	0.494033	0.260287
0.465379	0.346393	0.475924	0.460653	0.463111	0.013194	0.484628	0.023371	0.287011	0.318601	0.499592	0.220438
0.490255	0.343727	0.477023	0.497233	0.484225	0.009512	0.483881	0.002420	0.305994	0.296280	0.482551	0.241244
0.463820	0.294690	0.474347	0.497000	0.496506	0.000019	0.489621	0.021270	0.359061	0.340270	0.480373	0.272619
0.493420	0.297576	0.497688	0.499979	0.482323	0.008960	0.495974	0.014803	0.309163	0.324270	0.466151	0.238856
0.496357	0.355368	0.488648	0.465438	0.495599	0.018089	0.470725	0.005839	0.315331	0.342946	0.498365	0.245350
0.463290	0.331516	0.498406	0.494647	0.481404	0.043732	0.484230	0.027092	0.350243	0.343807	0.484392	0.253144
0.473296	0.328163	0.489309	0.491575	0.491858	0.037731	0.455457	0.002458	0.317748	0.334377	0.468095	0.261494
0.499393	0.347812	0.484821	0.478583	0.463375	0.496085	0.488822	0.354180	0.315055	0.342791	0.368940	0.340231
0.488022	0.299276	0.494058	0.477628	0.467221	0.486028	0.494268	0.325987	0.361264	0.307978	0.364463	0.356753
0.480111	0.330742	0.466542	0.494070	0.476175	0.495031	0.495636	0.344422	0.289144	0.310719	0.302096	0.320614
0.460857	0.322977	0.488832	0.486363	0.472381	0.469359	0.482783	0.300753	0.328351	0.362445	0.326272	0.291991
0.479191	0.326418	0.463830	0.482296	0.480177	0.484424	0.476892	0.480332	0.329370	0.350203	0.373173	0.321444
0.494720	0.346374	0.492609	0.484787	0.481146	0.480754	0.489274	0.483378	0.334041	0.301391	0.372093	0.304049
0.487611	0.314291	0.476116	0.485690	0.488319	0.482742	0.489369	0.499963	0.336181	0.331766	0.321613	0.328855
0.474543	0.307410	0.493477	0.492511	0.469868	0.457789	0.496015	0.485208	0.330603	0.318372	0.342621	0.343139
0.480056	0.361982	0.485402	0.482077	0.493232	0.496031	0.465732	0.474422	0.331668	0.365689	0.357134	0.325075
0.493431	0.349327	0.498267	0.485399	0.485089	0.478660	0.466692	0.481158	0.336371	0.365891	0.310299	0.328733
0.473228	0.368225	0.491497	0.474837	0.497633	0.493738	0.466117	0.493423	0.355778	0.352770	0.318655	0.347088
0.484085	0.341970	0.499001	0.494530	0.498353	0.491489	0.495676	0.481177	0.331036	0.345225	0.335624	0.306307
0.482421	0.314971	0.497797	0.495832	0.497083	0.469207	0.478718	0.479486	0.335515	0.328534	0.336995	0.348407
0.475171	0.323853	0.490670	0.493001	0.455218	0.480463	0.498803	0.481137	0.324256	0.359737	0.308002	0.347353
0.494239	0.343488	0.334568	0.495956	0.493933	0.349218	0.341543	0.468450	0.311969	0.225288	0.243786	0.252974
0.482357	0.313382	0.325535	0.464748	0.470789	0.316730	0.346961	0.465083	0.360967	0.227591	0.277810	0.242775
0.478949	0.331714	0.363042	0.496712	0.482846	0.310632	0.332923	0.497086	0.346682	0.228398	0.267442	0.247238
0.488807	0.317987	0.493969	0.493239	0.478244	0.453955	0.483926	0.328150	0.324092	0.483473	0.342423	0.493991
0.493866	0.363647	0.495316	0.497509	0.495659	0.480453	0.487675	0.323397	0.314553	0.498433	0.328026	0.482749
0.489994	0.346201	0.474958	0.494781	0.489720	0.495725	0.498486	0.312236	0.356866	0.475702	0.315932	0.489612
0.492000	0.309359	0.493547	0.483251	0.498576	0.488526	0.489962	0.330860	0.313972	0.493228	0.343723	0.478559
0.460065	0.304525	0.491086	0.496607	0.485483	0.482206	0.479667	0.318119	0.306385	0.480547	0.309486	0.481421
0.493934	0.327232	0.489597	0.476400	0.493517	0.492778	0.488835	0.290530	0.346189	0.478462	0.336539	0.462326
0.488536	0.342187	0.494245	0.492377	0.482273	0.492069	0.492201	0.316009	0.363976	0.462708	0.335358	0.482093
0.499594	0.303760	0.483131	0.496718	0.478413	0.476845	0.495103	0.349900	0.345515	0.487992	0.323112	0.479969
0.464083	0.364139	0.498949	0.498489	0.471813	0.487905	0.494888	0.307121	0.324853	0.468031	0.346662	0.476027
0.495179	0.325828	0.491961	0.484909	0.485378	0.488056	0.479200	0.320856	0.325106	0.472678	0.325533	0.484532
0.469695	0.285980	0.491531	0.492261	0.484720	0.492586	0.482946	0.340253	0.340407	0.488568	0.320122	0.482541
0.498991	0.312816	0.490075	0.344474	0.497322	0.488384	0.494841	0.470017	0.304012	0.228912	0.321960	0.226970
0.494801	0.346726	0.485601	0.331940	0.490026	0.466856	0.488326	0.493679	0.356981	0.267110	0.346571	0.291870
0.484014	0.339799	0.477900	0.343693	0.482885	0.480898	0.481778	0.487303	0.311033	0.246357	0.290931	0.277852
0.481863	0.305078	0.478962	0.349948	0.475083	0.494429	0.482390	0.489864	0.385778	0.229982	0.336010	0.283616
0.472284	0.342183	0.485404	0.345064	0.479940	0.488800	0.475097	0.493284	0.318432	0.211496	0.361663	0.229622
0.470475	0.373745	0.495320	0.320063	0.465797	0.474381	0.478861	0.326990	0.367348	0.328421	0.350022	0.336614
0.485660	0.340491	0.480793	0.351484	0.494799	0.472734	0.485783	0.334909	0.336909	0.353403	0.364694	0.352415
0.464185	0.349756	0.450639	0.321310	0.483474	0.497344	0.490371	0.349836	0.326473	0.356133	0.317102	0.294812
0.463622	0.334184	0.491933	0.322798	0.474807	0.483402	0.497682	0.352853	0.310942	0.318359	0.365841	0.327043
0.475702	0.349605	0.499285	0.333694	0.467234	0.482911	0.487356	0.325183	0.327842	0.303974	0.353430	0.323366
0.478538	0.345745	0.483727	0.372115	0.472286	0.495236	0.490283	0.338143	0.334368	0.314608	0.306725	0.337336
0.492111	0.032888	0.368334	0.469922	0.475116	0.345943	0.332702	0.262823	0.013949	0.006963	0.034203	0.011677
0.493666	0.003912	0.335726	0.460614	0.472677	0.318473	0.350705	0.287557	0.060671	0.036259	0.005137	0.017211
0.490250	0.019013	0.325351	0.481886	0.492998	0.293321	0.304185	0.285901	0.035440	0.007650	0.016000	0.006239
0.472865	0.018133	0.377218	0.488356	0.497298	0.329407	0.354391	0.242620	0.043712	0.017048	0.005136	0.033728
0.489843	0.006092	0.329229	0.467128	0.481215	0.353657	0.345568	0.248648	0.009843	0.030824	0.016016	0.012030
0.490947	0.313651	0.491714	0.365814	0.481789	0.488183	0.335982	0.345842	0.339530	0.346587	0.292701	0.340422
0.487093	0.332214	0.480459	0.330305	0.434364	0.487435	0.306242	0.342609	0.341672	0.342356	0.331271	0.325138
0.484836	0.329910	0.497289	0.339263	0.482923	0.496698	0.273495	0.327407	0.316494	0.326667	0.336485	0.346804
0.484999	0.313776	0.498755	0.341014	0.496634	0.493185	0.334063	0.364494	0.309744	0.343448	0.332770	0.328312
0.473117	0.347804	0.490637	0.320928	0.494597	0.498742	0.348731	0.326979	0.362973	0.366756	0.308894	0.334453
0.494124	0.311287	0.493962	0.341596	0.499837	0.476949	0.314687	0.316268	0.321833	0.346572	0.307882	0.356522
0.484833	0.333716	0.356444	0.351857	0.454270	0.351734	0.344770	0.259753	0.495205	0.359551	0.255937	0.321562
0.469740	0.306516	0.325891	0.341296	0.478765	0.326830	0.377771	0.273536	0.465309	0.354608	0.278733	0.360768
0.498931	0.348596	0.485108	0.483343	0.476984	0.468324	0.499975	0.309401	0.319426	0.339959	0.341989	0.317017
0.498780	0.297206	0.437285	0.459956	0.482940	0.492956	0.474440	0.327525	0.315848	0.348720	0.348171	0.367066
0.497098	0.329865	0.475106	0.494795	0.482693	0.490782	0.487768	0.361075	0.336523	0.326223	0.341960	0.326158
0.462806	0.345062	0.495249	0.488542	0.480398	0.481629	0.471795	0.295418	0.320025	0.326292	0.348566	0.342943
0.474509	0.335295	0.484686	0.491346	0.494103	0.471249	0.469602	0.328497	0.341487	0.322773	0.354795	0.332540
0.499201	0.316526	0.499725	0.491006	0.478928	0.483940	0.495196	0.309784	0.319192	0.328325	0.330368	0.331211
0.470519	0.367530	0.355035	0.474021	0.485969	0.318372	0.312840	0.230544	0.344578	0.357362	0.287664	0.348799
0.486856	0.343090	0.339172	0.499290	0.489500	0.325639	0.327956	0.281933	0.351577	0.321778	0.349371	0.306341
0.455091	0.332937	0.335018	0.475233	0.443465	0.322997	0.337865	0.259562	0.337330	0.323318	0.334268	0.316854
0.497156	0.297807	0.325256	0.477496	0.480930	0.363974	0.245001	0.229908	0.324749	0.265745	0.364523	0.221314
0.490331	0.333573	0.316651	0.482358	0.483748	0.307524	0.267047	0.228794	0.327177	0.278219	0.353165	0.237640
0.484358	0.340895	0.354944	0.490212	0.459133	0.334600	0.252277	0.245102	0.334057	0.253218	0.355403	0.230382
0.462571	0.328195	0.343034	0.486651	0.492191	0.399367	0.259176	0.213076	0.327420	0.229056	0.316202	0.215821
0.488185	0.335449	0.303686	0.473106	0.491487	0.313619	0.251508	0.229937	0.333890	0.263583	0.294948	0.255005
0.468847	0.322856	0.345733	0.484749	0.498942	0.329094	0.237331	0.233874	0.376851	0.249753	0.309816	0.201011
