0.485588	0.545931	0.341558	0.474455	0.521506
0.522619	0.471473	0.359476	0.492003	0.513096
0.513557	0.467879	0.352140	0.519652	0.509849
0.487398	0.495607	0.318026	0.508576	0.524389
0.517773	0.514210	0.351002	0.535175	0.499932
0.485114	0.511529	0.337663	0.532783	0.529783
0.488999	0.501729	0.311302	0.507272	0.491349
0.479723	0.507519	0.344319	0.465581	0.487613
0.522042	0.506767	0.305126	0.453047	0.496226
0.526983	0.486513	0.325618	0.525940	0.506820
0.526897	0.509126	0.317893	0.480269	0.560364
0.478386	0.541608	0.353388	0.535398	0.487250
0.513415	0.527004	0.354587	0.514115	0.517400
0.495613	0.463211	0.314423	0.512182	0.523189
0.491310	0.550007	0.342769	0.506499	0.513994
0.533084	0.524901	0.300751	0.494945	0.493313
0.494753	0.501062	0.310230	0.526957	0.519368
0.503594	0.491681	0.333822	0.521570	0.485316
0.512825	0.523224	0.309109	0.504977	0.502071
0.502698	0.511587	0.320226	0.540817	0.523429
0.513914	0.477999	0.330350	0.530963	0.507618
0.505039	0.536114	0.351646	0.490345	0.484410
0.507505	0.497113	0.009043	0.516546	0.009111
0.494987	0.517391	0.016342	0.490788	0.012318
0.492317	0.481332	0.006120	0.500975	0.004130
0.475605	0.547520	0.045595	0.496540	0.039408
0.511950	0.520912	0.024513	0.473468	0.008623
0.478674	0.537198	0.021713	0.499374	0.010718
0.456920	0.498952	0.005537	0.491260	0.015365
0.508828	0.497112	0.009381	0.509327	0.008673
0.520732	0.511656	0.020802	0.528469	0.027133
0.476773	0.500350	0.002301	0.526431	0.000241
0.503026	0.509049	0.006819	0.512140	0.002559
0.480894	0.540422	0.022187	0.503561	0.029646
0.489192	0.513564	0.004751	0.454713	0.021410
0.513797	0.504791	0.020023	0.520414	0.026953
0.517089	0.520896	0.015644	0.472360	0.013781
0.472296	0.518608	0.024362	0.523025	0.019119
0.493785	0.504620	0.004201	0.522218	0.010754
0.495778	0.453407	0.008601	0.551306	0.008999
0.488064	0.501607	0.002632	0.527639	0.008028
0.521470	0.504688	0.025095	0.519333	0.026042
0.524212	0.492261	0.001252	0.509817	0.002467
0.520847	0.494359	0.004546	0.488384	0.020233
0.507465	0.506117	0.491057	0.513681	0.640326
0.516886	0.506943	0.500651	0.517571	0.679391
0.535499	0.462250	0.479110	0.541193	0.675630
0.449446	0.497452	0.493963	0.468083	0.660222
0.514796	0.496942	0.520536	0.486363	0.654084
0.475838	0.529406	0.518440	0.509838	0.645146
0.495748	0.475789	0.452680	0.509338	0.684962
0.517887	0.483638	0.528925	0.468066	0.649108
0.485350	0.501425	0.516716	0.517863	0.689288
0.517055	0.511685	0.512901	0.526520	0.669066
0.514817	0.519682	0.505991	0.520655	0.697028
0.472638	0.520765	0.451037	0.523943	0.673081
0.515786	0.508545	0.484653	0.469546	0.647067
0.501071	0.465964	0.472068	0.493116	0.683691
0.543802	0.505860	0.494115	0.522877	0.669643
0.503876	0.498279	0.525892	0.516865	0.647303
0.511725	0.012105	0.330428	0.507349	0.334467
0.520764	0.023341	0.325334	0.498827	0.367043
0.478415	0.031555	0.289612	0.509685	0.294207
0.479331	0.003577	0.291025	0.496780	0.352029
0.535765	0.011856	0.378836	0.533902	0.338962
0.480770	0.040792	0.330006	0.515290	0.329952
0.463807	0.010540	0.357358	0.494606	0.363354
0.509077	0.029185	0.356313	0.482341	0.354833
0.539267	0.015531	0.314283	0.479497	0.375036
0.500283	0.014249	0.322701	0.488783	0.313995
0.506689	0.002730	0.335994	0.503711	0.300238
0.491280	0.028150	0.326254	0.498940	0.360182
0.462853	0.000809	0.338847	0.496905	0.311086
0.491564	0.006459	0.304401	0.511384	0.312340
0.482946	0.042179	0.344781	0.510963	0.351197
0.525639	0.012980	0.350107	0.524578	0.359962
0.513792	0.013702	0.345375	0.491203	0.343482
0.491354	0.012957	0.354359	0.505643	0.331915
0.500432	0.001592	0.356199	0.527454	0.366407
0.507423	0.025865	0.322499	0.468125	0.338882
0.451890	0.012774	0.329820	0.505593	0.309556
0.501443	0.006942	0.343194	0.449604	0.362803
0.478466	0.012096	0.351884	0.501069	0.349637
0.513153	0.027051	0.325934	0.505080	0.326940
0.513633	0.002549	0.333930	0.489860	0.317808
0.524464	0.039780	0.330902	0.494822	0.313194
0.517998	0.718514	0.695543	0.014157	0.519033
0.505022	0.675465	0.677897	0.001046	0.471673
0.504338	0.691099	0.707266	0.042574	0.512000
0.527096	0.671555	0.658918	0.019466	0.501325
0.477816	0.618441	0.632249	0.001784	0.484230
0.549255	0.683333	0.689652	0.000892	0.534012
0.521847	0.631800	0.684246	0.012587	0.545225
0.510079	0.668496	0.660963	0.000478	0.469905
0.524372	0.650922	0.636355	0.003922	0.477531
0.504625	0.641135	0.655399	0.026254	0.521578
0.487316	0.660792	0.652971	0.014109	0.478023
0.518652	0.689664	0.636658	0.008184	0.513011
0.472198	0.651450	0.686359	0.022626	0.485562
0.513406	0.661513	0.642517	0.007661	0.493070
0.512101	0.657380	0.698114	0.018833	0.473398
0.505243	0.679715	0.648882	0.001040	0.475801
0.489724	0.036417	0.521406	0.533298	0.390556
0.470087	0.033488	0.520405	0.460877	0.332335
0.541370	0.015565	0.529032	0.515394	0.315844
0.499246	0.010420	0.484205	0.488355	0.309340
0.487317	0.008396	0.500319	0.515345	0.376940
0.518632	0.006806	0.491940	0.541682	0.365030
0.479481	0.036266	0.516133	0.502299	0.298352
0.505029	0.004332	0.522652	0.516587	0.315923
0.511069	0.021384	0.476055	0.472507	0.329634
0.496412	0.021998	0.499823	0.494230	0.321094
0.485765	0.012260	0.507390	0.464582	0.341467
0.507488	0.012605	0.530154	0.481175	0.334474
0.513099	0.018557	0.521964	0.492460	0.324661
0.502251	0.005635	0.490866	0.511668	0.340805
0.519423	0.001987	0.520019	0.508458	0.363760
0.484565	0.021196	0.485094	0.521879	0.314889
0.500914	0.019173	0.505863	0.495301	0.309161
0.468693	0.001754	0.487499	0.520137	0.311333
0.505070	0.047238	0.466219	0.517715	0.343498
0.502517	0.038285	0.340518	0.516174	0.511350
0.512817	0.036731	0.330066	0.487063	0.489179
0.502675	0.006235	0.325898	0.529145	0.499975
0.467778	0.004042	0.343233	0.488988	0.528416
0.537531	0.002285	0.298651	0.490280	0.529248
0.504578	0.007511	0.338194	0.479231	0.509711
0.501070	0.030311	0.308949	0.519390	0.455808
0.511228	0.021467	0.342529	0.477530	0.479295
0.519383	0.000521	0.351514	0.475465	0.543075
0.535350	0.010349	0.002358	0.491618	0.003130
0.531264	0.010232	0.022923	0.506876	0.028898
0.482800	0.009659	0.020959	0.504467	0.026729
0.514848	0.014001	0.037621	0.532866	0.013217
0.516263	0.027011	0.003735	0.515635	0.005330
0.513837	0.038216	0.004353	0.525567	0.014871
0.537157	0.002375	0.023492	0.479295	0.028193
0.486240	0.031449	0.011137	0.504776	0.004021
0.475398	0.037712	0.005492	0.517251	0.020234
0.506554	0.029909	0.015029	0.495816	0.012874
0.482375	0.046853	0.032801	0.519654	0.005798
0.516574	0.007403	0.013645	0.522187	0.025256
0.512816	0.007002	0.045299	0.478643	0.026675
0.496829	0.002780	0.022379	0.473820	0.005483
0.520513	0.008420	0.008431	0.516853	0.006136
0.527450	0.031794	0.017300	0.491644	0.006173
0.484308	0.002201	0.007608	0.524613	0.016439
0.488030	0.011269	0.009039	0.470484	0.001346
0.456349	0.004814	0.020114	0.479594	0.015350
0.505610	0.005314	0.004827	0.487345	0.000238
0.559782	0.015339	0.008957	0.479749	0.003921
0.486873	0.012076	0.035951	0.546795	0.012993
0.495591	0.008503	0.001626	0.508106	0.024475
0.527028	0.003080	0.007044	0.489284	0.015081
0.514207	0.701958	0.072347	0.496212	0.023504
0.482500	0.678045	0.011488	0.499766	0.007119
0.495748	0.639343	0.019886	0.480982	0.026308
0.524113	0.701126	0.002054	0.488915	0.002289
0.506724	0.690292	0.033888	0.448393	0.052641
0.530279	0.676763	0.002942	0.497880	0.028119
0.495367	0.672040	0.006515	0.542591	0.021664
0.488837	0.664508	0.031434	0.470199	0.010763
0.538598	0.326094	0.505522	0.656574	0.504366
0.484889	0.314270	0.458361	0.680723	0.494142
0.477140	0.360964	0.496329	0.649259	0.471593
0.483349	0.336946	0.519117	0.698472	0.479577
0.512541	0.354741	0.545407	0.676331	0.508721
0.510000	0.302741	0.478579	0.658589	0.507136
0.491763	0.371456	0.503657	0.668567	0.529949
0.483964	0.360832	0.531776	0.651021	0.471511
0.498244	0.337189	0.506874	0.697245	0.516389
0.495864	0.350460	0.479294	0.637700	0.513595
0.486269	0.305391	0.494115	0.674210	0.520288
0.519997	0.338609	0.504172	0.684689	0.535031
0.496470	0.321077	0.492536	0.698061	0.518404
0.448239	0.356146	0.513216	0.657224	0.527252
0.525505	0.335412	0.512503	0.666406	0.521516
0.527846	0.323775	0.489807	0.702787	0.506742
0.506634	0.328547	0.496603	0.665916	0.519325
0.502586	0.334975	0.489825	0.649915	0.515311
0.497202	0.357287	0.477167	0.660417	0.526372
0.494927	0.315635	0.488081	0.687441	0.500771
0.493487	0.314254	0.465900	0.625547	0.471500
0.495353	0.326101	0.517730	0.678851	0.481456
0.504482	0.344673	0.501340	0.667568	0.469688
0.504453	0.682119	0.308585	0.499577	0.355641
0.511617	0.672373	0.357717	0.501786	0.333909
0.498886	0.646739	0.341255	0.562483	0.348301
0.529311	0.650438	0.333022	0.510836	0.313757
0.484146	0.681883	0.359504	0.511535	0.320299
0.485023	0.691230	0.320344	0.498054	0.336893
0.487541	0.682452	0.328717	0.537304	0.301124
0.503441	0.664702	0.321746	0.531352	0.339967
0.497557	0.686912	0.364684	0.513240	0.347370
0.468009	0.634328	0.331071	0.491357	0.341000
0.481474	0.494037	0.025993	0.493105	0.013996
0.537426	0.490979	0.005684	0.511882	0.010030
0.510687	0.507041	0.009817	0.515441	0.026245
0.492174	0.487514	0.000234	0.497765	0.005963
0.521187	0.471824	0.007744	0.473068	0.012250
0.493282	0.509664	0.015431	0.502289	0.039973
0.489781	0.500631	0.028928	0.490257	0.007757
0.501856	0.491346	0.004147	0.506540	0.014291
0.483903	0.467313	0.038068	0.516155	0.019973
0.494755	0.488714	0.016255	0.472367	0.020704
0.541176	0.490078	0.025054	0.524708	0.018163
0.479979	0.504678	0.020256	0.480213	0.011832
0.462915	0.483320	0.010930	0.480775	0.032906
0.508870	0.506110	0.000971	0.519194	0.028467
0.507938	0.508794	0.020526	0.475001	0.005623
0.482015	0.500007	0.006630	0.509834	0.032057
0.528670	0.465835	0.008152	0.489059	0.014980
0.551353	0.455671	0.017888	0.523270	0.028829
0.491566	0.497593	0.007097	0.500241	0.003489
0.485466	0.319012	0.000650	0.358834	0.020782
0.512037	0.331392	0.027076	0.336309	0.038974
0.501982	0.401086	0.021546	0.341732	0.020226
0.498890	0.301137	0.004924	0.359533	0.011833
0.504305	0.348269	0.020762	0.300547	0.034493
0.502594	0.335092	0.022355	0.321071	0.028481
0.499243	0.323241	0.031821	0.342383	0.028653
0.497474	0.351228	0.016166	0.319950	0.028526
0.485719	0.375451	0.013764	0.308693	0.021892
0.472538	0.290889	0.007719	0.313450	0.007469
0.490036	0.328718	0.358878	0.465702	0.326584
0.471323	0.373672	0.339290	0.507734	0.335563
0.487625	0.355057	0.370886	0.522234	0.351272
0.512743	0.315735	0.307422	0.483427	0.330177
0.479929	0.354893	0.343601	0.488382	0.328309
0.521997	0.378088	0.324959	0.502305	0.332068
0.476964	0.340919	0.334346	0.498966	0.302399
0.448055	0.352836	0.351473	0.472999	0.362621
0.505703	0.330328	0.331183	0.473419	0.318659
0.484151	0.354647	0.309856	0.510103	0.321549
0.468455	0.341008	0.319391	0.503111	0.358755
0.484221	0.354056	0.359768	0.518442	0.349729
0.507152	0.342056	0.352674	0.483330	0.280685
0.503533	0.331574	0.319325	0.487571	0.328849
0.513658	0.371094	0.328031	0.498895	0.316049
0.475096	0.356596	0.342651	0.523750	0.302137
0.499750	0.316610	0.336188	0.474399	0.328411
0.489243	0.534451	0.502266	0.492622	0.512261
0.480028	0.498244	0.512747	0.459813	0.521849
0.496051	0.448698	0.483726	0.480140	0.533341
0.523377	0.507759	0.502246	0.514920	0.482061
0.512822	0.441268	0.511336	0.514409	0.504950
0.493511	0.506576	0.501592	0.465412	0.498603
0.519924	0.481934	0.505776	0.458421	0.502832
0.469456	0.483651	0.513399	0.500399	0.529311
0.499684	0.521461	0.674309	0.032456	0.627627
0.529854	0.478659	0.702311	0.006641	0.720569
0.495004	0.493121	0.660453	0.030848	0.656773
0.498210	0.513023	0.682070	0.028392	0.710711
0.528446	0.489475	0.711612	0.020302	0.658645
0.501846	0.497005	0.701136	0.010948	0.626542
0.484768	0.471872	0.642089	0.006693	0.620184
0.508889	0.495132	0.679043	0.001752	0.650295
0.505918	0.520704	0.649407	0.028077	0.683359
0.503661	0.510970	0.660654	0.034170	0.676074
0.515832	0.486345	0.673206	0.020445	0.694267
0.482347	0.509487	0.701968	0.016882	0.690126
0.467903	0.505968	0.643666	0.021824	0.658512
0.511457	0.469235	0.638753	0.006396	0.633729
0.508976	0.494871	0.657693	0.011222	0.676851
0.499775	0.508455	0.654164	0.048041	0.681069
0.504632	0.499639	0.689773	0.003861	0.641539
0.478466	0.537525	0.666212	0.009118	0.706614
0.511039	0.498246	0.708847	0.505462	0.627478
0.482858	0.501097	0.644570	0.484499	0.654383
0.498096	0.504842	0.667345	0.508015	0.702019
0.498864	0.484976	0.645553	0.468104	0.671569
0.507099	0.514375	0.677866	0.508077	0.663213
0.510747	0.448110	0.669189	0.484279	0.643273
0.500893	0.467631	0.667456	0.531522	0.675134
0.477500	0.526508	0.658165	0.459900	0.679991
0.487353	0.012731	0.014298	0.010623	0.010559
0.480942	0.010419	0.040091	0.013505	0.004683
0.499036	0.046238	0.003403	0.000221	0.005095
0.476790	0.022338	0.032657	0.018994	0.039572
0.515170	0.005875	0.012543	0.005700	0.044190
0.501655	0.017532	0.003266	0.005945	0.005128
0.514269	0.023220	0.017347	0.031504	0.010692
0.485186	0.010479	0.005302	0.008017	0.015511
0.481952	0.019681	0.004260	0.007444	0.012918
0.494299	0.023927	0.002467	0.027554	0.024697
0.479281	0.024549	0.025667	0.015825	0.019098
0.502090	0.004090	0.009073	0.001932	0.002234
0.500232	0.015806	0.001456	0.010964	0.007336
0.495215	0.026086	0.004412	0.032189	0.007222
0.491399	0.014583	0.021890	0.025164	0.011491
0.504502	0.005469	0.018118	0.013618	0.029163
0.501620	0.333289	0.676456	0.485799	0.744559
0.529403	0.313491	0.673650	0.489665	0.751865
0.488992	0.343352	0.648489	0.513287	0.733599
0.482997	0.318272	0.677949	0.489394	0.773595
0.495047	0.317587	0.643280	0.527429	0.736473
0.489610	0.344896	0.681219	0.496156	0.772254
0.513299	0.328640	0.687459	0.494207	0.720890
0.538540	0.650937	0.033476	0.529047	0.026742
0.523048	0.660043	0.001194	0.498489	0.015622
0.506143	0.680126	0.016279	0.498527	0.004746
0.482316	0.673597	0.022618	0.511170	0.016890
0.520303	0.665741	0.006657	0.504488	0.025490
0.499677	0.650039	0.009899	0.488875	0.028113
0.496005	0.687766	0.037865	0.530444	0.003166
0.497457	0.696168	0.007884	0.511742	0.009114
0.513816	0.658223	0.012369	0.478546	0.035478
0.493023	0.626835	0.004859	0.465217	0.002792
0.503560	0.661880	0.000300	0.489181	0.002739
0.517023	0.631611	0.012529	0.502591	0.008999
0.501331	0.644132	0.013121	0.514206	0.024529
0.481397	0.647326	0.007754	0.463449	0.008381
0.494944	0.644626	0.010810	0.465283	0.003770
0.491169	0.691928	0.028535	0.527017	0.018829
0.463839	0.652806	0.017136	0.509194	0.005699
0.491247	0.011208	0.021581	0.016453	0.016695
0.497281	0.008098	0.012340	0.011775	0.001289
0.503176	0.028061	0.032044	0.023543	0.031276
0.482518	0.014061	0.013658	0.001490	0.000669
0.479790	0.002386	0.028472	0.030735	0.008147
0.499976	0.002235	0.003629	0.004633	0.038172
0.542285	0.009555	0.003453	0.009526	0.020349
0.496915	0.003002	0.015409	0.000105	0.012392
0.525501	0.022427	0.000738	0.012033	0.009948
0.537598	0.515392	0.487106	0.491511	0.503413
0.513786	0.516086	0.501348	0.521514	0.459843
0.527270	0.479769	0.506693	0.471082	0.483655
0.473695	0.532124	0.475598	0.520909	0.497167
0.497113	0.474686	0.471039	0.496404	0.508013
0.468678	0.520039	0.502745	0.481664	0.492016
0.477326	0.475786	0.521777	0.510988	0.491595
0.515977	0.485760	0.475187	0.493908	0.505021
0.518187	0.498342	0.517745	0.483946	0.515720
0.502331	0.519328	0.491978	0.462820	0.483079
0.468629	0.485286	0.470198	0.497131	0.528070
0.493626	0.494641	0.535094	0.509536	0.519341
0.546164	0.488221	0.504575	0.497344	0.486001
0.491807	0.507174	0.497148	0.491428	0.544251
0.516260	0.702570	0.522978	0.679744	0.345250
0.488933	0.680899	0.485992	0.669868	0.326821
0.491736	0.646797	0.460586	0.664822	0.307919
0.480977	0.705973	0.498038	0.655598	0.350098
0.477757	0.680053	0.503380	0.678694	0.317000
0.523997	0.675820	0.510884	0.639479	0.351322
0.502583	0.355504	0.005306	0.524625	0.019929
0.504677	0.310908	0.051989	0.506581	0.002546
0.491055	0.314696	0.017136	0.510501	0.017742
0.482471	0.334837	0.010863	0.543523	0.019205
0.491427	0.333287	0.008413	0.505385	0.012020
0.468660	0.311804	0.042668	0.477401	0.015133
0.476629	0.332624	0.011760	0.507014	0.031291
0.488433	0.306544	0.013152	0.507715	0.005821
0.530351	0.341974	0.002729	0.503135	0.007113
0.485844	0.326509	0.036088	0.496122	0.017811
0.486783	0.374088	0.012309	0.515862	0.022757
0.501464	0.334333	0.046386	0.439692	0.014782
0.501467	0.328257	0.010465	0.478608	0.020108
0.492672	0.336393	0.023447	0.499268	0.000726
0.507075	0.334530	0.017423	0.461557	0.003706
0.508395	0.368801	0.000975	0.490092	0.039072
0.519841	0.309843	0.000354	0.501626	0.039573
0.508409	0.009010	0.311605	0.501128	0.232789
0.509750	0.002221	0.328667	0.501118	0.251193
0.499267	0.010260	0.320868	0.533015	0.253206
0.511985	0.323094	0.030359	0.534766	0.054624
0.484773	0.366169	0.019448	0.500791	0.004817
0.478293	0.330667	0.039777	0.521722	0.028978
0.526028	0.308783	0.004520	0.513777	0.013874
0.517328	0.367936	0.007343	0.505342	0.015815
0.534716	0.322067	0.003575	0.499483	0.010997
0.508011	0.336005	0.009128	0.515944	0.001088
0.487470	0.319057	0.036775	0.499164	0.008398
0.514172	0.349959	0.021912	0.529328	0.002872
0.504566	0.326864	0.036099	0.509155	0.004579
0.517684	0.338266	0.008869	0.540165	0.004841
0.505352	0.341858	0.009630	0.512293	0.006980
0.508753	0.331960	0.001872	0.507552	0.018909
0.495855	0.318639	0.008437	0.493783	0.019640
0.503802	0.375579	0.048432	0.481746	0.023406
0.506821	0.318167	0.023110	0.511923	0.010418
0.532132	0.311138	0.018834	0.518048	0.014953
0.481843	0.477680	0.485367	0.505249	0.497728
0.528948	0.502629	0.503555	0.498690	0.478988
0.523272	0.490503	0.497079	0.492228	0.507745
0.508345	0.514663	0.539610	0.506736	0.453442
0.477093	0.487397	0.489342	0.484623	0.464986
0.502273	0.552412	0.520105	0.504826	0.492716
0.518937	0.507645	0.492364	0.492367	0.532777
0.508726	0.549209	0.500043	0.517639	0.477594
0.485939	0.456079	0.447209	0.492748	0.521132
0.486639	0.516780	0.471903	0.473645	0.469945
0.519466	0.479920	0.438057	0.481386	0.456405
0.531937	0.507690	0.526126	0.530145	0.557637
0.466869	0.519808	0.509921	0.541520	0.509703
0.525801	0.485154	0.489146	0.499455	0.497421
0.525099	0.505856	0.487650	0.488869	0.496374
0.488308	0.535493	0.494400	0.490156	0.497512
0.520197	0.532417	0.465587	0.481809	0.492979
0.492275	0.480510	0.480478	0.496725	0.518726
0.501688	0.493408	0.525119	0.505504	0.524682
0.506507	0.501602	0.009558	0.511958	0.005640
0.534898	0.518770	0.000248	0.514590	0.019534
0.492324	0.493704	0.004537	0.498355	0.013008
0.497280	0.004376	0.038550	0.499676	0.006282
0.506207	0.023137	0.009049	0.513710	0.004832
0.532371	0.005649	0.024302	0.536998	0.026609
0.500083	0.029914	0.013268	0.474863	0.021762
0.461243	0.034089	0.012702	0.494846	0.023656
0.508973	0.014219	0.037176	0.490446	0.024849
0.513392	0.011816	0.054399	0.514997	0.043742
0.507800	0.002823	0.001482	0.481928	0.008051
0.489274	0.007347	0.011668	0.494605	0.008379
0.444941	0.033246	0.004280	0.508913	0.028815
0.536370	0.007502	0.003558	0.514741	0.031168
0.501013	0.001958	0.016715	0.468881	0.006896
0.507627	0.012858	0.015948	0.543261	0.007305
0.492965	0.017143	0.010239	0.527536	0.001108
0.465511	0.009113	0.011985	0.485500	0.017917
0.495325	0.495208	0.463516	0.520912	0.509639
0.507309	0.514032	0.476845	0.531673	0.524385
0.512705	0.521544	0.485223	0.492445	0.510759
0.526341	0.509315	0.524619	0.490621	0.493514
0.519319	0.458446	0.517912	0.499773	0.487991
0.516187	0.483915	0.478409	0.521180	0.538004
0.518644	0.518977	0.009088	0.318811	0.017590
0.510298	0.517047	0.036141	0.327672	0.022870
0.515282	0.518420	0.016064	0.332234	0.012720
0.511613	0.508582	0.011497	0.351234	0.000383
0.509772	0.493655	0.007919	0.355954	0.011612
0.494121	0.519773	0.040627	0.312511	0.001059
0.473166	0.470495	0.041182	0.322668	0.008196
0.518694	0.494495	0.005487	0.357168	0.001049
0.513812	0.514300	0.034246	0.327082	0.000655
0.515916	0.644100	0.519560	0.515115	0.278453
0.506319	0.681299	0.490496	0.507492	0.329414
0.528064	0.647381	0.516534	0.495550	0.325457
0.522622	0.647564	0.460668	0.476954	0.354664
0.512812	0.510646	0.688198	0.015780	0.518939
0.503514	0.526421	0.675521	0.010248	0.493674
0.482583	0.531027	0.633051	0.036673	0.514078
0.488321	0.507768	0.687828	0.025889	0.471225
0.501427	0.505620	0.657309	0.006759	0.496007
0.481082	0.504969	0.673731	0.029915	0.491586
0.515946	0.529647	0.663694	0.027621	0.503966
0.549278	0.493639	0.661013	0.018893	0.519329
0.498544	0.489420	0.678536	0.014743	0.518756
0.556139	0.492794	0.660926	0.009192	0.453595
0.543285	0.516813	0.661299	0.499660	0.749433
0.509124	0.536534	0.627631	0.527056	0.765600
0.538459	0.492368	0.681453	0.528548	0.771349
0.506251	0.529087	0.536222	0.489965	0.522050
0.504435	0.500791	0.520713	0.491178	0.541472
0.495555	0.502266	0.530271	0.495975	0.496386
0.504008	0.466384	0.506680	0.507747	0.523718
0.538052	0.473607	0.516411	0.501158	0.513985
0.483853	0.496376	0.498495	0.460690	0.490828
0.510877	0.485553	0.505785	0.536121	0.489923
0.492634	0.524677	0.547247	0.506761	0.503762
0.503560	0.499157	0.506998	0.523982	0.513781
0.533725	0.491856	0.488701	0.485717	0.514370
0.508142	0.503606	0.474042	0.497109	0.518411
0.490234	0.656325	0.338374	0.501784	0.344274
0.473321	0.631381	0.325474	0.530431	0.301040
0.509304	0.645175	0.320628	0.485175	0.314238
0.482705	0.668753	0.313927	0.488652	0.325094
0.503598	0.629692	0.328501	0.517055	0.326665
0.499834	0.504119	0.037269	0.484303	0.018340
0.483597	0.492618	0.026168	0.489574	0.025727
0.511063	0.476613	0.015127	0.483644	0.001876
0.515505	0.489897	0.002717	0.499985	0.017796
0.486151	0.504376	0.012949	0.501531	0.049880
0.453654	0.497569	0.004802	0.518943	0.022439
0.500402	0.510554	0.521335	0.475156	0.690826
0.468122	0.490073	0.505352	0.455827	0.692670
0.486445	0.503398	0.501104	0.504726	0.662298
0.491705	0.505480	0.491806	0.506360	0.661853
0.466381	0.511400	0.501510	0.497621	0.696295
0.491278	0.285504	0.672030	0.485123	0.514950
0.532163	0.314318	0.708562	0.506201	0.488047
0.515403	0.294221	0.733213	0.511990	0.510580
0.492171	0.355228	0.664543	0.489041	0.505408
0.494315	0.339791	0.656667	0.514824	0.512656
0.527209	0.325993	0.652699	0.509067	0.497488
0.520093	0.024724	0.022900	0.492011	0.018285
0.494846	0.012456	0.027803	0.461175	0.007715
0.492501	0.296359	0.011179	0.507769	0.025870
0.473738	0.369222	0.015504	0.545476	0.002436
0.500747	0.347807	0.022225	0.489185	0.044878
0.511442	0.338137	0.044026	0.495979	0.007680
0.493113	0.338916	0.019873	0.475957	0.007331
0.523924	0.328777	0.025200	0.532007	0.002492
0.482661	0.490673	0.529238	0.493784	0.001574
0.513713	0.483030	0.511128	0.504027	0.005408
0.531534	0.489610	0.509310	0.522992	0.007137
0.482309	0.462126	0.038700	0.002387	0.006576
0.481741	0.515278	0.002924	0.012838	0.016231
0.489936	0.482119	0.016789	0.017025	0.025213
0.472482	0.498089	0.021876	0.011383	0.001407
0.507125	0.505718	0.045295	0.027507	0.009640
0.508741	0.510503	0.008697	0.014113	0.010157
