0.496562	0.502390	0.487788	0.537222	0.496919	0.019690	0.479971	0.024327
0.513560	0.489241	0.495218	0.527502	0.499819	0.036532	0.502566	0.028979
0.504169	0.498337	0.509724	0.496758	0.502783	0.000653	0.494271	0.019387
0.467345	0.468220	0.529654	0.491555	0.516894	0.009880	0.540804	0.003892
0.512683	0.502774	0.511106	0.507264	0.530217	0.014072	0.481880	0.041652
0.483217	0.511903	0.520685	0.498915	0.484283	0.008218	0.470514	0.013025
0.518902	0.477178	0.499624	0.482728	0.519441	0.009341	0.523429	0.002074
0.487786	0.485042	0.469092	0.484408	0.506502	0.027915	0.514907	0.008491
0.455596	0.462336	0.451065	0.465224	0.473715	0.014906	0.471070	0.003747
0.516244	0.505390	0.506366	0.490889	0.491971	0.031962	0.475930	0.000067
0.505832	0.523055	0.533389	0.519696	0.496999	0.010787	0.497201	0.021497
0.494973	0.022069	0.518033	0.474451	0.513209	0.012022	0.012074	0.021435
0.499624	0.017360	0.547638	0.505949	0.506765	0.010722	0.021005	0.002158
0.506562	0.007090	0.532852	0.487043	0.516815	0.017434	0.014200	0.043871
0.483075	0.012024	0.512713	0.479062	0.493136	0.016495	0.032055	0.003935
0.510650	0.032327	0.489317	0.491463	0.481236	0.031321	0.012876	0.013401
0.506978	0.019727	0.523923	0.457224	0.477077	0.002950	0.045766	0.011754
0.476797	0.024925	0.456750	0.479668	0.503534	0.055793	0.009623	0.002599
0.493844	0.006188	0.507389	0.456567	0.495727	0.009703	0.021344	0.019856
0.488880	0.009885	0.490801	0.475823	0.549254	0.005968	0.057148	0.027370
0.537476	0.009369	0.494235	0.510004	0.496448	0.001522	0.000183	0.032686
0.473789	0.010181	0.495455	0.490661	0.526215	0.003072	0.018537	0.002330
0.477569	0.664267	0.502433	0.479954	0.527959	0.504188	0.631926	0.022872
0.534657	0.650623	0.527265	0.484834	0.466488	0.530955	0.657965	0.008841
0.528238	0.696976	0.485582	0.519261	0.534548	0.467282	0.668099	0.015458
0.495800	0.633887	0.498206	0.501514	0.503999	0.494561	0.676939	0.038639
0.457278	0.678539	0.522944	0.528206	0.504093	0.535803	0.658297	0.004964
0.511323	0.660633	0.516275	0.545505	0.501454	0.502882	0.661208	0.004722
0.505723	0.689065	0.516928	0.482669	0.511344	0.506819	0.665190	0.007623
0.481935	0.654397	0.493705	0.483113	0.508752	0.434874	0.703456	0.001920
0.492032	0.664865	0.494325	0.492332	0.511399	0.511568	0.662692	0.018458
0.512974	0.680198	0.508634	0.482769	0.509282	0.498150	0.647079	0.008770
0.516536	0.669026	0.510544	0.528802	0.477590	0.517363	0.671308	0.000106
0.501521	0.515134	0.523503	0.483585	0.492896	0.023871	0.495776	0.023308
0.514671	0.519497	0.499432	0.516719	0.530886	0.026721	0.480063	0.022944
0.493807	0.491194	0.518038	0.488843	0.512335	0.017805	0.488549	0.012467
0.524345	0.491836	0.491512	0.502148	0.516385	0.007647	0.488348	0.022675
0.499406	0.495319	0.481365	0.539722	0.479720	0.011223	0.465903	0.005514
0.492058	0.505839	0.530984	0.507303	0.523153	0.003421	0.488005	0.031226
0.500687	0.490300	0.506190	0.503865	0.516824	0.001564	0.498702	0.003848
0.495295	0.445320	0.489105	0.486208	0.493690	0.007080	0.502927	0.026088
0.485913	0.498222	0.512360	0.488207	0.503211	0.007113	0.521634	0.016715
0.510047	0.482477	0.501990	0.477013	0.547950	0.018669	0.461510	0.003894
0.494262	0.528357	0.481785	0.482484	0.500925	0.006038	0.505246	0.003226
0.514006	0.692195	0.481301	0.499280	0.483159	0.657013	0.681817	0.740754
0.485596	0.634973	0.491196	0.535265	0.477711	0.663421	0.645554	0.733205
0.475024	0.661964	0.507485	0.508446	0.511884	0.698846	0.666531	0.697896
0.497429	0.668553	0.471184	0.508907	0.531988	0.705341	0.641447	0.758666
0.503318	0.682608	0.470880	0.474011	0.500619	0.686060	0.673308	0.761128
0.483906	0.682218	0.496377	0.498197	0.486252	0.674164	0.681474	0.746811
0.509147	0.683196	0.458756	0.476986	0.526318	0.615872	0.639910	0.709703
0.524820	0.677995	0.482152	0.508503	0.541994	0.654208	0.650193	0.760802
0.493351	0.713737	0.529105	0.511099	0.479619	0.645102	0.644264	0.765050
0.456126	0.649410	0.513814	0.507884	0.501197	0.672266	0.660127	0.781917
0.497214	0.646056	0.483979	0.490463	0.519319	0.693614	0.677780	0.708697
0.495246	0.320982	0.494464	0.519592	0.510150	0.489460	0.314374	0.672988
0.479624	0.361781	0.478200	0.489950	0.494773	0.515630	0.334012	0.686865
0.534544	0.337951	0.487937	0.486907	0.522933	0.502689	0.326066	0.649766
0.493471	0.374410	0.488489	0.509147	0.488627	0.484375	0.310069	0.655687
0.456747	0.315169	0.487799	0.478943	0.505853	0.515417	0.352873	0.655565
0.510855	0.295440	0.497897	0.539260	0.529430	0.561380	0.354106	0.671982
0.488465	0.330560	0.487023	0.514646	0.506398	0.498812	0.331792	0.691692
0.473314	0.355078	0.471674	0.498031	0.469084	0.493591	0.367523	0.685777
0.496538	0.337719	0.511819	0.497221	0.496299	0.496228	0.312720	0.660985
0.513973	0.309397	0.495842	0.466996	0.485926	0.510571	0.327554	0.647513
0.534621	0.364156	0.471846	0.503218	0.493449	0.485461	0.390070	0.660014
0.510630	0.654399	0.460174	0.511081	0.489495	0.488452	0.508209	0.341228
0.500174	0.654587	0.540393	0.519357	0.503989	0.526890	0.477040	0.360628
0.507925	0.691977	0.497621	0.501357	0.480835	0.512252	0.499471	0.325426
0.520055	0.672784	0.474170	0.491648	0.493705	0.489120	0.479647	0.318552
0.506302	0.659830	0.508668	0.496284	0.511432	0.489587	0.498174	0.329406
0.497801	0.680128	0.510272	0.538132	0.502814	0.511925	0.496739	0.291056
0.494043	0.716928	0.496270	0.504013	0.493166	0.477166	0.484948	0.324665
0.490010	0.628962	0.500081	0.517948	0.503475	0.511122	0.486221	0.320214
0.535791	0.681154	0.477844	0.481025	0.489023	0.474761	0.513283	0.298227
0.501960	0.665529	0.482777	0.507028	0.489821	0.491414	0.508798	0.335690
0.514951	0.655595	0.499686	0.513953	0.509001	0.461973	0.513851	0.339506
0.511232	0.673333	0.473889	0.477492	0.542092	0.510504	0.656685	0.007042
0.477257	0.663665	0.473275	0.494562	0.521486	0.498665	0.682210	0.026184
0.540726	0.684018	0.498239	0.531713	0.476415	0.487503	0.627731	0.006985
0.488665	0.676312	0.452720	0.501827	0.478179	0.508254	0.689983	0.001586
0.512170	0.642525	0.533012	0.495923	0.470796	0.526260	0.658373	0.001462
0.487892	0.665694	0.526449	0.474517	0.490268	0.528498	0.671363	0.008013
0.533024	0.702581	0.499866	0.502641	0.518023	0.489650	0.674432	0.032135
0.527113	0.665041	0.505188	0.482347	0.514427	0.466705	0.651155	0.018307
0.483722	0.663645	0.478897	0.490056	0.453099	0.514193	0.665981	0.000869
0.491566	0.632189	0.486419	0.523598	0.498154	0.472065	0.663192	0.019351
0.524092	0.677769	0.491977	0.504233	0.471726	0.504000	0.674940	0.007335
0.508508	0.000740	0.507174	0.486477	0.500027	0.001653	0.048935	0.000319
0.495084	0.021810	0.499144	0.494417	0.503104	0.000504	0.010556	0.008660
0.504595	0.019857	0.500826	0.488776	0.506919	0.000429	0.003213	0.006974
0.501008	0.019415	0.492054	0.507480	0.504419	0.021246	0.004361	0.004694
0.486801	0.021611	0.486470	0.483266	0.484613	0.019370	0.004531	0.012145
0.525981	0.020714	0.493348	0.470062	0.503606	0.014144	0.000351	0.000319
0.478500	0.013156	0.475975	0.501110	0.486292	0.012958	0.003508	0.012955
0.556522	0.017210	0.512075	0.539087	0.529131	0.009946	0.001586	0.016006
0.487506	0.031102	0.492432	0.498297	0.537961	0.014478	0.025169	0.033199
0.501362	0.013353	0.505027	0.462721	0.517523	0.034657	0.011357	0.010892
0.501771	0.029906	0.467829	0.503904	0.518576	0.018801	0.008517	0.002048
0.511695	0.006796	0.544264	0.487172	0.457944	0.017159	0.036005	0.021746
0.496437	0.022110	0.479310	0.493466	0.486958	0.010617	0.012120	0.005921
0.510119	0.014142	0.463970	0.495385	0.507219	0.005472	0.005263	0.013816
0.489209	0.016382	0.512720	0.483459	0.528644	0.004038	0.012926	0.023164
0.511128	0.014614	0.493110	0.502435	0.478184	0.003391	0.027753	0.000724
0.483547	0.004768	0.488703	0.491434	0.478185	0.004335	0.026418	0.006241
0.508806	0.009467	0.515853	0.495364	0.466008	0.018246	0.003418	0.003342
0.468006	0.018498	0.521805	0.521401	0.499656	0.005169	0.011649	0.005642
0.515157	0.013283	0.517944	0.531078	0.496986	0.022131	0.043462	0.038972
0.495643	0.022994	0.494916	0.467551	0.517997	0.027486	0.011279	0.001104
0.504924	0.001698	0.496773	0.502999	0.473854	0.022835	0.002043	0.017722
0.486815	0.338677	0.538469	0.502391	0.498017	0.493940	0.348403	0.352458
0.476886	0.313316	0.500394	0.509577	0.511206	0.501826	0.331722	0.335484
0.486561	0.347061	0.498112	0.500481	0.483580	0.499162	0.351758	0.359546
0.517261	0.369999	0.493860	0.490921	0.517774	0.526419	0.323560	0.347258
0.494585	0.340918	0.482268	0.449615	0.497763	0.486476	0.355219	0.308367
0.452480	0.348072	0.501864	0.492801	0.504129	0.533935	0.357656	0.347081
0.494435	0.326914	0.507900	0.500176	0.537929	0.514514	0.320072	0.285226
0.484775	0.323717	0.493400	0.489439	0.491986	0.482549	0.301768	0.332237
0.493483	0.349097	0.509607	0.518548	0.513434	0.521975	0.331768	0.349367
0.491602	0.334162	0.495538	0.505491	0.495365	0.506648	0.355481	0.322253
0.518877	0.353325	0.496872	0.533362	0.480444	0.501770	0.331343	0.326537
0.490888	0.350944	0.490634	0.490469	0.496130	0.475720	0.332713	0.017983
0.497350	0.332510	0.488717	0.494319	0.512014	0.499633	0.325267	0.021860
0.460850	0.348284	0.536484	0.515920	0.508012	0.463466	0.337468	0.010324
0.497850	0.338344	0.512430	0.519399	0.476097	0.461920	0.349499	0.005691
0.499566	0.351786	0.506152	0.473665	0.496431	0.504271	0.323600	0.018345
0.488796	0.298427	0.501829	0.516200	0.536771	0.478470	0.336621	0.037001
0.508618	0.310474	0.500131	0.491333	0.525058	0.524903	0.315214	0.018868
0.525917	0.357370	0.485520	0.491881	0.465650	0.512173	0.334812	0.008193
0.474911	0.343665	0.491730	0.529825	0.497547	0.511471	0.354638	0.028569
0.499697	0.318667	0.456269	0.508638	0.465183	0.541965	0.318455	0.012968
0.484931	0.368383	0.517108	0.535384	0.493159	0.505309	0.320133	0.026459
0.534248	0.661091	0.504715	0.521121	0.497691	0.498991	0.669983	0.013731
0.496406	0.668686	0.505597	0.480636	0.512543	0.485272	0.680049	0.003573
0.514987	0.666503	0.469878	0.490249	0.504852	0.501781	0.620191	0.023476
0.496939	0.655894	0.520241	0.506152	0.500048	0.501438	0.664985	0.009116
0.491960	0.670630	0.474539	0.523051	0.482170	0.511256	0.650958	0.006326
0.498028	0.655035	0.558043	0.512961	0.464320	0.500720	0.699426	0.009879
0.497347	0.652340	0.501593	0.509891	0.487670	0.515151	0.654749	0.004844
0.492399	0.668242	0.499302	0.540844	0.503460	0.525429	0.691768	0.024597
0.520874	0.656731	0.476661	0.491787	0.497848	0.495961	0.663913	0.015925
0.458387	0.666437	0.497641	0.503801	0.470453	0.490840	0.666630	0.032908
0.495571	0.667944	0.500162	0.494647	0.530183	0.486277	0.616868	0.009483
0.514935	0.009959	0.521642	0.480349	0.490090	0.000529	0.000815	0.027208
0.546062	0.004711	0.504168	0.470182	0.497395	0.027836	0.002573	0.005228
0.507467	0.027489	0.509801	0.526836	0.501003	0.016970	0.011727	0.005689
0.486275	0.017996	0.541762	0.487501	0.485095	0.009945	0.019872	0.009417
0.519799	0.000179	0.475927	0.511006	0.485244	0.011673	0.040781	0.008902
0.507099	0.024441	0.505473	0.512019	0.509315	0.016462	0.008004	0.013912
0.498182	0.016103	0.467673	0.491728	0.502629	0.013791	0.018676	0.035953
0.487783	0.021541	0.524154	0.479759	0.500167	0.018576	0.019106	0.001064
0.473930	0.009065	0.542036	0.550002	0.518472	0.035790	0.034919	0.021182
0.514607	0.011821	0.483445	0.523903	0.479866	0.001479	0.000124	0.011297
0.465930	0.016950	0.526542	0.495996	0.511420	0.021699	0.022082	0.002681
0.504497	0.673502	0.503792	0.495024	0.514586	0.487425	0.493888	0.671126
0.503108	0.683948	0.488829	0.494856	0.504462	0.460757	0.502080	0.686068
0.487156	0.665117	0.496712	0.542544	0.486407	0.478782	0.490268	0.657565
0.505834	0.673762	0.484521	0.526287	0.512154	0.475663	0.512839	0.630009
0.521050	0.672560	0.498291	0.506084	0.525804	0.520669	0.478476	0.713132
0.514250	0.668798	0.458906	0.485466	0.525602	0.494489	0.485566	0.657125
0.497579	0.680407	0.468110	0.526320	0.534774	0.465202	0.513414	0.660571
0.490754	0.666887	0.507551	0.485320	0.546471	0.472296	0.504689	0.662540
0.488770	0.675992	0.502041	0.492614	0.519751	0.490841	0.479024	0.681613
0.520820	0.687805	0.509587	0.488739	0.499131	0.496238	0.478239	0.668777
0.466788	0.670280	0.486388	0.513903	0.479621	0.543880	0.500363	0.649922
0.507606	0.520145	0.684728	0.507631	0.687445	0.019424	0.492691	0.018392
0.481121	0.508526	0.689653	0.482018	0.652884	0.021841	0.498278	0.026936
0.495792	0.486744	0.688990	0.478097	0.653029	0.025875	0.504165	0.025801
0.497366	0.507985	0.651446	0.512881	0.663911	0.008311	0.487913	0.004650
0.516951	0.489708	0.625692	0.483856	0.695936	0.016257	0.493765	0.027161
0.510223	0.512480	0.709831	0.498134	0.649422	0.016118	0.490439	0.007634
0.497036	0.527721	0.656621	0.492008	0.646229	0.004569	0.500545	0.015192
0.505000	0.479051	0.665567	0.506992	0.649354	0.004978	0.523289	0.002604
0.514638	0.482724	0.630542	0.508857	0.675514	0.042411	0.505194	0.019838
0.507926	0.507112	0.643351	0.522282	0.677027	0.024682	0.525757	0.010145
0.442773	0.493094	0.657311	0.493462	0.667195	0.017729	0.486485	0.007846
0.507190	0.477824	0.523688	0.492555	0.482099	0.024545	0.509458	0.001449
0.488684	0.489811	0.524129	0.511130	0.503703	0.009274	0.483308	0.003241
0.513872	0.508141	0.503086	0.491148	0.495845	0.026349	0.481805	0.002432
0.524036	0.546799	0.505282	0.517232	0.491606	0.021191	0.499690	0.011103
0.491248	0.524747	0.510651	0.517281	0.529535	0.028571	0.533609	0.001212
0.493834	0.487667	0.488555	0.497371	0.487806	0.010619	0.473840	0.008260
0.515249	0.495822	0.514300	0.498660	0.484336	0.014503	0.478638	0.004771
0.471769	0.473162	0.530780	0.475218	0.522265	0.055836	0.503910	0.010322
0.494979	0.481509	0.486106	0.495772	0.513958	0.000163	0.501405	0.020818
0.486013	0.493560	0.509704	0.515151	0.476581	0.010340	0.518851	0.002898
0.489269	0.494180	0.518159	0.525998	0.476830	0.018260	0.517528	0.033615
0.519317	0.452937	0.464991	0.464022	0.485067	0.004545	0.508874	0.013564
0.500061	0.522159	0.499402	0.480902	0.471739	0.060464	0.533902	0.010062
0.500642	0.528746	0.538236	0.492467	0.529646	0.042622	0.502007	0.014522
0.503453	0.521032	0.487917	0.458415	0.482866	0.012503	0.495695	0.036538
0.483963	0.522530	0.478696	0.507044	0.505491	0.001682	0.536382	0.029728
0.513301	0.510482	0.497806	0.500334	0.521287	0.000497	0.456808	0.010889
0.539290	0.494624	0.534898	0.522883	0.517585	0.003124	0.532298	0.022530
0.497844	0.478351	0.474657	0.482229	0.488715	0.000196	0.561960	0.001668
0.490293	0.530058	0.501817	0.494012	0.496150	0.004561	0.479336	0.024339
0.459888	0.500661	0.500243	0.488724	0.495043	0.002570	0.464481	0.022848
0.466036	0.481594	0.499595	0.505830	0.501521	0.040428	0.500988	0.020618
0.481525	0.011558	0.503131	0.699215	0.502384	0.031290	0.022361	0.008820
0.539555	0.006502	0.486016	0.655627	0.522085	0.025411	0.005395	0.034215
0.466340	0.047851	0.480445	0.647218	0.490902	0.003289	0.000866	0.003974
0.500170	0.016517	0.511082	0.664598	0.466801	0.025289	0.013633	0.015808
0.524395	0.003015	0.498246	0.665082	0.515007	0.013753	0.022229	0.030356
0.517359	0.006905	0.498530	0.656517	0.513062	0.001740	0.011099	0.000350
0.502893	0.039552	0.515305	0.706464	0.491782	0.019121	0.029471	0.001822
0.488575	0.010140	0.513852	0.663283	0.489440	0.000104	0.014423	0.000861
0.506159	0.014430	0.498417	0.629346	0.517323	0.017241	0.017478	0.056476
0.508807	0.023282	0.517871	0.648211	0.491223	0.033098	0.040360	0.029433
0.510916	0.010310	0.478769	0.625854	0.489777	0.001623	0.003507	0.022076
0.464119	0.310761	0.471613	0.521166	0.490216	0.704573	0.307672	0.783706
0.497494	0.315130	0.483094	0.493741	0.495372	0.664887	0.340277	0.782373
0.493488	0.311579	0.521387	0.489437	0.506829	0.668803	0.301005	0.734220
0.505958	0.337789	0.514518	0.557052	0.491589	0.675081	0.359979	0.733492
0.512576	0.317004	0.518349	0.489574	0.497699	0.652611	0.328421	0.742455
0.483941	0.321531	0.517094	0.502983	0.482064	0.678969	0.332620	0.758248
0.487918	0.351052	0.524217	0.481999	0.491894	0.666030	0.362575	0.758977
0.496571	0.314063	0.467435	0.496433	0.506412	0.668025	0.332323	0.775443
0.465346	0.336991	0.496470	0.483141	0.477910	0.661373	0.341507	0.754136
0.494495	0.347334	0.490732	0.487870	0.504011	0.632936	0.369104	0.763504
0.489187	0.325624	0.515524	0.514756	0.478293	0.675498	0.332754	0.762906
0.519726	0.018544	0.480319	0.517870	0.506419	0.028212	0.017408	0.005856
0.509729	0.028321	0.506435	0.516516	0.484929	0.002644	0.011478	0.023597
0.494083	0.024543	0.501931	0.497742	0.506073	0.006582	0.035014	0.036014
0.525575	0.019491	0.484168	0.509036	0.530018	0.011329	0.005331	0.013403
0.496410	0.006951	0.511035	0.510686	0.487325	0.001937	0.015953	0.010381
0.532891	0.003803	0.510880	0.475398	0.526776	0.026733	0.008528	0.007541
0.497727	0.052030	0.495712	0.514883	0.511979	0.015906	0.030640	0.012736
0.496132	0.003697	0.487415	0.526302	0.490486	0.000070	0.020374	0.017404
0.489412	0.004885	0.477766	0.478846	0.462402	0.009815	0.003944	0.000053
0.492102	0.013248	0.490886	0.450057	0.473662	0.018422	0.029269	0.027771
0.495590	0.004082	0.468930	0.504659	0.532592	0.004592	0.016997	0.005631
0.463158	0.003858	0.650532	0.497956	0.660721	0.010285	0.007709	0.010891
0.516678	0.001420	0.674896	0.465000	0.661993	0.039810	0.010136	0.005933
0.480816	0.006406	0.643352	0.502510	0.662121	0.024313	0.014256	0.019452
0.503799	0.033988	0.658146	0.497602	0.668447	0.009905	0.013261	0.000908
0.482347	0.022882	0.615642	0.487390	0.622946	0.003378	0.013676	0.006084
0.499336	0.030671	0.680424	0.526276	0.665011	0.026045	0.038685	0.002895
0.472179	0.007465	0.678471	0.472211	0.675356	0.015260	0.008323	0.007201
0.483480	0.006947	0.695257	0.478385	0.665340	0.016971	0.027655	0.003797
0.490973	0.000593	0.673088	0.450815	0.678858	0.010340	0.021815	0.010567
0.492034	0.030760	0.668792	0.510398	0.684828	0.009773	0.009345	0.006923
0.504201	0.017825	0.676090	0.470003	0.695569	0.012089	0.004721	0.000324
0.468290	0.019251	0.474228	0.489722	0.534088	0.030284	0.017070	0.014861
0.499413	0.012731	0.495096	0.509450	0.477703	0.010694	0.006025	0.008730
0.530137	0.005245	0.508141	0.514129	0.514293	0.048794	0.003880	0.008685
0.455332	0.014933	0.511591	0.459055	0.538924	0.026950	0.009481	0.002197
0.502456	0.018807	0.500645	0.474305	0.512908	0.023130	0.016998	0.021791
0.484985	0.023361	0.497265	0.534949	0.523200	0.014141	0.004058	0.016789
0.528986	0.025985	0.528081	0.538797	0.494602	0.029969	0.008680	0.014234
0.494883	0.013217	0.478301	0.533333	0.491591	0.012562	0.007331	0.000072
0.508539	0.016817	0.494295	0.525714	0.499810	0.030292	0.017336	0.002327
0.486569	0.004695	0.487902	0.527080	0.450455	0.006617	0.035350	0.004702
0.539731	0.016543	0.509870	0.506446	0.497644	0.023111	0.012291	0.009285
0.486180	0.508125	0.696234	0.493286	0.649868	0.513821	0.518496	0.507911
0.499369	0.517935	0.664046	0.477015	0.690191	0.545754	0.452870	0.525948
0.513238	0.516423	0.650739	0.498363	0.677412	0.553306	0.515447	0.505945
0.481799	0.470568	0.676304	0.500524	0.685420	0.498111	0.500741	0.475329
0.491408	0.456168	0.681753	0.465879	0.684388	0.525518	0.495929	0.514795
0.533251	0.493755	0.675411	0.472950	0.657491	0.501629	0.504366	0.521909
0.539700	0.527152	0.671876	0.485655	0.657930	0.456519	0.496528	0.462361
0.488390	0.506367	0.639244	0.533064	0.649267	0.486181	0.502371	0.525129
0.521020	0.487654	0.664744	0.507015	0.671187	0.510508	0.505758	0.508049
0.472349	0.485566	0.672293	0.514710	0.659153	0.483838	0.491091	0.473554
0.505896	0.538883	0.660818	0.501084	0.659579	0.511463	0.511526	0.515294
0.490618	0.477469	0.499347	0.475264	0.493711	0.001446	0.505207	0.018062
0.519153	0.502320	0.494079	0.501388	0.482401	0.007664	0.510253	0.003287
0.484209	0.493344	0.481900	0.505811	0.468411	0.005354	0.512303	0.006748
0.533783	0.482276	0.526630	0.531826	0.484107	0.000738	0.526115	0.016747
0.500296	0.526036	0.492610	0.506384	0.513242	0.041078	0.483190	0.029384
0.499129	0.478492	0.520042	0.473890	0.510052	0.017073	0.495212	0.001029
0.506985	0.484794	0.493511	0.496984	0.476015	0.005019	0.504286	0.032280
0.469719	0.496961	0.486078	0.463529	0.538807	0.009560	0.499531	0.001683
0.500658	0.491407	0.485835	0.498788	0.508875	0.013755	0.478675	0.008356
0.514488	0.500754	0.534033	0.483023	0.503327	0.005425	0.493709	0.044750
0.521022	0.509956	0.460661	0.490611	0.474318	0.019125	0.493383	0.007714
0.477059	0.510735	0.547070	0.490480	0.521920	0.490972	0.518077	0.524394
0.458835	0.513193	0.552938	0.498029	0.478791	0.526663	0.463363	0.498148
0.515175	0.520363	0.481610	0.505314	0.458462	0.496152	0.488697	0.504068
0.479175	0.518968	0.517248	0.503614	0.513028	0.521752	0.491090	0.539956
0.483085	0.480378	0.508130	0.494236	0.492156	0.482561	0.514880	0.501127
0.518481	0.526873	0.498871	0.455945	0.499018	0.495365	0.480030	0.498141
0.504925	0.483120	0.505881	0.494602	0.535064	0.485043	0.512795	0.507421
0.509611	0.482845	0.516579	0.523381	0.463073	0.511120	0.471375	0.465339
0.513751	0.515550	0.488075	0.473662	0.527137	0.490317	0.481909	0.514185
0.489685	0.513264	0.501395	0.498752	0.523269	0.548551	0.474150	0.502143
0.487803	0.515114	0.501127	0.505008	0.477817	0.503036	0.479031	0.478158
0.515092	0.669848	0.552628	0.473390	0.534143	0.509833	0.625610	0.510187
0.526407	0.699600	0.497844	0.523512	0.527350	0.468585	0.675327	0.462628
0.487573	0.643473	0.487174	0.511490	0.499651	0.519309	0.662743	0.507837
0.536759	0.636314	0.520450	0.480456	0.502181	0.551798	0.655568	0.483777
0.511112	0.679723	0.514166	0.499342	0.517958	0.491994	0.724886	0.482014
0.523141	0.646571	0.540387	0.503247	0.488443	0.512999	0.644456	0.476804
0.509217	0.662762	0.515273	0.465567	0.484110	0.504418	0.612477	0.481316
0.495236	0.648297	0.486448	0.503720	0.467264	0.489099	0.662651	0.484048
0.477780	0.657613	0.477687	0.504932	0.485671	0.486927	0.637159	0.505694
0.466293	0.625289	0.532515	0.506889	0.498793	0.504182	0.653666	0.493962
0.496849	0.661183	0.541180	0.504960	0.459057	0.512031	0.671100	0.506943
0.469789	0.307853	0.483462	0.479376	0.483999	0.477977	0.335281	0.523716
0.485036	0.301524	0.519240	0.509293	0.506405	0.513990	0.294892	0.471093
0.510829	0.333107	0.498896	0.503726	0.486960	0.471171	0.340991	0.462957
0.506009	0.322321	0.503113	0.535619	0.499589	0.511766	0.329113	0.490181
0.465916	0.293881	0.515633	0.491101	0.514232	0.519518	0.344074	0.489634
0.508609	0.334090	0.488623	0.473291	0.477128	0.496088	0.293589	0.514064
0.485953	0.353006	0.502451	0.471333	0.520264	0.505695	0.323750	0.502750
0.511919	0.340961	0.477084	0.501000	0.469183	0.521885	0.335053	0.501367
0.526324	0.351810	0.525816	0.498736	0.490655	0.521816	0.348907	0.527849
0.458520	0.343876	0.497206	0.494548	0.507117	0.493744	0.353640	0.509862
0.486455	0.348847	0.512728	0.500630	0.541243	0.508409	0.308092	0.493281
0.509186	0.322722	0.510719	0.518133	0.520746	0.456253	0.480625	0.512882
0.483746	0.328020	0.462009	0.525220	0.498812	0.493249	0.509513	0.508359
0.469200	0.328701	0.525347	0.490310	0.492116	0.462498	0.496969	0.493186
0.507275	0.312860	0.493021	0.512122	0.521221	0.494897	0.479332	0.516253
0.486344	0.335429	0.508714	0.509154	0.469347	0.498815	0.525069	0.505573
0.495376	0.325612	0.452420	0.475798	0.488455	0.501347	0.490956	0.517624
0.493808	0.367044	0.506950	0.497705	0.479466	0.500843	0.496423	0.530052
0.490322	0.343065	0.498190	0.495660	0.503769	0.469444	0.504208	0.470033
0.463270	0.316871	0.477783	0.498789	0.504664	0.487246	0.488401	0.503537
0.550277	0.339795	0.521236	0.516791	0.484234	0.485699	0.495821	0.461027
0.497168	0.318427	0.497412	0.479587	0.503665	0.493386	0.460829	0.511479
0.483170	0.010244	0.493523	0.516949	0.540356	0.008926	0.031233	0.023409
0.514001	0.012819	0.479221	0.460645	0.518468	0.002123	0.001293	0.014337
0.505743	0.001197	0.497459	0.459560	0.519163	0.042312	0.016233	0.009698
0.507937	0.004781	0.500396	0.507580	0.520336	0.000949	0.003134	0.015703
0.507530	0.015059	0.489350	0.499074	0.497618	0.023354	0.003750	0.008680
0.504136	0.002374	0.499952	0.507448	0.511546	0.012801	0.014015	0.006788
0.520219	0.036939	0.537094	0.515633	0.509664	0.011998	0.009905	0.001918
0.506623	0.013904	0.513673	0.475170	0.480116	0.002972	0.012683	0.011742
0.473092	0.014575	0.517539	0.452267	0.525695	0.030670	0.002226	0.002479
0.493291	0.011931	0.468298	0.490034	0.515075	0.008615	0.029179	0.025363
0.499952	0.006848	0.486322	0.505392	0.451983	0.014776	0.013737	0.000538
0.513654	0.335849	0.471586	0.495711	0.503145	0.500928	0.331305	0.492963
0.493981	0.326294	0.487973	0.508939	0.506703	0.474219	0.327873	0.521204
0.529581	0.286077	0.513520	0.506885	0.535446	0.508069	0.357020	0.509703
0.446206	0.322965	0.482789	0.524742	0.507936	0.526580	0.359076	0.498581
0.486624	0.315636	0.480969	0.494359	0.494506	0.511713	0.313894	0.505453
0.489924	0.292412	0.484847	0.504040	0.521012	0.493654	0.338316	0.501705
0.504858	0.279963	0.501801	0.526290	0.496053	0.484971	0.326461	0.489673
0.493993	0.331029	0.519985	0.519198	0.532506	0.501341	0.355332	0.529037
0.511750	0.302009	0.503528	0.522790	0.501663	0.512649	0.311426	0.502022
0.515766	0.320322	0.489403	0.569187	0.494276	0.533919	0.351460	0.492460
0.507827	0.334722	0.491852	0.493848	0.495649	0.515808	0.369030	0.485065
0.556873	0.008420	0.480707	0.502614	0.538298	0.044832	0.014983	0.000916
0.532561	0.006660	0.510047	0.515670	0.497735	0.022383	0.018133	0.025850
0.509887	0.012286	0.499158	0.467272	0.509244	0.029208	0.025636	0.010172
0.525504	0.002946	0.518767	0.488770	0.519546	0.033796	0.006628	0.014498
0.503083	0.006278	0.477098	0.476232	0.477233	0.016658	0.008105	0.012005
0.497312	0.033143	0.508681	0.516515	0.506901	0.021275	0.000110	0.002112
0.484824	0.008238	0.471293	0.501790	0.451831	0.012944	0.016076	0.003462
0.526505	0.025414	0.482410	0.501004	0.507790	0.025871	0.054477	0.006178
0.477519	0.006431	0.500693	0.485993	0.485566	0.014450	0.029349	0.001860
0.494373	0.017115	0.490468	0.502196	0.506560	0.019799	0.021776	0.009712
0.500828	0.015044	0.527480	0.500354	0.476375	0.002759	0.007235	0.009124
0.484277	0.042184	0.488705	0.491676	0.494072	0.017750	0.010123	0.034674
0.512696	0.017290	0.487115	0.502046	0.493547	0.009338	0.012862	0.017371
0.486198	0.001207	0.514448	0.526512	0.480229	0.016916	0.009476	0.016477
0.506238	0.015495	0.495267	0.462542	0.486347	0.023351	0.035846	0.021599
0.502418	0.013919	0.505304	0.489070	0.499427	0.014442	0.020562	0.010943
0.493547	0.012629	0.462159	0.485986	0.521513	0.010355	0.000809	0.026165
0.474161	0.005049	0.513624	0.548785	0.510669	0.014545	0.011038	0.012420
0.508624	0.014957	0.483831	0.486923	0.514592	0.019095	0.011243	0.018146
0.503386	0.015688	0.513491	0.505632	0.495733	0.002838	0.008371	0.001209
0.523697	0.015253	0.498316	0.454417	0.500956	0.003550	0.003218	0.015301
0.538921	0.009530	0.527281	0.535752	0.498510	0.003696	0.015673	0.002154
0.556218	0.485740	0.502958	0.529202	0.488091	0.481489	0.518068	0.639466
0.501198	0.528988	0.481842	0.480844	0.461842	0.510242	0.506094	0.670524
0.506154	0.493310	0.527556	0.512222	0.499112	0.488861	0.519925	0.687573
0.486799	0.535433	0.502349	0.495071	0.473369	0.503675	0.479603	0.703162
0.501496	0.481194	0.510729	0.489241	0.467498	0.473101	0.518607	0.691270
0.471303	0.461656	0.499081	0.479211	0.510663	0.547666	0.482682	0.688645
0.500220	0.485011	0.521582	0.493676	0.492129	0.514154	0.513683	0.663272
0.510250	0.512613	0.475987	0.533585	0.492769	0.532346	0.482729	0.648496
0.527317	0.498787	0.478725	0.548510	0.523450	0.534638	0.495009	0.651301
0.494104	0.492421	0.532942	0.487700	0.510879	0.492503	0.502107	0.680476
0.508603	0.481631	0.517177	0.504625	0.495207	0.515642	0.485121	0.709258
0.498758	0.007415	0.489920	0.512975	0.513922	0.018001	0.039523	0.016885
0.483593	0.016673	0.468130	0.537212	0.504886	0.004853	0.012316	0.006589
0.489285	0.021947	0.519988	0.505817	0.477029	0.011328	0.025067	0.009012
0.484876	0.004964	0.512132	0.469717	0.491772	0.003253	0.006224	0.022653
0.514430	0.024647	0.503777	0.496406	0.516569	0.051654	0.013090	0.012030
0.489546	0.021289	0.495733	0.531578	0.488081	0.032121	0.032597	0.000778
0.550282	0.004492	0.520033	0.503949	0.494477	0.000103	0.009258	0.027964
0.500691	0.004904	0.497024	0.490756	0.463375	0.017822	0.010058	0.020547
0.513582	0.005244	0.486500	0.512717	0.509387	0.003479	0.009957	0.033836
0.487396	0.004311	0.509185	0.509269	0.493642	0.001888	0.011305	0.012747
0.471748	0.030219	0.498831	0.524993	0.491495	0.013579	0.014684	0.007323
0.507322	0.010961	0.480253	0.477182	0.467126	0.019985	0.006034	0.017386
0.501529	0.047172	0.496470	0.474284	0.491150	0.028636	0.017552	0.017453
0.473236	0.008191	0.491484	0.553351	0.491035	0.008976	0.008662	0.053293
0.506895	0.007387	0.494602	0.475844	0.505513	0.003273	0.022116	0.006823
0.516135	0.043286	0.507147	0.482861	0.539644	0.011485	0.026683	0.005135
0.501554	0.003202	0.483503	0.503774	0.528783	0.017853	0.016098	0.014755
0.501571	0.001684	0.511667	0.481203	0.515692	0.031694	0.017998	0.016981
0.500354	0.023578	0.486816	0.507899	0.499112	0.004788	0.009277	0.025004
0.496921	0.012807	0.514067	0.510233	0.536302	0.040073	0.009428	0.006788
0.497188	0.013831	0.475399	0.505224	0.483959	0.012214	0.022089	0.018651
0.486758	0.032650	0.467160	0.461903	0.509362	0.029375	0.034051	0.001516
0.472282	0.498447	0.511637	0.506719	0.480350	0.005227	0.503483	0.013492
0.498094	0.504626	0.465543	0.514288	0.496092	0.008251	0.479355	0.026373
0.485249	0.472871	0.497108	0.501441	0.489102	0.012206	0.501276	0.024927
0.533846	0.529954	0.507868	0.512569	0.515757	0.011568	0.464158	0.007057
0.518377	0.496050	0.484376	0.528262	0.546218	0.004312	0.505912	0.032269
0.468449	0.505340	0.493180	0.502763	0.492478	0.020158	0.481059	0.014406
0.497162	0.492944	0.477274	0.479344	0.484319	0.025295	0.514154	0.002612
0.441218	0.502711	0.504613	0.519558	0.513384	0.007635	0.515332	0.030478
0.508081	0.470855	0.515713	0.503701	0.517614	0.010430	0.541661	0.005101
0.514916	0.509368	0.477636	0.512286	0.524391	0.002959	0.468423	0.024284
0.511126	0.531062	0.512915	0.506951	0.518921	0.011709	0.498432	0.014909
0.494651	0.340838	0.527400	0.516723	0.519670	0.292069	0.373428	0.518014
0.482274	0.328529	0.515624	0.522562	0.496750	0.342318	0.304891	0.501793
0.489371	0.333561	0.502621	0.500814	0.502634	0.283417	0.304417	0.510362
0.488697	0.330638	0.506755	0.513738	0.540849	0.316216	0.312152	0.508058
0.518202	0.373063	0.472881	0.488635	0.484429	0.342300	0.327252	0.528278
0.511782	0.313522	0.483716	0.510492	0.458622	0.306119	0.348945	0.456930
0.491859	0.343494	0.490683	0.506098	0.473099	0.361956	0.340998	0.478653
0.482562	0.347271	0.504489	0.519503	0.485430	0.354987	0.337975	0.475762
0.534234	0.312906	0.496877	0.532754	0.501734	0.332433	0.321720	0.525875
0.497878	0.308014	0.501795	0.501078	0.490688	0.329282	0.325499	0.503163
0.500677	0.323449	0.503418	0.489316	0.492071	0.369585	0.337517	0.499275
0.489072	0.673960	0.507174	0.511010	0.687958	0.512051	0.667230	0.539605
0.520541	0.633620	0.503475	0.483579	0.668347	0.506522	0.660425	0.484527
0.498365	0.659798	0.531868	0.509251	0.683247	0.504326	0.631585	0.484786
0.520017	0.653881	0.510098	0.499805	0.671297	0.491232	0.677753	0.492216
0.517475	0.674987	0.512096	0.523009	0.631193	0.512595	0.647394	0.485890
0.509104	0.693992	0.537561	0.486547	0.664217	0.510729	0.667788	0.524974
0.492908	0.694295	0.486490	0.506611	0.666513	0.495880	0.637659	0.470205
0.507712	0.692098	0.520535	0.452823	0.702599	0.524826	0.642260	0.473724
0.500816	0.653215	0.500212	0.526152	0.662853	0.530307	0.664559	0.483641
0.508608	0.655476	0.479639	0.494544	0.667615	0.500827	0.670588	0.529593
0.485880	0.603319	0.507981	0.481702	0.666322	0.502450	0.661943	0.483139
0.519769	0.675880	0.468097	0.495358	0.514650	0.501066	0.683447	0.016956
0.525040	0.670024	0.544895	0.493498	0.514180	0.480893	0.663973	0.047718
0.524609	0.688790	0.529021	0.506003	0.499231	0.477094	0.684028	0.010656
0.517820	0.648679	0.479651	0.516861	0.501846	0.505217	0.657025	0.016865
0.491542	0.646109	0.484031	0.501257	0.485168	0.511592	0.642589	0.001892
0.486045	0.641626	0.516673	0.473544	0.480123	0.485155	0.669508	0.016804
0.487244	0.688758	0.489405	0.562667	0.547960	0.493048	0.652471	0.005019
0.474812	0.660855	0.532518	0.522463	0.533827	0.503041	0.658110	0.028870
0.512443	0.687603	0.501140	0.524185	0.488964	0.488777	0.676947	0.012097
0.514895	0.660962	0.505019	0.524420	0.509980	0.496513	0.664417	0.030518
0.538027	0.672766	0.519760	0.492407	0.507087	0.471598	0.633340	0.039308
0.490820	0.503921	0.478035	0.505194	0.513709	0.018514	0.524184	0.013766
0.511525	0.504392	0.520863	0.497480	0.527031	0.002460	0.499509	0.032334
0.462153	0.494357	0.515992	0.497508	0.500855	0.017459	0.496620	0.007071
0.506071	0.499937	0.478921	0.484496	0.504042	0.014900	0.528258	0.018962
0.460576	0.527461	0.464260	0.486633	0.515100	0.003337	0.502113	0.043636
0.506893	0.505690	0.509740	0.486342	0.485917	0.003362	0.485967	0.010462
0.523101	0.560735	0.524535	0.478941	0.526376	0.024833	0.467290	0.008388
0.500680	0.495720	0.513749	0.485522	0.479143	0.008878	0.490671	0.010602
0.457114	0.490404	0.482289	0.535156	0.521147	0.020426	0.503855	0.007257
0.483959	0.531236	0.465505	0.479792	0.521351	0.009311	0.475042	0.009363
0.495444	0.485599	0.478401	0.512181	0.462730	0.009541	0.507155	0.029737
0.508698	0.544975	0.488812	0.503615	0.471962	0.000234	0.478060	0.002082
0.488879	0.486522	0.477027	0.526608	0.480290	0.018275	0.510924	0.013192
0.520529	0.509810	0.507040	0.485347	0.526794	0.019328	0.504004	0.010449
0.519706	0.491714	0.505433	0.487319	0.510985	0.024723	0.523757	0.002539
0.489860	0.506354	0.474784	0.510058	0.510477	0.025673	0.494331	0.031975
0.506023	0.489517	0.501376	0.510362	0.506923	0.015549	0.480429	0.006612
0.491983	0.524747	0.492292	0.500305	0.479509	0.008453	0.520985	0.011877
0.515697	0.496493	0.495916	0.513590	0.498636	0.014493	0.499662	0.003212
0.493877	0.522491	0.500524	0.523078	0.466517	0.020131	0.518504	0.029358
0.507402	0.482950	0.495895	0.508663	0.508362	0.017733	0.502621	0.010809
0.484447	0.494869	0.541602	0.475121	0.494991	0.014519	0.476108	0.016394
0.516630	0.653619	0.501387	0.508627	0.527138	0.677368	0.645243	0.738046
0.498351	0.676736	0.504686	0.487793	0.484261	0.684756	0.665217	0.781573
0.499720	0.643661	0.510613	0.503699	0.495943	0.665722	0.680978	0.765385
0.485503	0.667832	0.453899	0.510361	0.504292	0.662210	0.645785	0.742016
0.480755	0.683657	0.480465	0.495288	0.502594	0.651527	0.657016	0.744288
0.500219	0.681448	0.497546	0.486320	0.510647	0.665239	0.659267	0.762326
0.503282	0.650613	0.480230	0.472371	0.491170	0.687427	0.606805	0.727989
0.492550	0.681016	0.483439	0.481792	0.490326	0.704078	0.692400	0.744695
0.509318	0.673477	0.488116	0.490907	0.481991	0.641080	0.640381	0.765379
0.501333	0.667291	0.464648	0.481995	0.513443	0.658675	0.660110	0.726796
0.492968	0.635913	0.492071	0.497882	0.530662	0.630796	0.668748	0.760197
0.515912	0.334763	0.513083	0.465391	0.502228	0.483381	0.342175	0.310095
0.494590	0.326593	0.483210	0.470918	0.487457	0.506022	0.339103	0.287529
0.488233	0.351120	0.474223	0.497637	0.498335	0.487380	0.343593	0.317371
0.484634	0.380893	0.503757	0.484415	0.459560	0.491717	0.308926	0.330469
0.476915	0.310765	0.512369	0.500439	0.487985	0.504422	0.349704	0.299107
0.467171	0.344996	0.522349	0.467022	0.517075	0.501630	0.350397	0.326001
0.503611	0.386121	0.463244	0.491958	0.479744	0.486092	0.338952	0.315666
0.524821	0.349833	0.491539	0.476058	0.490780	0.517504	0.343941	0.341026
0.550982	0.302416	0.486248	0.507834	0.463647	0.539875	0.344952	0.336933
0.461869	0.319390	0.477043	0.505130	0.531981	0.482466	0.341902	0.344749
0.531287	0.319476	0.541619	0.496984	0.548305	0.534925	0.327658	0.353265
0.482966	0.325482	0.489704	0.530594	0.486491	0.473686	0.322872	0.334151
0.479767	0.324969	0.494283	0.515966	0.501334	0.531368	0.339994	0.342599
0.466956	0.339848	0.505548	0.492418	0.493122	0.475433	0.306779	0.321587
0.497142	0.334138	0.521393	0.495048	0.490756	0.527461	0.311902	0.317377
0.503692	0.389593	0.484068	0.503296	0.479260	0.482719	0.346914	0.314058
0.482151	0.290902	0.483202	0.487646	0.499378	0.454414	0.346069	0.337009
0.471057	0.287532	0.514892	0.484298	0.499155	0.511341	0.314502	0.371216
0.471242	0.303850	0.504711	0.508758	0.497613	0.483093	0.320549	0.334913
0.481196	0.369593	0.494809	0.498630	0.506666	0.508365	0.349529	0.356934
0.512539	0.339962	0.497950	0.517140	0.496531	0.513500	0.322988	0.313746
0.506783	0.354566	0.482288	0.538558	0.511265	0.480488	0.328269	0.336851
0.506060	0.342144	0.498480	0.488154	0.494372	0.485986	0.323645	0.322400
0.480161	0.295799	0.508039	0.525160	0.511167	0.511736	0.394710	0.317003
0.497463	0.311695	0.501141	0.501664	0.520740	0.513666	0.341009	0.336368
0.445779	0.341215	0.485808	0.468823	0.520009	0.479094	0.328505	0.328999
0.512392	0.328048	0.503952	0.477929	0.531623	0.516720	0.331508	0.331605
