0.482984	0.473030	0.484225	0.489407	0.476383	0.497228
0.471361	0.464704	0.484336	0.493764	0.478825	0.479080
0.484916	0.488271	0.492938	0.488408	0.451501	0.479462
0.484468	0.476920	0.485314	0.485237	0.498887	0.466027
0.490505	0.478678	0.490186	0.473164	0.496608	0.486091
0.474928	0.474140	0.486091	0.449264	0.487381	0.497783
0.450627	0.492392	0.483241	0.497746	0.496853	0.496440
0.487240	0.485991	0.476494	0.488290	0.498538	0.494865
0.472617	0.498235	0.494286	0.498974	0.484388	0.461373
0.495870	0.483694	0.475973	0.480200	0.486980	0.493923
0.479713	0.490719	0.490435	0.484530	0.498636	0.491610
0.486474	0.482050	0.486595	0.469056	0.487865	0.492408
0.457972	0.491988	0.493951	0.493175	0.480755	0.493698
0.481487	0.475795	0.497645	0.489824	0.483505	0.492977
0.488010	0.488472	0.488293	0.479916	0.495070	0.496471
0.481074	0.496728	0.479143	0.498300	0.478835	0.487679
0.485997	0.470185	0.499820	0.498306	0.487854	0.499352
0.493257	0.484183	0.499523	0.492209	0.487787	0.447510
0.473162	0.477105	0.490562	0.499191	0.482241	0.493084
0.495961	0.491182	0.485360	0.467598	0.498082	0.485764
0.484919	0.483126	0.481862	0.487678	0.463573	0.495545
0.488917	0.497333	0.485588	0.485352	0.447957	0.471840
0.451694	0.364370	0.344586	0.479621	0.267348	0.334753
0.488594	0.293216	0.342680	0.494037	0.230951	0.306758
0.481083	0.338333	0.342588	0.496423	0.260297	0.343179
0.479563	0.333837	0.324393	0.489702	0.237855	0.369572
0.487665	0.295308	0.328959	0.463522	0.237775	0.336222
0.486013	0.348481	0.310395	0.482712	0.256809	0.357861
0.487786	0.334037	0.306522	0.467131	0.264247	0.318618
0.474048	0.355796	0.358190	0.445931	0.264969	0.340181
0.490227	0.333687	0.331091	0.497911	0.245642	0.313894
0.484990	0.316624	0.313822	0.494122	0.255811	0.338872
0.489805	0.384302	0.338584	0.494920	0.281769	0.315697
0.489694	0.331292	0.336849	0.499880	0.244527	0.330237
0.488744	0.356054	0.352158	0.498994	0.199786	0.340637
0.482039	0.350633	0.315551	0.488773	0.232435	0.314798
0.490002	0.328029	0.317775	0.481020	0.286044	0.367763
0.490989	0.303802	0.323486	0.491897	0.251201	0.347821
0.481800	0.344567	0.345568	0.467162	0.240551	0.358177
0.462543	0.336019	0.360940	0.484288	0.259804	0.322796
0.492518	0.319540	0.330449	0.475422	0.274661	0.330746
0.499553	0.305646	0.349861	0.477302	0.279203	0.347782
0.476232	0.369890	0.349714	0.479092	0.229861	0.320263
0.492922	0.342570	0.308098	0.485574	0.301190	0.339199
0.494640	0.316637	0.477496	0.027194	0.009441	0.315532
0.492719	0.330946	0.496584	0.010564	0.012208	0.291686
0.489132	0.321854	0.498761	0.004763	0.019012	0.296137
0.496914	0.353960	0.479109	0.043118	0.011389	0.330136
0.470032	0.354322	0.476292	0.007877	0.022395	0.338072
0.466592	0.339746	0.487810	0.059140	0.005412	0.349740
0.481990	0.345966	0.480716	0.029859	0.007616	0.364176
0.478312	0.332889	0.495614	0.000753	0.003319	0.293914
0.481990	0.360698	0.479649	0.029534	0.001353	0.312466
0.479083	0.344736	0.496418	0.003532	0.024430	0.319849
0.492000	0.320739	0.475088	0.011619	0.011707	0.383376
0.476943	0.309464	0.497437	0.000215	0.037512	0.345946
0.479028	0.304156	0.486885	0.010760	0.008585	0.317503
0.479302	0.348357	0.490782	0.035712	0.001842	0.332196
0.487555	0.326546	0.455151	0.019341	0.002871	0.329347
0.482502	0.354383	0.486326	0.001277	0.022751	0.319007
0.495786	0.495142	0.468336	0.466860	0.014613	0.494648
0.467975	0.477774	0.487344	0.499153	0.018372	0.486712
0.492853	0.495721	0.480919	0.487459	0.003645	0.475841
0.482500	0.462956	0.486735	0.483446	0.031550	0.483754
0.464645	0.485189	0.499786	0.488526	0.007497	0.493423
0.498161	0.483552	0.450330	0.498547	0.032319	0.448828
0.472544	0.481581	0.499393	0.490938	0.017712	0.456337
0.472236	0.488768	0.490145	0.494319	0.003187	0.494502
0.498788	0.486825	0.499714	0.499305	0.000735	0.488466
0.488557	0.491682	0.491764	0.492916	0.025382	0.492016
0.483232	0.497845	0.485373	0.475370	0.008896	0.476163
0.479536	0.471424	0.473820	0.489855	0.008457	0.481759
0.480036	0.468732	0.484982	0.495080	0.003119	0.492832
0.499664	0.495255	0.479995	0.494390	0.006089	0.458820
0.488204	0.489772	0.498071	0.474872	0.005243	0.486207
0.471554	0.482140	0.494729	0.481175	0.014355	0.492942
0.490071	0.488476	0.456430	0.498374	0.007306	0.489704
0.484488	0.499282	0.487477	0.499175	0.029297	0.498054
0.498182	0.490318	0.478026	0.490426	0.011016	0.490925
0.486750	0.494330	0.489736	0.495937	0.031062	0.482961
0.476069	0.492253	0.477254	0.452417	0.004994	0.492364
0.493184	0.477686	0.488822	0.476045	0.002187	0.488179
0.469071	0.497862	0.460934	0.485979	0.029906	0.469207
0.453109	0.477563	0.482611	0.496607	0.040665	0.491170
0.493357	0.486685	0.478900	0.479472	0.009220	0.447876
0.450878	0.498418	0.495203	0.486750	0.015935	0.488686
0.478893	0.484848	0.018270	0.000020	0.025256	0.498371
0.494478	0.491407	0.010713	0.013610	0.001086	0.480428
0.488310	0.490297	0.003774	0.049568	0.004897	0.465278
0.491585	0.496399	0.007256	0.005145	0.008627	0.480067
0.475367	0.482266	0.013595	0.010367	0.023255	0.490816
0.494722	0.479934	0.009702	0.009503	0.013745	0.493175
0.489868	0.487207	0.021822	0.005543	0.023199	0.496000
0.498702	0.498647	0.016450	0.006056	0.011961	0.487191
0.485938	0.492268	0.009942	0.041519	0.026073	0.499163
0.462646	0.483059	0.009991	0.005286	0.007708	0.462403
0.474884	0.481289	0.025556	0.022643	0.020033	0.459381
0.493394	0.492168	0.001512	0.023379	0.006234	0.457947
0.494463	0.498502	0.008097	0.009553	0.009814	0.485859
0.494433	0.492306	0.009235	0.006073	0.001141	0.481484
0.489797	0.495479	0.024095	0.039146	0.017752	0.490715
0.485176	0.489303	0.000151	0.011231	0.024518	0.485050
0.489349	0.486844	0.016572	0.493872	0.001786	0.488920
0.494541	0.492613	0.008128	0.483700	0.010821	0.484077
0.494684	0.490068	0.001604	0.466413	0.014270	0.496634
0.481122	0.487641	0.008653	0.463508	0.000023	0.476574
0.475108	0.498756	0.027453	0.497722	0.029585	0.467130
0.475792	0.471615	0.009893	0.477581	0.028454	0.448822
0.495147	0.483118	0.023546	0.461966	0.024950	0.482150
0.493605	0.491705	0.031445	0.478502	0.010147	0.460557
0.499419	0.498738	0.006956	0.473610	0.014868	0.477619
0.488977	0.488874	0.019452	0.474973	0.005710	0.459077
0.459317	0.498596	0.003092	0.489088	0.021309	0.498027
0.476102	0.483580	0.027992	0.462290	0.011829	0.489888
0.496077	0.483612	0.002996	0.481107	0.001855	0.494523
0.484944	0.489017	0.021419	0.485013	0.014028	0.495829
0.471532	0.494573	0.028808	0.492550	0.026067	0.488985
0.489158	0.498788	0.004116	0.455476	0.002252	0.499182
0.479411	0.500000	0.005478	0.496165	0.010705	0.492101
0.494771	0.490833	0.013869	0.469134	0.012884	0.485982
0.491669	0.493922	0.028587	0.485273	0.013302	0.495350
0.486261	0.022645	0.023166	0.457019	0.034424	0.005620
0.458839	0.004586	0.001667	0.488322	0.010226	0.010705
0.498960	0.014748	0.054102	0.485145	0.030612	0.004117
0.495015	0.030707	0.017413	0.482049	0.008539	0.005711
0.489191	0.001853	0.021319	0.497163	0.020287	0.023109
0.499598	0.004429	0.008169	0.489062	0.020172	0.006371
0.490701	0.000441	0.037001	0.490287	0.009430	0.032988
0.471437	0.019712	0.043333	0.488159	0.004720	0.000975
0.481189	0.000800	0.002187	0.484367	0.003783	0.007157
0.495711	0.495834	0.356043	0.475176	0.438749	0.483628
0.487964	0.481347	0.348922	0.496812	0.485945	0.442023
0.494143	0.476580	0.353116	0.493283	0.490340	0.492556
0.476316	0.483203	0.340906	0.470122	0.495829	0.479774
0.493981	0.479257	0.343025	0.494017	0.498093	0.467846
0.475248	0.492713	0.323401	0.472314	0.487289	0.490723
0.488538	0.488754	0.338161	0.496684	0.497431	0.492030
0.457182	0.494443	0.315345	0.495660	0.489509	0.481519
0.458304	0.466751	0.337885	0.486281	0.477823	0.499388
0.474103	0.496249	0.348261	0.488881	0.445107	0.491158
0.496230	0.471703	0.342325	0.476198	0.484298	0.474592
0.496089	0.471975	0.344574	0.493372	0.475214	0.466342
0.492309	0.499106	0.310282	0.484342	0.494453	0.472615
0.480382	0.483168	0.318331	0.474470	0.467640	0.498807
0.463033	0.493795	0.308362	0.498756	0.474802	0.468620
0.486340	0.493060	0.355238	0.481194	0.496295	0.499213
0.481291	0.493119	0.358987	0.493821	0.493295	0.480947
0.470813	0.482304	0.344643	0.488050	0.488576	0.468987
0.483384	0.488587	0.325547	0.467177	0.484208	0.480653
0.465121	0.483763	0.327248	0.499599	0.482729	0.489709
0.476029	0.496652	0.325151	0.490477	0.495229	0.497130
0.496585	0.488303	0.322667	0.499707	0.486687	0.494918
0.486952	0.475886	0.349273	0.498693	0.475039	0.478409
0.490253	0.484440	0.327947	0.492871	0.471360	0.453594
0.474323	0.498012	0.344958	0.013552	0.248903	0.327494
0.470167	0.487999	0.341718	0.003621	0.264588	0.355899
0.492794	0.498597	0.318547	0.012906	0.257777	0.325161
0.486133	0.496646	0.333214	0.021042	0.267334	0.335051
0.483831	0.487085	0.358148	0.010273	0.258699	0.348201
0.460827	0.483567	0.346421	0.022654	0.250400	0.295137
0.488729	0.487854	0.332734	0.001062	0.249440	0.323177
0.493556	0.484242	0.355791	0.007446	0.228553	0.341267
0.464586	0.005314	0.009087	0.009386	0.006776	0.011182
0.487216	0.002345	0.014493	0.011499	0.000549	0.009860
0.472131	0.007165	0.040425	0.019351	0.023634	0.000378
0.493047	0.019051	0.012881	0.010946	0.010226	0.006911
0.494342	0.026900	0.028903	0.020118	0.012786	0.007211
0.482610	0.004133	0.015461	0.019537	0.016592	0.016964
0.494682	0.000313	0.018274	0.029958	0.012166	0.004163
0.494317	0.014233	0.015132	0.046833	0.004933	0.001216
0.479369	0.001631	0.022652	0.005981	0.036728	0.022462
0.486881	0.012677	0.012541	0.048008	0.003137	0.007220
0.475824	0.061690	0.028830	0.004987	0.016636	0.049740
0.490404	0.030250	0.005362	0.001280	0.015177	0.005795
0.498144	0.009802	0.024316	0.010029	0.017796	0.047976
0.495862	0.012206	0.030223	0.001552	0.017366	0.017099
0.494972	0.008513	0.015376	0.027940	0.003022	0.016796
0.497607	0.014517	0.025749	0.026725	0.016107	0.040105
0.495293	0.001977	0.003221	0.034006	0.025914	0.005710
0.492315	0.007661	0.022883	0.012510	0.000346	0.011162
0.491245	0.005924	0.011627	0.029295	0.020380	0.030082
0.488405	0.016112	0.022287	0.022737	0.002740	0.009558
0.489894	0.034777	0.028301	0.039710	0.010382	0.007759
0.474388	0.020119	0.016260	0.033077	0.002977	0.029263
0.490373	0.041013	0.000427	0.001950	0.015615	0.030278
0.468001	0.482200	0.016857	0.339858	0.018203	0.494852
0.456639	0.486840	0.006548	0.349897	0.015334	0.435591
0.489200	0.465634	0.034228	0.344766	0.002204	0.476094
0.497154	0.470826	0.002461	0.334316	0.003490	0.462869
0.486620	0.492194	0.014009	0.301856	0.012715	0.498415
0.489064	0.461138	0.013625	0.323779	0.026166	0.486607
0.491425	0.486442	0.004814	0.297124	0.007680	0.479793
0.489577	0.483112	0.004301	0.331535	0.006405	0.457449
0.497492	0.480207	0.004762	0.308376	0.018357	0.489672
0.490182	0.489737	0.017480	0.351679	0.012377	0.499651
0.468262	0.489964	0.490954	0.496554	0.332306	0.482945
0.462760	0.472874	0.475324	0.487349	0.339349	0.490191
0.494573	0.480770	0.495930	0.496621	0.320064	0.498388
0.469232	0.494356	0.476355	0.463801	0.325785	0.472495
0.478030	0.497225	0.488116	0.477400	0.341698	0.486444
0.481475	0.471308	0.489163	0.493577	0.337634	0.497607
0.494832	0.482375	0.497495	0.488030	0.277893	0.460384
0.484093	0.497313	0.452298	0.486990	0.318407	0.471743
0.496645	0.490816	0.489224	0.493911	0.331992	0.497788
0.481736	0.479680	0.475288	0.488527	0.364290	0.498078
0.495056	0.491312	0.471220	0.496354	0.304572	0.484043
0.486197	0.491983	0.476160	0.491028	0.354864	0.484719
0.462712	0.476373	0.496726	0.495983	0.333575	0.490415
0.494911	0.473571	0.461109	0.474092	0.333505	0.484733
0.481465	0.499913	0.496619	0.475723	0.364975	0.495467
0.496645	0.473165	0.486954	0.494104	0.330495	0.489842
0.491150	0.497567	0.483664	0.482851	0.341205	0.483993
0.487801	0.460994	0.482036	0.485003	0.364791	0.487365
0.467285	0.476625	0.481823	0.473632	0.382544	0.495480
0.486873	0.292471	0.498486	0.020628	0.000295	0.314060
0.488215	0.321852	0.495945	0.033736	0.020605	0.345371
0.475482	0.332544	0.465362	0.045355	0.017346	0.323744
0.456922	0.310042	0.488638	0.005332	0.019986	0.331452
0.470767	0.322874	0.497215	0.004384	0.019811	0.344940
0.489763	0.379855	0.474787	0.029805	0.011633	0.324868
0.484683	0.328408	0.490968	0.000218	0.001666	0.360132
0.482236	0.371668	0.499302	0.017545	0.040923	0.352721
0.470945	0.324643	0.498629	0.007768	0.012816	0.349227
0.493727	0.329577	0.478520	0.037329	0.003480	0.361842
0.498861	0.474081	0.000492	0.008935	0.041169	0.497502
0.490531	0.478141	0.027917	0.029412	0.003965	0.488558
0.474486	0.471542	0.017425	0.045266	0.000985	0.481248
0.469516	0.492535	0.005128	0.019007	0.004297	0.494042
0.495809	0.475638	0.023127	0.038360	0.002320	0.488447
0.471885	0.480272	0.015465	0.029091	0.019786	0.488797
0.488588	0.480004	0.019989	0.000052	0.030885	0.484753
0.490867	0.483604	0.022014	0.015322	0.020929	0.495784
0.481723	0.499509	0.012588	0.006234	0.000587	0.476645
0.482013	0.465811	0.007444	0.006306	0.024666	0.459803
0.489290	0.495233	0.012184	0.008771	0.020551	0.486802
0.498389	0.475046	0.014122	0.014362	0.029180	0.475950
0.498726	0.486266	0.020708	0.017502	0.021786	0.470776
0.498230	0.472094	0.019165	0.022936	0.001535	0.495621
0.481804	0.461928	0.002693	0.019657	0.031906	0.484481
0.486294	0.496116	0.031871	0.004665	0.004927	0.491227
0.495352	0.480710	0.027565	0.034092	0.011173	0.451192
0.471018	0.319430	0.314900	0.009011	0.344957	0.296752
0.487591	0.342498	0.334205	0.008972	0.340712	0.328115
0.493795	0.346229	0.352680	0.033676	0.346618	0.359268
0.495113	0.323353	0.300366	0.023939	0.328156	0.316734
0.498642	0.304682	0.342411	0.031312	0.355584	0.280122
0.474033	0.313943	0.327443	0.000268	0.322460	0.332337
0.491544	0.324286	0.324386	0.038402	0.333593	0.309614
0.476784	0.309792	0.342894	0.023985	0.335718	0.338854
0.480338	0.330378	0.350886	0.020316	0.355920	0.330513
0.495994	0.328047	0.310238	0.019888	0.339124	0.322231
0.499841	0.331270	0.337841	0.031711	0.350764	0.327122
0.494960	0.341582	0.314370	0.000770	0.304155	0.310543
0.498818	0.301664	0.323128	0.032330	0.345131	0.333246
0.471872	0.327380	0.320832	0.027903	0.313809	0.352800
0.488956	0.335051	0.325715	0.018106	0.355875	0.329873
0.485780	0.298486	0.345365	0.006266	0.314347	0.350143
0.495012	0.339310	0.358971	0.009787	0.304811	0.333109
0.487424	0.295643	0.324109	0.008833	0.376226	0.371911
0.471193	0.361793	0.325160	0.001925	0.337254	0.367367
0.487136	0.339421	0.355207	0.032960	0.306041	0.313373
0.474767	0.353008	0.317469	0.035088	0.330420	0.332931
0.494267	0.318057	0.380799	0.017916	0.307717	0.334249
0.479085	0.322500	0.321794	0.013121	0.342622	0.305237
0.481934	0.311909	0.314400	0.002566	0.313414	0.291320
0.483490	0.336757	0.317490	0.003500	0.340537	0.323301
0.477204	0.334623	0.373931	0.008991	0.313866	0.356692
0.489639	0.364469	0.321676	0.003621	0.466345	0.350550
0.496554	0.368926	0.295956	0.014289	0.495624	0.362311
0.473613	0.330447	0.332486	0.035418	0.473787	0.351601
0.480218	0.345843	0.347083	0.010204	0.497476	0.335160
0.497224	0.335448	0.304111	0.038443	0.498677	0.343438
0.495932	0.393261	0.340203	0.016112	0.492811	0.337565
0.483445	0.339570	0.334899	0.007752	0.476871	0.318808
0.486653	0.336423	0.298561	0.014428	0.478450	0.361590
0.473512	0.012676	0.021818	0.483703	0.003938	0.033815
0.461173	0.000682	0.044821	0.462348	0.005555	0.002051
0.498854	0.007774	0.022818	0.487662	0.052272	0.030011
0.498349	0.000743	0.005230	0.495532	0.020474	0.001692
0.495812	0.030637	0.007480	0.470186	0.009651	0.009880
0.476398	0.014029	0.045802	0.488315	0.005796	0.002865
0.472898	0.034469	0.002945	0.491519	0.018708	0.023502
0.493710	0.023455	0.010028	0.486653	0.009457	0.003632
0.496149	0.006851	0.041178	0.497692	0.028582	0.009858
0.480602	0.005893	0.002429	0.493258	0.000698	0.017819
0.497510	0.000379	0.004402	0.491264	0.013304	0.009599
0.485993	0.007366	0.013720	0.483895	0.002969	0.027073
0.495081	0.028397	0.014524	0.487351	0.032916	0.026704
0.480091	0.007796	0.002947	0.480871	0.018461	0.028069
0.485720	0.038917	0.005682	0.470610	0.007150	0.006888
0.487705	0.013793	0.001809	0.483660	0.000472	0.032972
0.490263	0.007237	0.489423	0.495222	0.488836	0.008045
0.469823	0.017851	0.475434	0.496826	0.495653	0.006827
0.486321	0.007167	0.493115	0.486243	0.486734	0.002449
0.489034	0.008800	0.459190	0.493567	0.495658	0.017872
0.484207	0.009547	0.498819	0.474600	0.479343	0.003582
0.471599	0.018071	0.492803	0.492119	0.498051	0.008498
0.498035	0.009254	0.496876	0.470995	0.471783	0.021289
0.484830	0.466662	0.482213	0.006735	0.332483	0.450546
0.479199	0.497080	0.494937	0.049572	0.347984	0.486719
0.489383	0.491729	0.492661	0.037444	0.317682	0.499187
0.485683	0.495630	0.493031	0.016631	0.353336	0.482237
0.463210	0.488055	0.460298	0.004295	0.311677	0.484884
0.459542	0.493150	0.467994	0.001247	0.316597	0.473590
0.487357	0.476219	0.496612	0.024981	0.327840	0.491549
0.491876	0.468422	0.454590	0.039871	0.320532	0.488161
0.499231	0.482248	0.472623	0.022318	0.344477	0.478951
0.480627	0.487639	0.487809	0.012284	0.327597	0.498780
0.492952	0.497397	0.479547	0.032989	0.307314	0.489827
0.481084	0.486057	0.482025	0.004578	0.322424	0.429013
0.488978	0.473828	0.492663	0.014678	0.346316	0.487167
0.483528	0.479582	0.478190	0.035450	0.293113	0.464572
0.483724	0.499332	0.496225	0.003343	0.346254	0.490103
0.488667	0.479470	0.495886	0.004023	0.305027	0.467181
0.492182	0.479107	0.477545	0.003919	0.364401	0.487923
0.478566	0.317629	0.331391	0.482287	0.324821	0.341308
0.465552	0.357756	0.362340	0.495352	0.352782	0.346593
0.492545	0.320710	0.329949	0.478208	0.346871	0.345847
0.449558	0.309133	0.352105	0.468618	0.364127	0.302581
0.486983	0.361236	0.313597	0.497990	0.346221	0.345412
0.464550	0.339346	0.339121	0.495248	0.344736	0.340264
0.485366	0.306304	0.326973	0.495581	0.344746	0.342356
0.489012	0.351119	0.309573	0.472161	0.344158	0.325317
0.492241	0.288211	0.347851	0.497085	0.319593	0.325928
0.477840	0.002772	0.328937	0.475854	0.249559	0.009446
0.498661	0.023270	0.339883	0.493346	0.251992	0.015022
0.478279	0.014949	0.369329	0.497063	0.202670	0.013129
0.479529	0.002929	0.318061	0.483232	0.261627	0.001577
0.488111	0.030647	0.311453	0.487614	0.230491	0.013854
0.452412	0.010947	0.329164	0.488083	0.247328	0.011999
0.485520	0.007199	0.314822	0.496537	0.267229	0.034093
0.493128	0.031452	0.345246	0.483520	0.268347	0.039782
0.485088	0.010628	0.338694	0.485373	0.266339	0.018908
0.462122	0.019199	0.350576	0.496919	0.217797	0.033908
0.489618	0.008461	0.371223	0.465982	0.259738	0.001906
0.470165	0.004279	0.342554	0.494842	0.241562	0.004790
0.483047	0.000020	0.349791	0.498823	0.254502	0.008228
0.486703	0.007673	0.337784	0.494328	0.244393	0.004361
0.493897	0.477383	0.319561	0.021154	0.323326	0.472763
0.471865	0.475030	0.334083	0.015227	0.319028	0.471440
0.480793	0.460484	0.359569	0.009809	0.326484	0.482313
0.490972	0.492606	0.343694	0.027308	0.325607	0.479980
0.497435	0.472618	0.295394	0.023963	0.311727	0.478907
0.478762	0.499053	0.333856	0.016540	0.330178	0.473008
0.491735	0.318954	0.328025	0.497518	0.238456	0.310870
0.484520	0.335275	0.317175	0.496425	0.249510	0.331569
0.481071	0.348101	0.347669	0.491902	0.283536	0.321744
0.492179	0.339865	0.329610	0.456447	0.268482	0.323480
0.499730	0.322953	0.340272	0.475556	0.238914	0.282319
0.497111	0.310083	0.327944	0.475531	0.264524	0.339867
0.469995	0.338165	0.298263	0.448904	0.274301	0.322680
0.484689	0.345498	0.332808	0.495687	0.225917	0.326035
0.481379	0.338600	0.328091	0.487035	0.283939	0.319600
0.473415	0.353891	0.346394	0.493365	0.247551	0.335597
0.482453	0.347978	0.338541	0.490488	0.311622	0.339756
0.485218	0.346866	0.353049	0.484711	0.265821	0.317780
0.477879	0.342245	0.347205	0.497539	0.259538	0.332249
0.494246	0.319061	0.336735	0.492009	0.253477	0.317921
0.489871	0.332463	0.304633	0.499103	0.242919	0.348944
0.497540	0.338121	0.314299	0.464346	0.244400	0.376176
0.488723	0.302759	0.330298	0.496813	0.277912	0.348124
0.472613	0.347595	0.295021	0.490189	0.274162	0.331053
0.480007	0.360984	0.351511	0.471232	0.214269	0.320859
0.458126	0.332985	0.363830	0.474283	0.272010	0.316962
0.497871	0.008258	0.468887	0.479331	0.317536	0.021740
0.487100	0.019300	0.471691	0.493728	0.338103	0.009687
0.483485	0.020001	0.494606	0.466030	0.326473	0.006478
0.476938	0.029959	0.494206	0.494156	0.303988	0.003044
0.486208	0.003340	0.484888	0.496615	0.335438	0.023806
0.487440	0.002341	0.484795	0.493661	0.342043	0.009093
0.495321	0.005556	0.478561	0.482047	0.321866	0.016862
0.499476	0.019410	0.494483	0.474276	0.350149	0.027709
0.494772	0.019602	0.467087	0.485537	0.331094	0.015248
0.491127	0.018213	0.451969	0.488397	0.305452	0.006076
0.462501	0.034731	0.493033	0.477040	0.354801	0.005112
0.498418	0.019875	0.479102	0.489730	0.348538	0.019558
0.488811	0.017186	0.495790	0.497320	0.329650	0.043707
0.477692	0.018171	0.492547	0.467202	0.321368	0.006028
0.487983	0.005274	0.459965	0.487782	0.306632	0.024256
0.496456	0.014731	0.487310	0.480869	0.302407	0.004768
0.472345	0.018136	0.476778	0.479158	0.318035	0.004622
0.484562	0.022527	0.492714	0.004853	0.344138	0.020031
0.484526	0.000846	0.480431	0.038551	0.318648	0.003184
0.473411	0.004526	0.493356	0.003266	0.344237	0.028068
0.485488	0.040356	0.344863	0.489272	0.480091	0.015215
0.497257	0.005801	0.341116	0.493375	0.494016	0.013532
0.475672	0.016148	0.381001	0.486629	0.494665	0.004052
0.481059	0.008730	0.296188	0.489632	0.479122	0.016508
0.478969	0.009563	0.320275	0.465930	0.464662	0.013494
0.491317	0.008956	0.349010	0.480123	0.487127	0.013818
0.493161	0.003958	0.356854	0.489802	0.489576	0.030847
0.482248	0.033510	0.353605	0.495582	0.485768	0.004688
0.487583	0.011959	0.386753	0.483748	0.498081	0.002931
0.480719	0.006729	0.318142	0.477340	0.487358	0.039717
0.485604	0.010135	0.318973	0.484511	0.470096	0.014709
0.469563	0.022206	0.359572	0.496390	0.478476	0.023635
0.497703	0.017555	0.345501	0.497816	0.469055	0.043449
0.499085	0.007007	0.348391	0.496053	0.499472	0.000398
0.497897	0.018200	0.324197	0.498494	0.484447	0.003395
0.474497	0.006247	0.361689	0.475930	0.490091	0.009589
0.473844	0.491108	0.490854	0.021824	0.472056	0.486460
0.496529	0.484856	0.487239	0.020361	0.471634	0.485185
0.486939	0.496953	0.498653	0.004463	0.480232	0.478715
0.487200	0.494462	0.331836	0.002531	0.288312	0.497092
0.499485	0.453976	0.330627	0.010197	0.227482	0.476064
0.474801	0.487555	0.349119	0.027466	0.262262	0.469852
0.451959	0.487159	0.341252	0.013354	0.225426	0.475909
0.469067	0.477103	0.338287	0.041427	0.298440	0.478160
0.470628	0.473195	0.306172	0.009854	0.262322	0.487930
0.496435	0.472196	0.343839	0.009177	0.267042	0.481868
0.471054	0.481925	0.297040	0.005991	0.264106	0.447629
0.475073	0.495909	0.348629	0.017685	0.246155	0.482049
0.476777	0.467115	0.335432	0.015260	0.256759	0.488482
0.487822	0.488955	0.353798	0.000163	0.251454	0.490990
0.480404	0.471257	0.328935	0.013834	0.232410	0.484471
0.469757	0.488108	0.335792	0.052332	0.258700	0.497219
0.496764	0.486428	0.349255	0.022332	0.240706	0.481450
0.491671	0.492291	0.335744	0.002062	0.260651	0.488242
0.493150	0.359052	0.475200	0.498274	0.007931	0.328091
0.480911	0.361613	0.465153	0.478336	0.008099	0.321909
0.496235	0.349326	0.495274	0.498427	0.030273	0.335354
0.468473	0.319164	0.485433	0.492215	0.040298	0.327957
0.458525	0.360914	0.498026	0.494988	0.001843	0.330490
0.498887	0.315921	0.449190	0.487203	0.004066	0.309363
0.477225	0.457963	0.308617	0.498137	0.474193	0.486473
0.481663	0.481246	0.372224	0.499665	0.437038	0.495203
0.497369	0.493151	0.369332	0.478879	0.493272	0.493503
0.449083	0.474727	0.341774	0.493219	0.493860	0.482076
0.493614	0.489218	0.305817	0.476248	0.492287	0.467896
0.496106	0.485823	0.358493	0.490584	0.464164	0.495941
0.499759	0.499993	0.324051	0.467191	0.492602	0.483473
0.498668	0.490768	0.291551	0.482098	0.496045	0.482153
0.489491	0.496225	0.369166	0.494611	0.494137	0.487124
0.489753	0.004864	0.017847	0.461260	0.032890	0.009601
0.481925	0.001946	0.013425	0.475783	0.006856	0.018551
0.483297	0.050176	0.011334	0.474533	0.025264	0.000858
0.464012	0.028344	0.003541	0.444396	0.032428	0.009994
0.479240	0.463940	0.311626	0.012709	0.495967	0.477287
0.478608	0.479340	0.365174	0.019348	0.496968	0.495525
0.498428	0.492511	0.316063	0.027469	0.489884	0.490118
0.490313	0.493763	0.305184	0.019762	0.484394	0.499614
0.491365	0.481835	0.339157	0.001671	0.491795	0.486569
0.484636	0.487713	0.322301	0.013251	0.491610	0.485309
0.461525	0.469255	0.361792	0.037263	0.499521	0.481871
0.485424	0.496151	0.297317	0.006642	0.493308	0.491999
0.488119	0.476306	0.333635	0.033861	0.491952	0.468476
0.499095	0.486995	0.317317	0.001309	0.475700	0.486547
0.493483	0.031546	0.494558	0.493322	0.331548	0.009502
0.489244	0.018363	0.480489	0.484326	0.361738	0.012654
0.488669	0.002783	0.493348	0.479717	0.332597	0.038816
0.470325	0.470804	0.321842	0.002757	0.265275	0.495168
0.497068	0.489563	0.331580	0.040769	0.275848	0.490540
0.457489	0.454622	0.350453	0.030984	0.216639	0.479147
0.488545	0.489789	0.357156	0.003447	0.248262	0.494816
0.481563	0.483049	0.335307	0.004949	0.219926	0.463066
0.458505	0.498378	0.346370	0.008749	0.266669	0.489162
0.482627	0.493006	0.324300	0.010335	0.248202	0.498244
0.497237	0.498461	0.331934	0.010486	0.309891	0.476832
0.494842	0.475364	0.312990	0.010190	0.240527	0.489711
0.484406	0.482710	0.358769	0.000529	0.262030	0.498433
0.464238	0.474147	0.348939	0.003090	0.271399	0.494190
0.451700	0.335164	0.339713	0.496862	0.467916	0.359559
0.471571	0.309531	0.289371	0.486406	0.486343	0.293726
0.492058	0.348899	0.322089	0.462995	0.467548	0.338037
0.482693	0.356945	0.325943	0.481443	0.479967	0.346869
0.486077	0.328534	0.343500	0.493868	0.486918	0.334423
0.470906	0.328740	0.496521	0.483318	0.362621	0.386448
0.478641	0.337661	0.487468	0.483556	0.331249	0.316440
0.499830	0.334131	0.484308	0.499126	0.383056	0.313665
0.473095	0.334093	0.475541	0.490215	0.339848	0.377637
0.493829	0.305291	0.496290	0.470865	0.332288	0.328859
0.497927	0.324811	0.496918	0.470839	0.338523	0.369490
0.489641	0.006090	0.306937	0.485045	0.468229	0.004313
0.486824	0.017970	0.363606	0.491458	0.476303	0.007080
0.499868	0.014005	0.330619	0.483831	0.487329	0.036070
0.482389	0.023559	0.333103	0.490506	0.493115	0.007762
0.495646	0.032066	0.347941	0.487438	0.485564	0.012881
0.493900	0.366140	0.499142	0.492144	0.017624	0.285923
0.482640	0.305275	0.487277	0.488010	0.012137	0.323942
0.494349	0.325101	0.484610	0.494582	0.017082	0.359873
0.487512	0.336943	0.483077	0.491215	0.012382	0.271660
0.489039	0.358484	0.450098	0.477121	0.001553	0.334325
0.490434	0.332790	0.474308	0.486594	0.017029	0.339859
0.488393	0.489861	0.336612	0.490864	0.297634	0.492187
0.483182	0.461652	0.342009	0.491304	0.334618	0.479129
0.496563	0.315963	0.356767	0.026944	0.200381	0.342042
0.486258	0.348916	0.331583	0.018738	0.250107	0.339417
0.497345	0.361262	0.334332	0.015083	0.240989	0.355873
0.471201	0.337881	0.280172	0.015933	0.245856	0.364131
0.485211	0.363856	0.329673	0.004155	0.275460	0.332198
0.496202	0.347577	0.330960	0.010458	0.262600	0.343804
0.499353	0.037056	0.349660	0.058570	0.341064	0.031190
0.485945	0.025419	0.356384	0.018980	0.339963	0.013751
0.467020	0.044219	0.349541	0.015369	0.318452	0.023711
0.470857	0.477988	0.475510	0.017139	0.316587	0.481721
0.476791	0.490726	0.469900	0.032057	0.343927	0.494828
0.499316	0.489016	0.480632	0.005617	0.319304	0.469593
0.494889	0.493093	0.478437	0.009982	0.313691	0.463093
0.475806	0.482237	0.491601	0.012635	0.345607	0.477825
0.488998	0.487685	0.457198	0.003685	0.359271	0.486386
