0.498914	0.002282	0.676917	0.004887	0.743527	0.019424	0.035193
0.517347	0.025339	0.669776	0.043327	0.759716	0.021427	0.016377
0.526088	0.003065	0.670398	0.007330	0.712024	0.011188	0.031714
0.498551	0.005050	0.690260	0.025506	0.755022	0.042271	0.022239
0.484867	0.021332	0.661698	0.013171	0.746671	0.014063	0.017874
0.512616	0.002323	0.674327	0.010871	0.789351	0.001606	0.001355
0.498545	0.009388	0.709309	0.015779	0.758245	0.010732	0.045939
0.509249	0.002361	0.681075	0.000200	0.766471	0.029740	0.000507
0.507906	0.014144	0.649952	0.044409	0.770397	0.011173	0.007022
0.509804	0.015479	0.724219	0.006876	0.726737	0.033903	0.006510
0.489701	0.008596	0.655507	0.011548	0.726022	0.008466	0.001381
0.470285	0.005093	0.659191	0.027163	0.749764	0.021824	0.024963
0.498470	0.008911	0.688827	0.023809	0.743011	0.015965	0.006193
0.516383	0.001766	0.672328	0.006946	0.761044	0.007812	0.022907
0.493791	0.032755	0.684210	0.021056	0.752677	0.023945	0.013941
0.512428	0.003011	0.669353	0.013046	0.780595	0.015429	0.038411
0.503280	0.009966	0.642548	0.012575	0.774573	0.005470	0.013479
0.494166	0.012777	0.701364	0.004873	0.757898	0.009533	0.035116
0.495766	0.002393	0.643752	0.052241	0.745302	0.007183	0.021937
0.521788	0.020967	0.693624	0.065165	0.775478	0.009096	0.002465
0.508959	0.015765	0.689845	0.024966	0.763329	0.040972	0.005533
0.497556	0.000262	0.700525	0.021822	0.760486	0.034656	0.012045
0.519603	0.006377	0.037604	0.499265	0.002395	0.011441	0.001856
0.504081	0.024111	0.000833	0.474435	0.027671	0.008339	0.017879
0.488994	0.021295	0.016009	0.512488	0.021722	0.031725	0.000410
0.523788	0.002587	0.013651	0.489572	0.018463	0.018122	0.007270
0.479178	0.000034	0.016457	0.514115	0.004276	0.018724	0.050348
0.523574	0.005616	0.002693	0.510824	0.022342	0.002804	0.016935
0.526049	0.003201	0.015810	0.519096	0.016775	0.006517	0.002488
0.483291	0.019380	0.021748	0.475171	0.013422	0.027845	0.010431
0.513339	0.015024	0.010164	0.534898	0.024587	0.011533	0.022788
0.489610	0.000587	0.032486	0.510829	0.006915	0.001146	0.007486
0.480878	0.002026	0.024160	0.455797	0.018209	0.047662	0.007092
0.489528	0.024846	0.053231	0.480692	0.001778	0.024199	0.006379
0.494862	0.042382	0.021589	0.533933	0.037331	0.013345	0.004019
0.486661	0.011565	0.013907	0.492915	0.024641	0.035964	0.025757
0.525650	0.007056	0.003096	0.507502	0.042320	0.005953	0.004172
0.492265	0.002901	0.014253	0.481005	0.000912	0.001409	0.010702
0.540227	0.018076	0.025685	0.500787	0.003714	0.004306	0.039491
0.513661	0.022017	0.000235	0.511932	0.007387	0.010385	0.030828
0.511821	0.019474	0.032711	0.503438	0.007351	0.014345	0.034467
0.486231	0.056730	0.012281	0.491956	0.009386	0.015108	0.000874
0.499962	0.004995	0.023354	0.530134	0.009448	0.008696	0.026763
0.509337	0.005360	0.004335	0.502670	0.000491	0.001057	0.003877
0.512603	0.453472	0.486877	0.528249	0.478774	0.447569	0.523240
0.496115	0.490661	0.469394	0.499855	0.513206	0.518642	0.510582
0.474299	0.469045	0.476865	0.520034	0.462954	0.482737	0.520097
0.485578	0.516236	0.510656	0.516533	0.509734	0.528321	0.499226
0.485881	0.521292	0.506317	0.499714	0.506279	0.499754	0.510235
0.522198	0.504889	0.495272	0.492502	0.464805	0.501728	0.473619
0.507124	0.482754	0.510058	0.489915	0.517517	0.513517	0.505771
0.480221	0.502583	0.513543	0.488145	0.515082	0.514630	0.530129
0.526060	0.485841	0.482274	0.480702	0.499321	0.547068	0.513585
0.514670	0.477265	0.506294	0.543529	0.517489	0.516379	0.532104
0.518428	0.510828	0.537816	0.498010	0.492004	0.481500	0.525059
0.474513	0.505511	0.485953	0.508297	0.480960	0.467271	0.513422
0.476297	0.539342	0.493794	0.498213	0.499343	0.470693	0.512195
0.525233	0.490781	0.487885	0.539081	0.491667	0.508256	0.517332
0.533911	0.512034	0.478064	0.476232	0.525600	0.493524	0.512509
0.495938	0.487296	0.465537	0.497198	0.477374	0.506034	0.532498
0.504267	0.518748	0.342899	0.504268	0.535984	0.017628	0.030801
0.446458	0.493217	0.316846	0.520947	0.456239	0.047570	0.001416
0.488206	0.470963	0.289182	0.504705	0.525109	0.005481	0.013896
0.481753	0.494873	0.312853	0.506600	0.510926	0.050817	0.045447
0.502712	0.489828	0.329445	0.499309	0.480062	0.034169	0.023052
0.509350	0.494294	0.305617	0.491876	0.482068	0.026541	0.042391
0.481652	0.509062	0.304797	0.518309	0.514736	0.040353	0.024627
0.507805	0.528000	0.339866	0.494548	0.512427	0.027323	0.006253
0.500477	0.517556	0.311941	0.517918	0.491551	0.010771	0.012322
0.513027	0.544052	0.303239	0.492592	0.491306	0.000647	0.005165
0.473519	0.519308	0.313549	0.482969	0.496436	0.018317	0.000546
0.487403	0.509203	0.331834	0.501198	0.521275	0.034602	0.005683
0.456347	0.510569	0.316893	0.494503	0.512253	0.006885	0.019021
0.495998	0.522017	0.369211	0.457198	0.527820	0.015417	0.001496
0.516522	0.482297	0.321020	0.477004	0.501183	0.032142	0.010542
0.480222	0.510327	0.349489	0.477628	0.474083	0.025788	0.065706
0.518509	0.491787	0.348640	0.507722	0.521063	0.010203	0.016703
0.524384	0.477073	0.366396	0.478627	0.499959	0.013552	0.021923
0.509829	0.488686	0.315083	0.495565	0.524570	0.020102	0.001582
0.532051	0.528278	0.354981	0.486891	0.500065	0.005411	0.001280
0.513252	0.492840	0.371529	0.541315	0.484760	0.026617	0.027146
0.501525	0.488247	0.318129	0.479465	0.514771	0.005332	0.004576
0.493055	0.487877	0.339329	0.499484	0.486153	0.029332	0.028482
0.466794	0.479535	0.324529	0.511590	0.500767	0.019154	0.025379
0.489754	0.478213	0.335292	0.479725	0.530176	0.033527	0.004891
0.536797	0.464869	0.318560	0.482807	0.527212	0.025991	0.007526
0.476809	0.012574	0.504956	0.321824	0.505797	0.011006	0.008809
0.472896	0.004943	0.505464	0.313178	0.467130	0.016395	0.005320
0.507637	0.008323	0.529892	0.309624	0.537937	0.006411	0.008290
0.524591	0.009370	0.475631	0.337995	0.478791	0.001129	0.007893
0.488792	0.020050	0.460592	0.328804	0.489826	0.002264	0.002323
0.489202	0.007442	0.487739	0.337803	0.515682	0.004061	0.025663
0.475425	0.013593	0.547080	0.381034	0.493548	0.017535	0.008846
0.497268	0.014513	0.522597	0.345685	0.521620	0.003232	0.018964
0.498672	0.016375	0.516365	0.355965	0.549569	0.032932	0.045022
0.487189	0.017884	0.508841	0.324394	0.478405	0.010855	0.019900
0.506905	0.020903	0.488664	0.345942	0.513730	0.023008	0.037097
0.511756	0.023303	0.514475	0.331554	0.499490	0.045440	0.017047
0.505964	0.021961	0.509320	0.347335	0.489816	0.012246	0.030740
0.480559	0.000283	0.504719	0.356224	0.493560	0.024982	0.017713
0.488967	0.010652	0.479143	0.338068	0.514377	0.018865	0.027477
0.517266	0.003234	0.483753	0.355265	0.486549	0.031926	0.018627
0.534783	0.339918	0.479344	0.031457	0.455165	0.513372	0.482572
0.510759	0.312316	0.479102	0.019690	0.509806	0.555643	0.497578
0.522837	0.315280	0.533240	0.012592	0.512210	0.527033	0.511450
0.490896	0.319518	0.464105	0.035553	0.508863	0.497423	0.523441
0.505425	0.331255	0.507691	0.006731	0.526294	0.484898	0.508622
0.444011	0.327534	0.506664	0.032231	0.517810	0.497813	0.464555
0.516208	0.323016	0.521531	0.000989	0.497067	0.482663	0.488933
0.496781	0.338571	0.504959	0.015263	0.479202	0.501139	0.511065
0.449364	0.352887	0.538349	0.006931	0.525653	0.518752	0.515482
0.477729	0.321611	0.502869	0.010313	0.485316	0.489531	0.524448
0.516989	0.333608	0.488991	0.029735	0.502034	0.498157	0.498559
0.494549	0.341639	0.457949	0.032101	0.477589	0.475958	0.519444
0.514247	0.346799	0.488326	0.030941	0.500894	0.490857	0.460628
0.471287	0.325588	0.471659	0.003276	0.500184	0.525498	0.505723
0.492956	0.345281	0.510116	0.020683	0.469929	0.524636	0.498812
0.489169	0.351441	0.478259	0.007069	0.508313	0.496970	0.471482
0.487567	0.312116	0.464361	0.000673	0.489090	0.509574	0.520280
0.498890	0.342936	0.508397	0.012472	0.527990	0.499021	0.487877
0.484118	0.319473	0.515416	0.012157	0.536557	0.513623	0.484038
0.544265	0.002936	0.655759	0.503746	0.506715	0.017023	0.012212
0.523458	0.012058	0.635596	0.500292	0.533776	0.013888	0.006602
0.488234	0.007709	0.700298	0.491693	0.493510	0.025987	0.006141
0.483169	0.007942	0.657112	0.466863	0.506144	0.025464	0.029420
0.470870	0.012695	0.636500	0.521274	0.496043	0.018686	0.022929
0.493733	0.023267	0.686784	0.534960	0.504413	0.036251	0.005718
0.511479	0.013934	0.654320	0.493588	0.503006	0.001784	0.024513
0.498185	0.004375	0.666677	0.491796	0.501634	0.040816	0.016492
0.492264	0.011699	0.632834	0.480941	0.486798	0.009193	0.017154
0.522900	0.002993	0.013561	0.504519	0.041598	0.002060	0.014945
0.499233	0.006871	0.001744	0.480739	0.036341	0.001196	0.037878
0.508933	0.014730	0.030792	0.503824	0.022816	0.011743	0.002171
0.516429	0.014256	0.011074	0.501715	0.037171	0.018762	0.038486
0.495365	0.000765	0.034384	0.512347	0.020153	0.013146	0.025098
0.481881	0.013186	0.034371	0.508666	0.019598	0.032905	0.005566
0.503094	0.013006	0.024700	0.459333	0.036004	0.054276	0.002912
0.501993	0.004281	0.001537	0.499121	0.003773	0.008990	0.025757
0.547544	0.024085	0.002559	0.493258	0.004872	0.007371	0.001516
0.500284	0.002014	0.003896	0.497498	0.034663	0.038560	0.021016
0.474040	0.038055	0.030993	0.494230	0.026392	0.021128	0.010798
0.489416	0.016172	0.020877	0.508822	0.023920	0.022985	0.026904
0.490254	0.005107	0.001443	0.487437	0.032554	0.051201	0.010231
0.509628	0.018855	0.001522	0.485707	0.018615	0.048929	0.007403
0.500370	0.010733	0.000098	0.483288	0.018007	0.019495	0.005615
0.494911	0.001160	0.026914	0.501740	0.003696	0.026669	0.006885
0.500473	0.009046	0.024981	0.514726	0.031385	0.027115	0.008204
0.554968	0.043963	0.019111	0.485399	0.009199	0.017071	0.001090
0.538598	0.022085	0.003026	0.489721	0.038555	0.010793	0.010862
0.485718	0.003652	0.014952	0.516019	0.009072	0.024812	0.033296
0.511549	0.003160	0.019548	0.487656	0.028033	0.028726	0.017734
0.496109	0.006654	0.014370	0.499967	0.010136	0.010598	0.019895
0.541837	0.004996	0.004370	0.486874	0.006506	0.005872	0.030745
0.481659	0.023158	0.035405	0.489108	0.015270	0.018052	0.008107
0.496913	0.494432	0.021402	0.662071	0.005062	0.020246	0.329125
0.518571	0.523648	0.001819	0.680935	0.018813	0.017786	0.349925
0.500930	0.465874	0.022863	0.649513	0.008725	0.010032	0.329492
0.491648	0.475707	0.010334	0.666122	0.009187	0.016030	0.358427
0.507308	0.512168	0.030705	0.661412	0.033272	0.000892	0.307608
0.482212	0.505508	0.022266	0.681438	0.019601	0.011292	0.324972
0.536984	0.494899	0.019002	0.661280	0.009540	0.009646	0.341871
0.506153	0.498917	0.016491	0.693906	0.000287	0.015722	0.358727
0.461550	0.471650	0.504976	0.494273	0.483461	0.506765	0.004160
0.517742	0.447269	0.533145	0.489073	0.486213	0.467846	0.002061
0.507325	0.480425	0.484327	0.508364	0.532566	0.497083	0.051302
0.485068	0.494151	0.456407	0.483793	0.506382	0.489341	0.022573
0.504149	0.456852	0.483895	0.512777	0.484499	0.503681	0.005220
0.536756	0.517093	0.504159	0.503518	0.496634	0.501320	0.016460
0.488596	0.492867	0.517592	0.465436	0.494136	0.516221	0.001630
0.494015	0.515133	0.497674	0.530586	0.516059	0.486523	0.014690
0.475831	0.507519	0.500000	0.485909	0.492381	0.513434	0.032233
0.504725	0.531151	0.484913	0.521099	0.471981	0.502380	0.000261
0.470907	0.464671	0.513454	0.487904	0.492809	0.510871	0.008303
0.479319	0.485992	0.484352	0.486625	0.516556	0.488020	0.010875
0.500672	0.516707	0.503849	0.508116	0.498873	0.509464	0.002686
0.493905	0.493704	0.534355	0.518378	0.499358	0.487198	0.011399
0.509441	0.493615	0.499701	0.513339	0.500917	0.474940	0.016900
0.509762	0.501631	0.525549	0.437542	0.490155	0.516040	0.051352
0.491430	0.520563	0.512235	0.489101	0.503961	0.497302	0.001785
0.479950	0.490534	0.510014	0.522815	0.524754	0.525430	0.015358
0.483190	0.484586	0.491440	0.485138	0.476204	0.476247	0.038255
0.495880	0.491913	0.479459	0.502644	0.519472	0.492851	0.007717
0.501944	0.486425	0.430096	0.483891	0.490951	0.520052	0.008611
0.506080	0.530984	0.527654	0.501686	0.516382	0.505113	0.015116
0.475470	0.483858	0.484833	0.497138	0.470943	0.504287	0.018698
0.494988	0.501042	0.538787	0.003681	0.492925	0.038167	0.494910
0.497874	0.555176	0.498776	0.010234	0.501648	0.011937	0.495644
0.522831	0.492246	0.475407	0.007095	0.530643	0.016376	0.463397
0.489753	0.499941	0.503604	0.023664	0.512708	0.008298	0.502014
0.512772	0.523714	0.485401	0.000099	0.513514	0.026175	0.475218
0.504311	0.537387	0.527468	0.017705	0.484220	0.009659	0.467740
0.541996	0.478475	0.511664	0.002597	0.504827	0.012787	0.502336
0.458489	0.521981	0.483946	0.012980	0.511090	0.034729	0.506218
0.499766	0.489828	0.512753	0.027040	0.449650	0.018443	0.494282
0.490804	0.495936	0.522176	0.000201	0.489869	0.034601	0.495008
0.504602	0.023078	0.456597	0.496181	0.005462	0.024330	0.022380
0.484848	0.037771	0.485050	0.500837	0.021321	0.005423	0.015981
0.499361	0.007837	0.500728	0.517404	0.027569	0.019064	0.015631
0.499594	0.006642	0.507677	0.479931	0.002709	0.019677	0.007155
0.526681	0.028221	0.501993	0.528990	0.000284	0.020715	0.001128
0.504529	0.025816	0.521951	0.499212	0.006255	0.016396	0.011822
0.512976	0.003515	0.487831	0.503324	0.009568	0.005847	0.003582
0.452080	0.009623	0.525032	0.510498	0.026641	0.018762	0.006707
0.498926	0.003786	0.509417	0.480247	0.011539	0.016308	0.009454
0.497279	0.013768	0.482317	0.502320	0.010209	0.002834	0.018248
0.508558	0.018936	0.492687	0.525115	0.013021	0.032875	0.021441
0.501497	0.001801	0.472920	0.523149	0.007310	0.004111	0.001942
0.527874	0.005623	0.490176	0.498867	0.005224	0.018617	0.013499
0.490702	0.022384	0.499778	0.504709	0.007940	0.028728	0.017371
0.501238	0.013603	0.462404	0.497722	0.000102	0.007605	0.013546
0.511674	0.010816	0.514630	0.506256	0.012297	0.023190	0.019702
0.479609	0.014090	0.484923	0.460563	0.009255	0.012482	0.015201
0.553251	0.017793	0.529388	0.522087	0.024014	0.006618	0.004786
0.491821	0.022546	0.511658	0.489830	0.025932	0.009617	0.052774
0.503830	0.002022	0.504517	0.499115	0.483567	0.047146	0.002068
0.514525	0.012751	0.522092	0.510508	0.470452	0.012356	0.004707
0.447053	0.004282	0.511487	0.512359	0.489915	0.004437	0.007441
0.513674	0.035631	0.473858	0.448811	0.523963	0.038502	0.018089
0.515009	0.008468	0.464653	0.512587	0.506630	0.030483	0.015829
0.516699	0.008647	0.492090	0.527303	0.511298	0.018305	0.048370
0.494392	0.011513	0.547875	0.501280	0.521324	0.017360	0.019288
0.523085	0.018146	0.507399	0.523378	0.512091	0.013173	0.001467
0.545215	0.001187	0.482635	0.489328	0.482035	0.004901	0.029126
0.523554	0.018265	0.449309	0.507167	0.516979	0.047983	0.008015
0.477912	0.492595	0.480416	0.501002	0.020138	0.031354	0.654804
0.520511	0.511579	0.492664	0.502191	0.011569	0.003162	0.661037
0.463698	0.525943	0.494926	0.523743	0.011805	0.003525	0.652921
0.485523	0.493007	0.519003	0.508289	0.022716	0.007126	0.654507
0.473837	0.463468	0.453659	0.537960	0.027661	0.008364	0.636024
0.499219	0.498727	0.524913	0.499689	0.014250	0.066387	0.673207
0.480370	0.484752	0.537411	0.514602	0.003819	0.007960	0.673909
0.526812	0.485413	0.515110	0.539955	0.010166	0.012110	0.678105
0.498409	0.514654	0.479027	0.505049	0.009833	0.015937	0.689380
0.482903	0.495467	0.517044	0.512384	0.014808	0.008015	0.680001
0.485024	0.520408	0.503801	0.476212	0.020968	0.018021	0.658073
0.511132	0.512832	0.520152	0.535600	0.022901	0.002282	0.675631
0.484632	0.499102	0.512955	0.493533	0.014058	0.022382	0.675580
0.512896	0.486438	0.524839	0.482664	0.029203	0.007222	0.659717
0.508890	0.515680	0.524650	0.500191	0.017667	0.002192	0.658061
0.504549	0.481706	0.464218	0.524066	0.004963	0.024496	0.672310
0.511790	0.501724	0.525111	0.439725	0.015127	0.008516	0.620920
0.500622	0.521923	0.503651	0.492580	0.485490	0.496481	0.516509
0.470665	0.518233	0.510167	0.494699	0.486619	0.507301	0.514336
0.481303	0.493409	0.518422	0.492130	0.484007	0.508556	0.497263
0.482457	0.469534	0.486739	0.485212	0.483809	0.493627	0.485907
0.484252	0.512897	0.489862	0.511947	0.489273	0.503918	0.481296
0.496135	0.509312	0.486398	0.500186	0.521681	0.521648	0.496329
0.487159	0.518158	0.467916	0.456530	0.470314	0.504836	0.519262
0.493663	0.469992	0.503508	0.517778	0.501287	0.496559	0.497055
0.505990	0.481519	0.027355	0.482874	0.018822	0.032779	0.006889
0.483394	0.533241	0.014157	0.510822	0.008258	0.002449	0.031299
0.504467	0.510128	0.033609	0.496844	0.010421	0.030090	0.029682
0.492542	0.497116	0.012616	0.457223	0.000133	0.028467	0.008563
0.472488	0.529787	0.009847	0.489527	0.011860	0.024084	0.030290
0.520605	0.496651	0.002890	0.499575	0.000679	0.009728	0.008422
0.514488	0.514464	0.006322	0.477361	0.010501	0.006641	0.025550
0.499592	0.559381	0.010175	0.466621	0.035869	0.010161	0.005852
0.510741	0.492043	0.031850	0.456653	0.011657	0.025847	0.036166
0.486846	0.490929	0.039232	0.521143	0.045261	0.033789	0.003289
0.482665	0.489458	0.005473	0.483757	0.011193	0.010507	0.051244
0.487544	0.513146	0.006112	0.507928	0.024184	0.002012	0.000540
0.489719	0.529524	0.013742	0.488643	0.031301	0.007693	0.016316
0.462218	0.490822	0.001029	0.518075	0.017299	0.026570	0.017567
0.462510	0.521835	0.004544	0.519071	0.005728	0.009465	0.019197
0.517032	0.520617	0.002437	0.513930	0.004813	0.015119	0.004389
0.491296	0.483876	0.007635	0.489665	0.002482	0.014516	0.005005
0.478494	0.525581	0.022915	0.526414	0.026719	0.013835	0.013397
0.499608	0.629460	0.463061	0.501487	0.453080	0.660895	0.652803
0.532220	0.661792	0.498785	0.484423	0.511215	0.662264	0.667471
0.484814	0.651357	0.478012	0.506479	0.471077	0.648771	0.640847
0.496615	0.658695	0.489179	0.473075	0.534100	0.644483	0.667007
0.510840	0.668787	0.494764	0.474947	0.545914	0.687426	0.643605
0.509650	0.690520	0.501588	0.534120	0.508810	0.641311	0.690649
0.492255	0.709541	0.516063	0.509078	0.477185	0.657418	0.671343
0.487845	0.666691	0.500113	0.523554	0.500219	0.659117	0.689476
0.549181	0.692486	0.480012	0.011993	0.011270	0.662595	0.691339
0.481471	0.638859	0.484421	0.018744	0.032929	0.663599	0.656920
0.475374	0.639981	0.510330	0.006352	0.019309	0.700811	0.700264
0.487504	0.727768	0.509351	0.011709	0.015545	0.695729	0.683532
0.503257	0.666105	0.522529	0.016397	0.019167	0.629527	0.667009
0.477646	0.668027	0.483815	0.022250	0.007339	0.643632	0.685260
0.510985	0.638674	0.484097	0.037756	0.021002	0.658305	0.682810
0.530038	0.630096	0.521162	0.003484	0.047705	0.635803	0.661865
0.507340	0.711699	0.476997	0.015742	0.016904	0.631297	0.660656
0.490280	0.684010	0.513055	0.024097	0.035374	0.658446	0.634903
0.453333	0.681132	0.499254	0.022871	0.005025	0.678238	0.683520
0.495768	0.655974	0.479138	0.019850	0.010559	0.668805	0.690312
0.447775	0.683145	0.479987	0.040759	0.024106	0.673940	0.658601
0.514997	0.664414	0.496800	0.027365	0.032458	0.671676	0.643502
0.495404	0.652652	0.499271	0.002978	0.001261	0.630531	0.676454
0.521642	0.660961	0.483259	0.006964	0.013454	0.697846	0.677935
0.508888	0.032046	0.014770	0.514462	0.025383	0.001737	0.011169
0.477460	0.016621	0.008948	0.522240	0.013937	0.022231	0.036913
0.487965	0.028691	0.000190	0.496227	0.002087	0.002768	0.018275
0.528145	0.015786	0.020757	0.481685	0.040204	0.030184	0.026259
0.496310	0.005009	0.020002	0.531091	0.000536	0.008668	0.010098
0.497310	0.000156	0.003022	0.533758	0.009092	0.002546	0.023035
0.501396	0.007508	0.027005	0.500310	0.003979	0.017925	0.018165
0.524863	0.005804	0.506492	0.475534	0.536596	0.001177	0.004093
0.507931	0.013480	0.489791	0.506600	0.500954	0.038819	0.010188
0.478226	0.022339	0.483972	0.497933	0.516353	0.000093	0.000281
0.548243	0.010441	0.501155	0.501412	0.474082	0.025402	0.012282
0.496575	0.024335	0.527633	0.507844	0.519026	0.053071	0.018852
0.524167	0.003912	0.498186	0.499938	0.506464	0.014419	0.002949
0.511060	0.000751	0.479566	0.489061	0.504285	0.000006	0.002923
0.510941	0.023887	0.508685	0.477317	0.499831	0.007650	0.020615
0.501809	0.010176	0.524672	0.490362	0.490244	0.013811	0.042378
0.484850	0.010308	0.532760	0.543001	0.479923	0.007132	0.002474
0.530826	0.025608	0.504629	0.489410	0.491428	0.015823	0.004345
0.471434	0.022021	0.482944	0.489654	0.473796	0.009175	0.045332
0.513013	0.013719	0.500429	0.536193	0.493895	0.000470	0.003492
0.498371	0.021155	0.488804	0.503010	0.519087	0.011434	0.033211
0.469955	0.003022	0.513928	0.494395	0.461203	0.003438	0.010360
0.494643	0.008489	0.495657	0.499853	0.516524	0.009583	0.018881
0.522583	0.010230	0.494633	0.493738	0.535133	0.030285	0.003045
0.499682	0.512454	0.470679	0.489998	0.010090	0.013382	0.008818
0.452487	0.497477	0.507648	0.509579	0.005572	0.000610	0.057874
0.474920	0.533045	0.491694	0.493838	0.018543	0.014298	0.018290
0.530784	0.495340	0.505766	0.486385	0.011649	0.003064	0.003747
0.524860	0.495958	0.503713	0.477122	0.010503	0.041332	0.023816
0.500906	0.490469	0.485237	0.488972	0.009771	0.030505	0.024804
0.519501	0.516535	0.520014	0.535435	0.007924	0.018663	0.011713
0.483447	0.476822	0.514368	0.482092	0.006814	0.019818	0.023065
0.501945	0.484434	0.548657	0.514910	0.063319	0.028496	0.030360
0.493701	0.355811	0.001136	0.520054	0.017196	0.345169	0.533267
0.502260	0.319953	0.023827	0.509327	0.019650	0.325023	0.509474
0.511398	0.351727	0.010477	0.485583	0.015651	0.309915	0.514130
0.512286	0.344409	0.012791	0.509224	0.003780	0.347308	0.495255
0.490003	0.334085	0.018296	0.498505	0.010341	0.333755	0.494575
0.527263	0.344340	0.004095	0.542941	0.001011	0.347878	0.515593
0.494084	0.308356	0.011624	0.505070	0.011755	0.342577	0.516727
0.495871	0.322136	0.016611	0.504104	0.022407	0.338899	0.446885
0.524351	0.349287	0.016484	0.503237	0.018455	0.297503	0.510394
0.540407	0.343073	0.025312	0.517635	0.004656	0.344991	0.486156
0.508714	0.289933	0.013710	0.497843	0.002288	0.325375	0.510650
0.487365	0.353794	0.011622	0.490015	0.019448	0.311130	0.492846
0.495582	0.332802	0.012119	0.524784	0.034475	0.345808	0.498880
0.488062	0.368294	0.008200	0.508624	0.003173	0.327778	0.527309
0.450941	0.000854	0.499194	0.535917	0.480447	0.007106	0.003179
0.509675	0.020083	0.477300	0.514400	0.515023	0.016144	0.017877
0.461268	0.002854	0.491417	0.491500	0.441493	0.009134	0.005761
0.518008	0.014033	0.497710	0.502565	0.526536	0.000448	0.011641
0.533057	0.003068	0.501904	0.546562	0.525215	0.002147	0.003960
0.533203	0.012211	0.490818	0.520784	0.504929	0.003264	0.006820
0.475438	0.006593	0.472124	0.016955	0.031303	0.022490	0.032909
0.517564	0.005748	0.463267	0.012494	0.020875	0.010441	0.009325
0.522822	0.004562	0.484947	0.011741	0.012656	0.011969	0.014736
0.468600	0.029132	0.462700	0.015575	0.024630	0.013907	0.000048
0.516354	0.009921	0.539143	0.021493	0.007385	0.029912	0.008525
0.474137	0.038566	0.482485	0.003920	0.001281	0.005402	0.007382
0.509910	0.015923	0.487746	0.014465	0.012982	0.054513	0.014415
0.498155	0.007576	0.483405	0.014567	0.022392	0.015432	0.028007
0.490066	0.000950	0.463641	0.009489	0.006020	0.011784	0.041453
0.525126	0.004292	0.513352	0.044236	0.048900	0.018457	0.009388
0.518768	0.023371	0.507466	0.001920	0.023812	0.029060	0.005099
0.489678	0.011691	0.470919	0.007285	0.022240	0.027068	0.015130
0.518970	0.016408	0.461963	0.020388	0.023073	0.028597	0.005462
0.508040	0.023475	0.508829	0.036247	0.002148	0.010128	0.010570
0.528492	0.004969	0.490816	0.012832	0.011805	0.000670	0.020281
0.496977	0.010097	0.526588	0.016108	0.021745	0.024010	0.006433
0.479232	0.013906	0.481258	0.006296	0.014779	0.003592	0.012266
0.484283	0.516564	0.516838	0.508655	0.014355	0.008375	0.018112
0.525029	0.522139	0.463612	0.538613	0.019126	0.011853	0.005791
0.531940	0.494258	0.495603	0.537113	0.005326	0.005158	0.010191
0.510466	0.505150	0.494211	0.349847	0.462822	0.013355	0.479586
0.495862	0.479692	0.506267	0.368784	0.489507	0.032798	0.460596
0.475436	0.486466	0.509837	0.339949	0.515924	0.003483	0.497939
0.518580	0.490199	0.487264	0.294591	0.506779	0.023779	0.507573
0.495185	0.472825	0.527887	0.368564	0.505333	0.010424	0.509891
0.494547	0.517143	0.498284	0.305595	0.485518	0.026099	0.489734
0.506346	0.513261	0.486022	0.331776	0.490263	0.002444	0.519582
0.493315	0.539249	0.516953	0.329240	0.507552	0.033752	0.469244
0.503524	0.542336	0.530660	0.347666	0.506421	0.028774	0.509353
0.489040	0.515482	0.505947	0.347073	0.497761	0.001320	0.501947
0.528869	0.442822	0.508085	0.344483	0.475160	0.037399	0.456922
0.503821	0.507401	0.512906	0.333591	0.494293	0.019794	0.474023
0.523837	0.510234	0.521747	0.337947	0.512820	0.008662	0.500492
0.501729	0.463984	0.484755	0.358180	0.497486	0.002635	0.534551
0.513060	0.512143	0.517707	0.386800	0.487593	0.010719	0.482336
0.498867	0.512958	0.526704	0.342931	0.545533	0.029377	0.515556
0.493648	0.460767	0.514087	0.317237	0.488853	0.013559	0.472084
0.512254	0.469240	0.699352	0.514101	0.502675	0.013279	0.002574
0.480409	0.479697	0.674264	0.500080	0.497010	0.003166	0.004263
0.504201	0.501586	0.650771	0.480095	0.473238	0.001787	0.007320
0.501135	0.325228	0.482005	0.469322	0.494767	0.500479	0.304248
0.474513	0.366592	0.500604	0.499144	0.502003	0.468714	0.340820
0.487782	0.301933	0.493428	0.508897	0.509403	0.518957	0.345223
0.526451	0.297636	0.476318	0.511851	0.517818	0.501921	0.352443
0.502620	0.330405	0.458011	0.514787	0.520718	0.523577	0.321372
0.510418	0.350523	0.488019	0.505303	0.502776	0.487777	0.354204
0.497735	0.347981	0.504725	0.484825	0.494058	0.502729	0.344592
0.486400	0.334555	0.492848	0.479554	0.484204	0.489305	0.304633
0.508158	0.339606	0.522711	0.510001	0.493847	0.528497	0.382628
0.504564	0.328227	0.506144	0.487064	0.514535	0.483441	0.375600
0.473187	0.336746	0.523273	0.510450	0.492799	0.503429	0.320462
0.495512	0.343825	0.466188	0.469644	0.502276	0.532100	0.320664
0.507753	0.389365	0.478696	0.473533	0.504291	0.488426	0.300606
0.530627	0.357986	0.487063	0.513560	0.537154	0.488802	0.328228
0.517753	0.351879	0.513529	0.491928	0.490554	0.512151	0.358604
0.503087	0.327017	0.506374	0.490207	0.479958	0.514508	0.311452
0.511503	0.492423	0.466372	0.496423	0.481432	0.662256	0.032726
0.520046	0.535877	0.479935	0.500531	0.502189	0.670167	0.003307
0.514958	0.495746	0.519075	0.512513	0.465761	0.682793	0.030783
0.519347	0.645230	0.676105	0.007291	0.529546	0.526915	0.515136
0.499182	0.658636	0.686536	0.046804	0.497104	0.493462	0.494717
0.475608	0.656934	0.713136	0.001136	0.483851	0.528721	0.511236
0.526419	0.670734	0.667262	0.017583	0.464540	0.479622	0.515511
0.531670	0.651825	0.657681	0.038005	0.477741	0.485715	0.486621
0.521458	0.679053	0.686445	0.012822	0.502625	0.488867	0.491972
0.501786	0.674242	0.676866	0.012331	0.492998	0.523761	0.502920
0.529127	0.692538	0.677786	0.006461	0.481695	0.519252	0.511906
0.489190	0.680476	0.672290	0.042420	0.493293	0.503999	0.503713
0.491512	0.700645	0.683856	0.041749	0.497484	0.537579	0.527866
0.518153	0.658602	0.669212	0.003525	0.500414	0.484068	0.538663
0.505954	0.658892	0.653178	0.019328	0.496724	0.479769	0.520683
0.500974	0.674206	0.695840	0.024531	0.491633	0.456364	0.499829
0.497875	0.623294	0.655846	0.009210	0.489409	0.444294	0.489893
0.477694	0.647807	0.672945	0.003824	0.467896	0.480262	0.504559
0.523710	0.479203	0.474441	0.483271	0.012202	0.009007	0.516556
0.480672	0.487152	0.481888	0.471720	0.035386	0.007668	0.490168
0.509128	0.480675	0.489269	0.489088	0.015728	0.018985	0.477281
0.487078	0.508159	0.500912	0.483956	0.001993	0.001474	0.473245
0.466507	0.515299	0.504601	0.534475	0.001320	0.032142	0.459001
0.498383	0.514152	0.508718	0.490898	0.022779	0.013751	0.514473
0.490876	0.036341	0.528412	0.507422	0.490580	0.002333	0.000493
0.482666	0.039592	0.520601	0.489634	0.460563	0.042089	0.019702
0.473652	0.006375	0.514304	0.493076	0.513879	0.041010	0.040555
0.512013	0.001024	0.490663	0.477458	0.507290	0.025028	0.000417
0.515073	0.003671	0.475516	0.511455	0.503261	0.000067	0.017785
0.520325	0.012564	0.481146	0.517082	0.464232	0.005951	0.018324
0.495740	0.002677	0.496218	0.511276	0.491016	0.012945	0.033042
0.524690	0.010406	0.469596	0.511389	0.489126	0.002465	0.018569
0.513181	0.019600	0.484458	0.501887	0.518965	0.004157	0.003936
0.531399	0.010555	0.014497	0.504514	0.010363	0.014624	0.002001
0.519620	0.017392	0.014040	0.523590	0.025038	0.009818	0.021990
0.507632	0.026752	0.016694	0.480646	0.033803	0.002321	0.015766
0.473786	0.008870	0.010312	0.499420	0.007491	0.017970	0.003742
0.516597	0.017223	0.538437	0.507311	0.478024	0.004639	0.010899
0.525462	0.023544	0.469697	0.522264	0.528165	0.005285	0.009276
0.496523	0.012435	0.502564	0.484440	0.489643	0.020753	0.012139
0.514232	0.001736	0.485551	0.464254	0.511868	0.003006	0.001047
0.507631	0.060120	0.481815	0.466755	0.460578	0.001220	0.027860
0.486571	0.004186	0.536257	0.512969	0.508595	0.001806	0.017162
0.517588	0.038755	0.480214	0.501765	0.520390	0.015564	0.002496
0.506225	0.005333	0.526713	0.514999	0.527627	0.033063	0.034072
0.524661	0.002981	0.498201	0.496486	0.476508	0.006481	0.015304
0.510256	0.019129	0.477698	0.476485	0.487659	0.021489	0.006186
0.493245	0.489573	0.522570	0.496529	0.518937	0.001000	0.022239
0.446599	0.523882	0.492772	0.502557	0.524562	0.024930	0.029501
0.491536	0.502713	0.467000	0.472893	0.492335	0.011523	0.039640
0.482051	0.491291	0.005575	0.478145	0.024609	0.503951	0.678359
0.526330	0.538331	0.005619	0.522999	0.006235	0.482118	0.665773
0.545659	0.515990	0.029958	0.530427	0.013453	0.521320	0.682527
0.492751	0.496343	0.001290	0.498012	0.019650	0.527322	0.703942
0.487867	0.514430	0.006223	0.514924	0.009064	0.485675	0.661602
0.473758	0.506505	0.000921	0.512461	0.057261	0.488395	0.635939
0.521937	0.501570	0.027541	0.523041	0.018661	0.498044	0.680670
0.493045	0.484737	0.002615	0.471143	0.042702	0.501280	0.675120
0.537029	0.508987	0.016268	0.529016	0.000394	0.514710	0.677399
0.501762	0.514955	0.001091	0.512786	0.055928	0.517017	0.676651
0.519421	0.501941	0.027000	0.492781	0.001998	0.483546	0.669648
0.507248	0.035972	0.495014	0.011240	0.018845	0.007349	0.014967
0.482385	0.010343	0.529037	0.009858	0.032445	0.023968	0.002093
0.500548	0.027090	0.528768	0.017284	0.023463	0.035138	0.006708
0.510298	0.027527	0.499587	0.019823	0.025394	0.000867	0.021406
0.462546	0.003587	0.516366	0.021818	0.021926	0.031006	0.014214
0.515133	0.011394	0.458622	0.022596	0.508710	0.020029	0.011115
0.503724	0.007459	0.498636	0.019986	0.509113	0.000848	0.015678
0.540107	0.019183	0.481819	0.013632	0.496249	0.010810	0.005766
0.457754	0.024558	0.512347	0.020931	0.484915	0.035934	0.044713
0.499212	0.046998	0.492817	0.013165	0.496548	0.055689	0.018271
0.510638	0.018125	0.488003	0.000784	0.505740	0.023257	0.005542
0.494038	0.499683	0.490766	0.515998	0.472728	0.011880	0.341252
0.493355	0.537475	0.506833	0.482199	0.474542	0.006739	0.328534
0.496656	0.524221	0.459305	0.502430	0.487811	0.005993	0.302076
0.510008	0.497073	0.510831	0.505073	0.489345	0.010429	0.305791
0.496136	0.453756	0.486222	0.510553	0.471487	0.028929	0.326973
0.491864	0.335105	0.008888	0.497363	0.010626	0.521708	0.278962
0.503887	0.350780	0.010654	0.500399	0.033048	0.512436	0.244013
0.508995	0.329584	0.006482	0.513682	0.034719	0.495390	0.249154
0.473232	0.332416	0.030972	0.484103	0.025958	0.514407	0.291089
0.503737	0.355858	0.001717	0.500808	0.008562	0.484289	0.257993
0.482092	0.317104	0.019670	0.529466	0.003133	0.479955	0.223890
0.543769	0.343066	0.020670	0.480870	0.017941	0.316849	0.507421
0.518017	0.315996	0.010617	0.487764	0.004996	0.340533	0.489561
0.497276	0.473049	0.470942	0.027088	0.021052	0.328187	0.502872
0.512376	0.487353	0.527813	0.012012	0.002912	0.299296	0.486394
0.524008	0.509722	0.504841	0.028032	0.024488	0.314909	0.532280
0.500588	0.492117	0.500826	0.026120	0.018667	0.338156	0.468222
0.513563	0.489763	0.498962	0.036101	0.045807	0.356178	0.498623
0.483316	0.506012	0.499294	0.011988	0.018670	0.349460	0.495847
0.484739	0.494811	0.028026	0.488942	0.003244	0.002805	0.539940
0.503369	0.511448	0.009524	0.541155	0.005647	0.011651	0.474606
0.524419	0.457226	0.001101	0.503755	0.013247	0.022629	0.500592
0.482712	0.499504	0.484633	0.501605	0.015233	0.018979	0.015026
0.502215	0.525840	0.463658	0.510483	0.033616	0.022248	0.013276
0.478973	0.537145	0.495242	0.470268	0.004294	0.016368	0.013078
0.493596	0.513122	0.513243	0.505955	0.028416	0.011342	0.012591
0.502619	0.511940	0.520057	0.529757	0.023612	0.000426	0.015560
0.548420	0.487837	0.530234	0.481147	0.027614	0.019987	0.029439
