0.463403	0.133924	0.469173	0.490068	0.504614	0.197507	0.144764	0.480618
0.498201	0.109457	0.498409	0.486055	0.524177	0.174412	0.096367	0.496254
0.522549	0.130477	0.494309	0.511556	0.528009	0.176074	0.129085	0.492754
0.443948	0.107275	0.497473	0.494861	0.510713	0.209493	0.105809	0.486754
0.499178	0.137345	0.489724	0.507139	0.531842	0.212806	0.150683	0.509560
0.485964	0.089644	0.494367	0.508648	0.483475	0.192232	0.145710	0.487144
0.503998	0.106005	0.513522	0.516464	0.477909	0.190793	0.127584	0.484995
0.507550	0.075902	0.477160	0.520204	0.492336	0.246681	0.142142	0.493415
0.531069	0.130464	0.542801	0.531044	0.484117	0.199805	0.140416	0.507497
0.507089	0.139966	0.515165	0.500831	0.501981	0.224278	0.106026	0.499481
0.539245	0.078791	0.498151	0.505709	0.484205	0.192111	0.117349	0.521019
0.509321	0.498249	0.504983	0.519728	0.522746	0.485449	0.499603	0.511070
0.501467	0.485158	0.503068	0.505043	0.507073	0.557486	0.497461	0.480631
0.508974	0.530317	0.464174	0.498637	0.505355	0.473617	0.494667	0.536241
0.469025	0.480953	0.479417	0.487338	0.469841	0.508541	0.418536	0.540476
0.511045	0.498535	0.507132	0.508290	0.494150	0.449048	0.490728	0.522686
0.480304	0.495296	0.498426	0.477007	0.499558	0.506375	0.483887	0.507573
0.496564	0.522321	0.442858	0.506389	0.471027	0.530158	0.531389	0.482015
0.519559	0.510201	0.495336	0.509426	0.489461	0.513071	0.510066	0.526213
0.507727	0.489995	0.486141	0.510291	0.503457	0.475605	0.510426	0.505036
0.511127	0.521035	0.464872	0.491379	0.523712	0.508295	0.475387	0.527092
0.505072	0.522747	0.508441	0.501472	0.513738	0.529614	0.497392	0.523140
0.463379	0.512796	0.487277	0.472440	0.472140	0.468283	0.493069	0.209474
0.526785	0.523953	0.513505	0.477540	0.518354	0.508758	0.478564	0.205594
0.484702	0.495165	0.490450	0.530671	0.456799	0.501255	0.452419	0.190080
0.529043	0.484868	0.507281	0.490510	0.515958	0.512703	0.510118	0.189187
0.503936	0.512556	0.497562	0.487147	0.504027	0.507464	0.500841	0.171493
0.522717	0.503848	0.491278	0.517843	0.527550	0.518329	0.495921	0.205551
0.483173	0.487059	0.526903	0.489035	0.536424	0.471951	0.515130	0.207108
0.530325	0.522543	0.504298	0.482583	0.518492	0.478246	0.541394	0.219387
0.491094	0.514342	0.482407	0.498877	0.506633	0.538908	0.525717	0.195496
0.486765	0.490517	0.479336	0.522625	0.502969	0.501264	0.510843	0.207815
0.509883	0.496491	0.498483	0.519626	0.483031	0.487693	0.517069	0.179420
0.480082	0.538185	0.487071	0.511375	0.516647	0.477432	0.161122	0.511514
0.466265	0.513280	0.517109	0.495683	0.515970	0.494516	0.216066	0.533866
0.513869	0.518508	0.499831	0.526710	0.498163	0.467537	0.177747	0.493380
0.476357	0.474925	0.502266	0.510966	0.478203	0.481832	0.174989	0.489909
0.480518	0.499345	0.513348	0.521483	0.518768	0.547406	0.251027	0.508326
0.518918	0.496975	0.489378	0.467959	0.527327	0.511807	0.168453	0.510523
0.491674	0.504665	0.485829	0.499837	0.496039	0.486167	0.192930	0.486323
0.510012	0.472305	0.488034	0.512085	0.453738	0.502359	0.217095	0.492161
0.507421	0.502398	0.477279	0.473194	0.472776	0.472271	0.168925	0.510661
0.514486	0.449067	0.520023	0.485615	0.482318	0.460164	0.206822	0.482180
0.522213	0.494168	0.516998	0.490981	0.496734	0.490583	0.213219	0.508908
0.525727	0.388427	0.485575	0.496692	0.499294	0.383714	0.477142	0.376822
0.525358	0.346320	0.522215	0.493283	0.513446	0.351849	0.503633	0.324818
0.521119	0.366471	0.517339	0.496467	0.495136	0.383711	0.482660	0.360745
0.510661	0.362443	0.521288	0.480032	0.505600	0.365998	0.519620	0.369655
0.506030	0.370241	0.471617	0.499140	0.530990	0.355885	0.486647	0.352928
0.530040	0.350599	0.521435	0.481177	0.508152	0.367647	0.501849	0.380416
0.505306	0.361375	0.540953	0.483284	0.500485	0.382341	0.466640	0.362338
0.550781	0.359796	0.527479	0.510638	0.523510	0.371549	0.516561	0.365538
0.464122	0.336155	0.501901	0.496319	0.481076	0.361108	0.526063	0.371406
0.515102	0.365904	0.493251	0.488340	0.489391	0.365479	0.480933	0.367001
0.500840	0.368310	0.477898	0.470462	0.457621	0.331265	0.534764	0.387451
0.506225	0.353245	0.495486	0.498959	0.201471	0.377325	0.509605	0.514649
0.491225	0.370617	0.468393	0.503694	0.196380	0.340355	0.501481	0.482678
0.507670	0.336507	0.509055	0.529796	0.160684	0.298599	0.491163	0.490642
0.511176	0.389093	0.462707	0.478114	0.199289	0.351505	0.497657	0.514117
0.467407	0.356699	0.525360	0.533984	0.220713	0.363224	0.485110	0.508462
0.502521	0.356912	0.511352	0.494113	0.208748	0.365121	0.519440	0.509425
0.485696	0.345165	0.495074	0.480748	0.198494	0.373841	0.475954	0.505708
0.487352	0.328117	0.493823	0.499538	0.193901	0.365437	0.491587	0.501386
0.486605	0.349795	0.520827	0.498543	0.165933	0.381086	0.486401	0.532457
0.478360	0.338774	0.486048	0.500552	0.170315	0.380075	0.486989	0.489338
0.480875	0.373601	0.477757	0.550337	0.206989	0.350332	0.519548	0.483215
0.526963	0.508698	0.515090	0.451554	0.525150	0.496071	0.482601	0.513458
0.482646	0.499677	0.507693	0.469118	0.470831	0.524272	0.512659	0.464724
0.453859	0.523593	0.505640	0.508609	0.483165	0.467408	0.500813	0.515998
0.502258	0.503730	0.475231	0.458733	0.517484	0.522723	0.486801	0.507054
0.504629	0.514719	0.504577	0.471398	0.477812	0.500388	0.492062	0.496135
0.510546	0.474746	0.493979	0.497616	0.513863	0.477445	0.495072	0.523788
0.482157	0.509484	0.526059	0.501844	0.490025	0.479533	0.516165	0.486060
0.490165	0.468153	0.475946	0.445883	0.501677	0.519341	0.460661	0.488700
0.490147	0.533703	0.515623	0.510169	0.499937	0.508033	0.514215	0.527772
0.528804	0.497646	0.486684	0.508638	0.506967	0.496688	0.507135	0.511799
0.481835	0.541830	0.501035	0.503169	0.500199	0.467151	0.493990	0.483896
0.508635	0.122832	0.478550	0.461184	0.513028	0.127501	0.107513	0.148948
0.481314	0.156207	0.521781	0.518092	0.504236	0.164884	0.131482	0.116214
0.500496	0.102650	0.529487	0.488765	0.482631	0.108525	0.094703	0.135510
0.494200	0.149044	0.497794	0.490285	0.473204	0.101719	0.106522	0.116804
0.477728	0.098307	0.493875	0.495569	0.471576	0.135602	0.143382	0.123195
0.566645	0.122746	0.500517	0.488347	0.463453	0.088866	0.103980	0.127043
0.515780	0.110339	0.518436	0.513282	0.518296	0.117890	0.124372	0.111030
0.502780	0.150438	0.490713	0.480467	0.516023	0.143939	0.146203	0.166212
0.511929	0.134101	0.515783	0.502418	0.503608	0.147120	0.137606	0.124538
0.488235	0.165971	0.512403	0.528581	0.498976	0.115493	0.125345	0.115898
0.490700	0.132712	0.518730	0.494255	0.494912	0.109649	0.118579	0.120090
0.501676	0.371488	0.507093	0.509792	0.491416	0.389974	0.523998	0.363652
0.499631	0.332062	0.489825	0.517958	0.536402	0.376520	0.453976	0.351698
0.507541	0.376407	0.463732	0.510271	0.519785	0.366956	0.506559	0.355053
0.496456	0.368277	0.532977	0.518859	0.457258	0.371542	0.495409	0.337156
0.507579	0.387109	0.456929	0.489311	0.476514	0.360685	0.535244	0.384028
0.497938	0.360237	0.532368	0.497971	0.500317	0.371452	0.521039	0.362087
0.472906	0.374874	0.483330	0.498507	0.529934	0.360552	0.467941	0.361676
0.467515	0.354647	0.505526	0.502774	0.481652	0.392292	0.533122	0.341902
0.466794	0.333960	0.490432	0.502086	0.493063	0.387036	0.495964	0.333420
0.507827	0.379549	0.536033	0.503180	0.509072	0.362747	0.494699	0.340416
0.475088	0.387866	0.496915	0.523949	0.507254	0.342160	0.475643	0.338957
0.462141	0.622746	0.504516	0.496434	0.529997	0.638327	0.694102	0.657148
0.526281	0.622417	0.506549	0.460653	0.513342	0.658371	0.650328	0.616094
0.504407	0.629564	0.530992	0.443077	0.507447	0.636834	0.635665	0.599392
0.501247	0.652010	0.524930	0.490743	0.490964	0.623037	0.625326	0.652914
0.510503	0.670705	0.472225	0.514471	0.496247	0.639359	0.650968	0.676862
0.478929	0.644395	0.522502	0.485564	0.500981	0.661049	0.657047	0.667175
0.506536	0.638473	0.512271	0.500542	0.500450	0.609597	0.643647	0.626130
0.490573	0.624642	0.502964	0.525322	0.540555	0.646087	0.602021	0.666700
0.506151	0.629588	0.451830	0.512630	0.499555	0.664865	0.641373	0.650499
0.486760	0.640148	0.507322	0.494538	0.477699	0.652126	0.634280	0.632681
0.495101	0.618553	0.495657	0.510538	0.469469	0.647897	0.634098	0.667804
0.495717	0.498119	0.515191	0.485009	0.462527	0.498780	0.527320	0.506945
0.497786	0.472708	0.484272	0.515286	0.477646	0.483917	0.523879	0.531346
0.528067	0.514885	0.533664	0.498044	0.492200	0.482735	0.522248	0.507518
0.492418	0.496362	0.532419	0.461915	0.527044	0.545076	0.507526	0.489706
0.505789	0.501662	0.450849	0.501661	0.549141	0.477022	0.443990	0.449293
0.489692	0.492354	0.492822	0.477803	0.479139	0.526377	0.487618	0.525648
0.465600	0.498432	0.491456	0.496628	0.512616	0.507627	0.477530	0.500900
0.453265	0.486943	0.502632	0.507097	0.476415	0.518938	0.478862	0.470123
0.480049	0.509338	0.474929	0.494917	0.496190	0.481639	0.542223	0.467947
0.506544	0.488143	0.500160	0.480228	0.475638	0.519575	0.505053	0.511859
0.473687	0.523382	0.521817	0.492523	0.478835	0.491554	0.490209	0.526588
0.499864	0.403670	0.490088	0.526392	0.472069	0.400720	0.505626	0.490692
0.516403	0.359857	0.501506	0.510413	0.539286	0.351570	0.493358	0.520298
0.507983	0.385397	0.495041	0.520600	0.491382	0.368835	0.482863	0.518066
0.475778	0.368489	0.511330	0.483168	0.475262	0.392859	0.509597	0.512910
0.521154	0.356013	0.510829	0.479105	0.472758	0.369070	0.480337	0.492190
0.511379	0.311130	0.523470	0.483945	0.512872	0.353395	0.468548	0.494705
0.535200	0.356109	0.542119	0.538582	0.496577	0.353108	0.500109	0.496383
0.482487	0.385168	0.509426	0.459903	0.491083	0.347702	0.489157	0.492920
0.491109	0.382430	0.500655	0.472030	0.515409	0.378028	0.477802	0.495742
0.487675	0.367528	0.505234	0.458318	0.520161	0.358796	0.490969	0.531334
0.485089	0.388558	0.520543	0.462518	0.459796	0.359207	0.512681	0.499477
0.496740	0.543514	0.510302	0.502216	0.215729	0.202018	0.518443	0.532680
0.487360	0.506956	0.509732	0.488971	0.219487	0.170327	0.538209	0.522483
0.547137	0.468639	0.501409	0.472866	0.221144	0.158078	0.526015	0.503818
0.499932	0.503061	0.536568	0.507218	0.190599	0.186284	0.477184	0.510886
0.500014	0.490639	0.525013	0.504927	0.167621	0.207980	0.495216	0.498815
0.497146	0.507336	0.489187	0.487043	0.218867	0.200817	0.486319	0.488143
0.483147	0.528827	0.484862	0.497642	0.198139	0.224479	0.472180	0.485727
0.500465	0.525686	0.477749	0.459466	0.190700	0.151885	0.488098	0.474059
0.526437	0.529883	0.468922	0.454031	0.210727	0.222738	0.534577	0.528409
0.486711	0.500880	0.482705	0.494139	0.185527	0.178768	0.474565	0.480544
0.490453	0.493286	0.495708	0.506215	0.210251	0.189489	0.491135	0.504624
0.474660	0.627573	0.498223	0.481843	0.511284	0.672001	0.663328	0.650725
0.502808	0.656391	0.513418	0.488991	0.518724	0.628432	0.628123	0.632091
0.507361	0.604410	0.510020	0.493186	0.491446	0.601866	0.625618	0.608596
0.489486	0.649083	0.464941	0.501759	0.503511	0.626575	0.628426	0.653357
0.507052	0.658907	0.500242	0.530099	0.488706	0.641472	0.678612	0.625057
0.491578	0.608452	0.464348	0.484076	0.517768	0.627060	0.635864	0.683148
0.489994	0.600663	0.528477	0.496081	0.479070	0.631869	0.617094	0.651208
0.503401	0.603201	0.513572	0.474121	0.480881	0.598329	0.630559	0.643941
0.495073	0.604751	0.482267	0.500926	0.517571	0.659683	0.652176	0.642139
0.490027	0.627873	0.441249	0.536553	0.521193	0.647466	0.635217	0.648934
0.491778	0.624615	0.475616	0.527508	0.498838	0.653779	0.609848	0.660019
0.534352	0.703763	0.521387	0.194178	0.464261	0.675867	0.515853	0.620389
0.498442	0.622730	0.506438	0.224674	0.505160	0.655972	0.533486	0.662377
0.477445	0.623136	0.490009	0.200343	0.516492	0.643672	0.495408	0.614194
0.506971	0.653687	0.494347	0.193168	0.490237	0.613578	0.499963	0.614550
0.480440	0.651375	0.502776	0.185697	0.528563	0.641213	0.487964	0.634180
0.485062	0.613550	0.496174	0.172725	0.496606	0.648626	0.472251	0.601883
0.500282	0.614423	0.477301	0.173203	0.493135	0.634970	0.494418	0.606381
0.486061	0.642614	0.514972	0.184398	0.499703	0.617014	0.482087	0.626329
0.517750	0.639774	0.537954	0.182656	0.514658	0.640470	0.496674	0.625901
0.491838	0.628899	0.490050	0.190753	0.498813	0.618815	0.500194	0.666527
0.493920	0.654047	0.480120	0.194034	0.522899	0.652007	0.501488	0.627568
0.516795	0.492983	0.512344	0.517068	0.494794	0.533631	0.213088	0.503863
0.495000	0.493159	0.473286	0.501040	0.505928	0.517964	0.204510	0.491057
0.522541	0.531362	0.499500	0.505703	0.501739	0.545106	0.171776	0.482416
0.510933	0.502021	0.475085	0.519989	0.502800	0.484029	0.195479	0.508284
0.469451	0.469965	0.521974	0.490273	0.488122	0.493251	0.221609	0.527817
0.504685	0.520759	0.489194	0.499620	0.493754	0.513355	0.166802	0.482944
0.481701	0.536332	0.491199	0.494541	0.508284	0.512669	0.200551	0.493501
0.494800	0.512213	0.515004	0.489262	0.524606	0.484641	0.191824	0.516958
0.517528	0.514116	0.490504	0.496928	0.512971	0.504274	0.229971	0.513829
0.507800	0.494139	0.472052	0.542825	0.507964	0.487411	0.204165	0.472603
0.526981	0.524076	0.518638	0.511349	0.520821	0.512092	0.176511	0.487413
0.518018	0.479475	0.486740	0.505007	0.220669	0.500380	0.200850	0.516198
0.539089	0.523946	0.518348	0.521209	0.216324	0.517778	0.200924	0.485708
0.492016	0.501277	0.512039	0.519564	0.171778	0.510837	0.179086	0.474923
0.492456	0.499874	0.495747	0.505310	0.176102	0.485743	0.193858	0.504961
0.513760	0.510785	0.505954	0.500342	0.205836	0.489722	0.185423	0.518043
0.502513	0.499689	0.512090	0.492465	0.193789	0.468574	0.209239	0.520006
0.506393	0.484338	0.483009	0.502562	0.203586	0.482142	0.209250	0.498045
0.506937	0.493799	0.478681	0.504743	0.209048	0.504284	0.210169	0.517226
0.520253	0.493607	0.489670	0.481176	0.213708	0.548015	0.168715	0.486711
0.515908	0.505853	0.493850	0.515995	0.180879	0.486573	0.167831	0.498865
0.476349	0.486578	0.478050	0.552029	0.205609	0.520543	0.228035	0.488550
0.503668	0.364392	0.503134	0.548921	0.494056	0.369110	0.500460	0.472795
0.496962	0.409877	0.472014	0.488091	0.471769	0.380157	0.528660	0.513095
0.437944	0.360737	0.506510	0.516892	0.502262	0.370863	0.494393	0.509027
0.484426	0.361277	0.517813	0.500196	0.501514	0.363971	0.522165	0.485189
0.505479	0.364332	0.508897	0.513872	0.503860	0.389112	0.529287	0.496552
0.524344	0.390426	0.483548	0.476645	0.514526	0.347418	0.520678	0.514279
0.519412	0.382800	0.472874	0.513807	0.516978	0.376708	0.509752	0.507238
0.495414	0.362427	0.519366	0.513867	0.507190	0.381180	0.505171	0.539485
0.492348	0.333311	0.522402	0.497368	0.488160	0.391925	0.477840	0.482487
0.489808	0.405168	0.491148	0.505805	0.530225	0.371694	0.476603	0.477327
0.508026	0.296348	0.474243	0.514979	0.517669	0.354807	0.534132	0.515054
0.543334	0.218657	0.489248	0.513303	0.519070	0.179761	0.200275	0.185246
0.503610	0.226968	0.509564	0.486394	0.460671	0.189107	0.208956	0.223293
0.516503	0.191925	0.491102	0.491369	0.478632	0.223498	0.204244	0.194465
0.541946	0.188996	0.494276	0.491608	0.524842	0.208242	0.201302	0.205593
0.497272	0.219537	0.512225	0.498759	0.496202	0.178481	0.205834	0.222020
0.480015	0.188630	0.534398	0.499410	0.488280	0.229265	0.182298	0.183194
0.498382	0.205240	0.469087	0.526672	0.511313	0.214835	0.192463	0.215927
0.526720	0.198871	0.486787	0.489095	0.503325	0.209038	0.223033	0.187106
0.524883	0.211246	0.505698	0.492711	0.510693	0.211665	0.140779	0.220842
0.489240	0.217809	0.478240	0.517811	0.496322	0.257640	0.177870	0.190620
0.493608	0.136590	0.496454	0.533598	0.507042	0.244575	0.204753	0.210534
0.475312	0.617804	0.482319	0.514353	0.520682	0.628504	0.627070	0.513498
0.489068	0.631014	0.517071	0.494744	0.510402	0.636714	0.692439	0.477719
0.486939	0.627646	0.476441	0.519177	0.503844	0.647465	0.659649	0.512235
0.503240	0.620422	0.488073	0.481426	0.488216	0.631546	0.629333	0.512258
0.548931	0.622832	0.498573	0.510708	0.519527	0.622483	0.643204	0.496172
0.472329	0.616072	0.499397	0.477478	0.473957	0.646113	0.621510	0.462510
0.520509	0.621630	0.518227	0.494663	0.525974	0.624335	0.619165	0.487924
0.478678	0.632982	0.494867	0.483913	0.447684	0.597322	0.607497	0.491154
0.472380	0.646923	0.502739	0.506285	0.510454	0.683210	0.644247	0.523234
0.504454	0.652099	0.483776	0.501294	0.528849	0.617503	0.654467	0.523285
0.526038	0.643569	0.494815	0.492504	0.466946	0.647868	0.638060	0.482325
0.493198	0.525174	0.526327	0.522023	0.515627	0.495195	0.157691	0.212037
0.473211	0.539722	0.536372	0.493270	0.500035	0.546684	0.200877	0.224708
0.498375	0.516494	0.486690	0.543882	0.509217	0.493189	0.225412	0.237649
0.523736	0.505008	0.484914	0.492567	0.505903	0.491440	0.178575	0.172402
0.494070	0.505031	0.492963	0.497958	0.505685	0.475253	0.186664	0.214098
0.494717	0.494801	0.463808	0.507876	0.455417	0.510078	0.180528	0.200106
0.493685	0.481581	0.490616	0.483200	0.472726	0.519844	0.253833	0.223260
0.499717	0.482565	0.525742	0.474996	0.514275	0.503628	0.183376	0.188001
0.498535	0.507130	0.496932	0.486383	0.503732	0.506768	0.187736	0.188063
0.496039	0.541555	0.501169	0.503042	0.507064	0.470098	0.189037	0.187202
0.491573	0.499068	0.487866	0.495007	0.481811	0.487523	0.206612	0.196657
0.490697	0.383493	0.499309	0.520851	0.370197	0.375172	0.390516	0.362024
0.511700	0.375753	0.488502	0.516068	0.390071	0.391561	0.376928	0.330586
0.507454	0.374960	0.524176	0.508410	0.358220	0.353337	0.327775	0.391362
0.489993	0.364695	0.510043	0.505596	0.350604	0.379345	0.332788	0.354244
0.535554	0.386945	0.479771	0.514172	0.373251	0.378725	0.357480	0.381191
0.492807	0.344093	0.519068	0.479910	0.363530	0.377852	0.337442	0.352887
0.524619	0.358332	0.505965	0.496811	0.361099	0.325030	0.356312	0.389275
0.511695	0.360359	0.525122	0.473410	0.359264	0.378940	0.387123	0.377029
0.556798	0.347854	0.510301	0.469210	0.360254	0.356824	0.375567	0.384047
0.531817	0.370227	0.510606	0.488450	0.376537	0.348741	0.339362	0.396755
0.479169	0.363534	0.444086	0.497878	0.347549	0.359552	0.363757	0.352772
0.520753	0.376351	0.497749	0.466314	0.659887	0.371730	0.514468	0.476522
0.500828	0.350884	0.473914	0.524351	0.628359	0.377995	0.473712	0.529156
0.483075	0.376851	0.493823	0.502706	0.609777	0.392157	0.526151	0.479937
0.510165	0.352524	0.489124	0.502751	0.627371	0.366060	0.502023	0.512045
0.453278	0.352619	0.515739	0.472936	0.578295	0.382588	0.525354	0.470226
0.508917	0.373443	0.512164	0.507325	0.655303	0.350034	0.478305	0.508919
0.504714	0.379397	0.500787	0.510134	0.645381	0.352309	0.523185	0.493990
0.483130	0.344914	0.461607	0.501070	0.654778	0.387772	0.458724	0.491222
0.471418	0.329393	0.493078	0.509524	0.607895	0.370393	0.485808	0.498893
0.505015	0.371760	0.521190	0.513975	0.641843	0.351446	0.487002	0.507888
0.494032	0.375625	0.505307	0.497080	0.623757	0.361786	0.471993	0.521514
0.531701	0.210223	0.498156	0.497593	0.481009	0.232334	0.492390	0.520881
0.476614	0.211189	0.508847	0.491957	0.516873	0.175194	0.503484	0.510690
0.493858	0.219306	0.497891	0.514297	0.526985	0.239794	0.493327	0.485253
0.528579	0.196374	0.501075	0.498926	0.460253	0.192559	0.477334	0.552396
0.524608	0.220968	0.485971	0.513639	0.531026	0.196755	0.499738	0.507323
0.491252	0.167359	0.509428	0.473712	0.487318	0.185775	0.537318	0.486719
0.466145	0.224179	0.499927	0.472693	0.458295	0.228129	0.474314	0.479435
0.505875	0.233781	0.515002	0.522009	0.501319	0.174366	0.549727	0.506183
0.502073	0.175368	0.497013	0.500697	0.501834	0.196965	0.510839	0.485183
0.506916	0.170090	0.498194	0.451579	0.481024	0.243442	0.502670	0.493579
0.522037	0.218238	0.494174	0.488479	0.486733	0.221058	0.507137	0.530535
0.533587	0.142859	0.492562	0.500475	0.183292	0.159024	0.108335	0.139090
0.496427	0.107167	0.485344	0.505000	0.179345	0.106830	0.145703	0.107543
0.467172	0.125334	0.522138	0.511606	0.191858	0.122712	0.139663	0.139901
0.536998	0.117143	0.498379	0.527440	0.175754	0.137264	0.117790	0.110405
0.471392	0.121799	0.485276	0.500920	0.219993	0.135077	0.107829	0.125208
0.508865	0.138887	0.510650	0.497570	0.191391	0.155308	0.108782	0.093232
0.492981	0.157758	0.461396	0.541144	0.210193	0.098069	0.130256	0.136984
0.470287	0.129138	0.527393	0.483478	0.216356	0.120311	0.135114	0.115948
0.512292	0.100485	0.546679	0.518811	0.184463	0.131535	0.135641	0.127864
0.495728	0.143163	0.504199	0.526222	0.224821	0.139367	0.088108	0.097284
0.509662	0.108232	0.477244	0.506348	0.180715	0.122398	0.122111	0.108353
0.515063	0.139673	0.467839	0.504961	0.478197	0.109223	0.063578	0.185102
0.512145	0.099206	0.513460	0.488929	0.500643	0.105069	0.072323	0.189009
0.498969	0.143954	0.517695	0.485137	0.482208	0.141212	0.096618	0.211424
0.527176	0.119092	0.482334	0.506742	0.477361	0.121131	0.082503	0.161204
0.473986	0.123138	0.497632	0.529138	0.509966	0.160774	0.065598	0.260878
0.485902	0.116910	0.510580	0.512797	0.488320	0.160334	0.092830	0.160454
0.474758	0.137968	0.518170	0.535603	0.537486	0.134247	0.091240	0.202190
0.497736	0.135495	0.527633	0.525791	0.517303	0.141515	0.103320	0.142237
0.511920	0.128855	0.478838	0.478127	0.499477	0.124253	0.082057	0.202132
0.502746	0.138992	0.483466	0.518142	0.479729	0.127159	0.060815	0.214222
0.479347	0.113408	0.473075	0.495570	0.485989	0.122875	0.109416	0.218055
0.502176	0.635021	0.502567	0.491684	0.517845	0.674143	0.478221	0.499754
0.542699	0.619624	0.495384	0.480785	0.447783	0.669185	0.503671	0.501440
0.483174	0.613502	0.513282	0.456655	0.507126	0.593255	0.506805	0.494118
0.510461	0.634349	0.531226	0.484976	0.529861	0.663214	0.483810	0.479087
0.508000	0.636072	0.463630	0.500604	0.466676	0.628951	0.495700	0.479818
0.463695	0.640867	0.501823	0.499634	0.473108	0.640274	0.478721	0.494807
0.473147	0.638652	0.506109	0.511394	0.495733	0.638510	0.453953	0.505149
0.518291	0.573252	0.474176	0.455831	0.485670	0.650437	0.487845	0.505491
0.489370	0.611393	0.506685	0.492945	0.508053	0.634234	0.471835	0.500540
0.475464	0.639063	0.482518	0.497707	0.507483	0.601371	0.504807	0.505131
0.484796	0.631647	0.465643	0.514747	0.503807	0.616860	0.518790	0.535217
0.497587	0.513039	0.503320	0.508626	0.391842	0.510310	0.226060	0.546017
0.528480	0.510919	0.477887	0.507138	0.325049	0.503738	0.184921	0.494553
0.530295	0.440972	0.511304	0.521878	0.367184	0.516562	0.212994	0.498435
0.512365	0.487647	0.498135	0.535069	0.398158	0.541026	0.179436	0.512456
0.476001	0.505304	0.496175	0.468619	0.357468	0.497216	0.168920	0.499549
0.520583	0.520810	0.495973	0.534719	0.381511	0.509369	0.204059	0.509979
0.512025	0.493168	0.474330	0.493952	0.353471	0.494049	0.167979	0.518939
0.495744	0.497449	0.503055	0.514206	0.351128	0.517609	0.170699	0.481892
0.523821	0.495129	0.463659	0.516641	0.339567	0.497425	0.202935	0.503335
0.482208	0.455795	0.500762	0.472636	0.370660	0.463273	0.220211	0.486028
0.514742	0.531602	0.529614	0.524158	0.358145	0.473780	0.180970	0.536467
0.492060	0.364059	0.486144	0.525647	0.510604	0.342572	0.457662	0.509519
0.524548	0.347422	0.503771	0.504095	0.450164	0.372072	0.472117	0.511295
0.465729	0.379863	0.515185	0.491201	0.516478	0.361352	0.517104	0.492421
0.483069	0.360694	0.526508	0.475590	0.517194	0.358187	0.522988	0.489482
0.479734	0.344607	0.500584	0.511730	0.496210	0.350761	0.497633	0.502814
0.550041	0.360948	0.476043	0.474731	0.513225	0.383838	0.520084	0.515419
0.536839	0.363378	0.513138	0.518633	0.477694	0.397325	0.528141	0.506103
0.496224	0.363120	0.466466	0.494449	0.518657	0.341997	0.503786	0.492201
0.502834	0.369829	0.475903	0.538952	0.499344	0.348798	0.500617	0.504343
0.513106	0.361259	0.527737	0.488482	0.515798	0.342108	0.487126	0.513129
0.504434	0.325894	0.513360	0.508418	0.512746	0.364393	0.477280	0.507951
0.480249	0.634380	0.530476	0.468595	0.500993	0.485845	0.494941	0.608678
0.491027	0.612968	0.502022	0.470921	0.493909	0.481961	0.517679	0.618298
0.506915	0.659738	0.509253	0.480443	0.476652	0.505534	0.499439	0.659261
0.478718	0.650521	0.489258	0.484475	0.460175	0.497143	0.517106	0.614912
0.510184	0.631413	0.497194	0.493138	0.488937	0.487052	0.515583	0.641547
0.524683	0.659847	0.501096	0.486875	0.494618	0.533873	0.496650	0.627951
0.493211	0.630495	0.523702	0.501700	0.524886	0.483436	0.507093	0.611943
0.531216	0.653323	0.491552	0.507530	0.486518	0.482852	0.479447	0.595162
0.492783	0.664878	0.498395	0.506868	0.500665	0.529757	0.513715	0.652995
0.542303	0.638490	0.506217	0.514777	0.515720	0.484076	0.530949	0.611969
0.473353	0.657688	0.494520	0.519084	0.521160	0.482498	0.508212	0.615901
0.476598	0.655946	0.512776	0.497644	0.198995	0.640598	0.352131	0.657336
0.476478	0.646479	0.502436	0.568588	0.194262	0.652417	0.341230	0.662593
0.498421	0.624180	0.492205	0.496237	0.243758	0.636758	0.361163	0.605226
0.502611	0.622872	0.504976	0.496234	0.201740	0.652044	0.376308	0.635755
0.520715	0.632401	0.509942	0.471060	0.189354	0.614892	0.397718	0.660911
0.441730	0.649441	0.457223	0.499787	0.224170	0.629344	0.402379	0.632076
0.527119	0.643389	0.535567	0.514705	0.164983	0.632044	0.348462	0.654535
0.518715	0.630284	0.478282	0.522712	0.167723	0.663459	0.353960	0.664273
0.494048	0.645917	0.490706	0.481520	0.189230	0.636291	0.330126	0.588734
0.512225	0.632803	0.476674	0.542628	0.199214	0.631817	0.371783	0.585533
0.523946	0.625181	0.508032	0.480941	0.198926	0.649387	0.371359	0.657648
0.501328	0.495853	0.531869	0.488184	0.502541	0.483640	0.483648	0.222000
0.508204	0.482914	0.503789	0.488203	0.506269	0.498373	0.509631	0.228705
0.508511	0.495430	0.502979	0.526215	0.474380	0.489348	0.487724	0.220664
0.493802	0.491252	0.482447	0.513053	0.517105	0.484008	0.526467	0.223950
0.488598	0.520544	0.490573	0.490197	0.490311	0.532308	0.485994	0.194792
0.480523	0.522843	0.487945	0.492831	0.474132	0.500572	0.492444	0.191051
0.491462	0.457850	0.509175	0.490476	0.507834	0.517180	0.509537	0.182246
0.504043	0.506377	0.485813	0.533767	0.501966	0.480334	0.507324	0.161381
0.514911	0.494728	0.508530	0.505657	0.462247	0.474866	0.522860	0.196852
0.495213	0.513860	0.513974	0.501220	0.462681	0.465861	0.494187	0.212843
0.473039	0.511115	0.489106	0.525191	0.472570	0.500343	0.488281	0.196005
0.479678	0.629688	0.485753	0.532418	0.550715	0.663193	0.641138	0.477511
0.511532	0.621058	0.478104	0.535174	0.473636	0.623099	0.644359	0.489422
0.497914	0.613090	0.487240	0.481115	0.547365	0.664396	0.609875	0.491109
0.483934	0.639928	0.481171	0.504248	0.496578	0.641527	0.615398	0.480484
0.486098	0.667173	0.502551	0.467948	0.507586	0.655241	0.618437	0.503561
0.482155	0.650615	0.506065	0.522557	0.503372	0.660523	0.665263	0.458193
0.496989	0.648123	0.503227	0.514739	0.500132	0.654250	0.655525	0.525787
0.521468	0.652020	0.519331	0.522869	0.467406	0.676083	0.641536	0.551384
0.499747	0.626026	0.499994	0.556517	0.525766	0.634638	0.602597	0.511506
0.528346	0.622357	0.504813	0.501189	0.512965	0.621860	0.637008	0.482578
0.483339	0.635607	0.528405	0.505319	0.518170	0.629299	0.621216	0.457979
0.463372	0.621020	0.498140	0.504394	0.474091	0.634381	0.499077	0.601773
0.527938	0.623900	0.519195	0.467250	0.499756	0.620434	0.510187	0.633464
0.485243	0.619010	0.471770	0.513271	0.499401	0.646535	0.509828	0.657633
0.544500	0.670795	0.487402	0.515197	0.498396	0.656033	0.522567	0.626149
0.508261	0.661216	0.469151	0.488659	0.464128	0.607462	0.499472	0.627425
0.538506	0.638174	0.485689	0.494898	0.497110	0.593303	0.505923	0.634063
0.484050	0.637365	0.512313	0.507969	0.509302	0.630223	0.530859	0.675812
0.524946	0.650182	0.502723	0.520780	0.489237	0.645724	0.501607	0.642091
0.519346	0.646186	0.479568	0.506824	0.535297	0.627112	0.491550	0.645515
0.509530	0.613623	0.488816	0.526200	0.482233	0.641382	0.517860	0.626153
0.517672	0.606465	0.536492	0.499656	0.516886	0.647263	0.504149	0.664006
0.505006	0.121239	0.463232	0.488973	0.080206	0.135408	0.200641	0.215845
0.490454	0.157262	0.495881	0.540248	0.086133	0.144971	0.181387	0.205283
0.466616	0.108004	0.514034	0.473330	0.145142	0.127879	0.180316	0.195369
0.489404	0.124991	0.504143	0.517161	0.125969	0.108310	0.223936	0.182761
0.510469	0.123432	0.500446	0.504300	0.139899	0.098346	0.208879	0.174582
0.493593	0.133889	0.490240	0.497025	0.139571	0.141951	0.215838	0.224957
0.499735	0.135107	0.526599	0.469526	0.137843	0.088600	0.184685	0.211617
0.459080	0.111238	0.490016	0.506440	0.104054	0.125623	0.218972	0.233861
0.509563	0.130015	0.506315	0.471819	0.159745	0.110699	0.213115	0.192255
0.489711	0.112116	0.471672	0.501403	0.112433	0.100555	0.173499	0.206781
0.477808	0.083165	0.468649	0.506865	0.117843	0.131707	0.200564	0.190791
0.519292	0.105544	0.503610	0.498932	0.507584	0.134328	0.107782	0.113301
0.489554	0.123947	0.505823	0.549257	0.504563	0.150223	0.128398	0.131930
0.517755	0.143416	0.464111	0.500659	0.511019	0.159067	0.100392	0.131568
0.474920	0.118525	0.515841	0.482947	0.493742	0.164340	0.080094	0.140367
0.516815	0.137416	0.506427	0.496825	0.511031	0.149911	0.104118	0.164307
0.487958	0.174631	0.490231	0.489951	0.497370	0.160494	0.151197	0.107856
0.466096	0.111025	0.524070	0.464287	0.507656	0.101328	0.101645	0.161122
0.521585	0.113301	0.526654	0.522562	0.507713	0.130248	0.150899	0.101309
0.500131	0.108974	0.494681	0.526581	0.461018	0.093687	0.100827	0.134443
0.489287	0.153017	0.466269	0.513101	0.496115	0.156901	0.132288	0.145446
0.490863	0.095518	0.511806	0.499260	0.524696	0.116584	0.078929	0.114928
0.497827	0.509148	0.483403	0.485796	0.513583	0.394584	0.185360	0.389498
0.508116	0.509935	0.491999	0.470907	0.506828	0.386689	0.258942	0.337907
0.496370	0.489840	0.476822	0.493722	0.480441	0.338302	0.254632	0.380317
0.474197	0.492578	0.491114	0.517283	0.505376	0.350661	0.199149	0.334855
0.495136	0.509294	0.533128	0.512092	0.517324	0.364997	0.198172	0.364753
0.501437	0.478825	0.523390	0.503188	0.507864	0.406182	0.179945	0.382640
0.523425	0.463109	0.531494	0.472819	0.486229	0.327679	0.205515	0.375805
0.478577	0.499633	0.510158	0.525312	0.467320	0.345428	0.194585	0.379890
0.510287	0.504732	0.506389	0.488170	0.488036	0.385532	0.146291	0.362731
0.524825	0.514069	0.520711	0.504688	0.489982	0.362316	0.176858	0.347194
0.486049	0.465572	0.491933	0.479281	0.498978	0.353242	0.173296	0.350243
0.488581	0.309597	0.561320	0.526154	0.196607	0.355998	0.320466	0.358847
0.481783	0.376563	0.514869	0.485956	0.235659	0.354450	0.346337	0.379655
0.539221	0.404226	0.534742	0.510076	0.199472	0.352029	0.351669	0.377528
0.514868	0.362710	0.485197	0.453314	0.189103	0.317902	0.349900	0.342916
0.472619	0.360907	0.496597	0.480181	0.164292	0.333819	0.345489	0.333609
0.497907	0.387912	0.474908	0.506332	0.167861	0.359127	0.356433	0.393795
0.496476	0.391289	0.487124	0.536169	0.196358	0.354814	0.353138	0.377673
0.500404	0.339906	0.500157	0.510011	0.205932	0.357290	0.369969	0.363439
0.490440	0.367412	0.508780	0.489708	0.233340	0.363627	0.376172	0.374664
0.513956	0.365075	0.522213	0.499176	0.208963	0.361191	0.356316	0.357150
0.497496	0.357932	0.510833	0.516888	0.206441	0.327176	0.379481	0.379560
0.493408	0.478942	0.478064	0.494393	0.474653	0.493774	0.110260	0.522029
0.471004	0.494512	0.494303	0.517857	0.482032	0.534248	0.125580	0.484253
0.496533	0.526260	0.517536	0.510390	0.474497	0.484531	0.153471	0.502407
0.521028	0.529166	0.517604	0.488203	0.505976	0.498808	0.091263	0.494549
0.515192	0.462910	0.461370	0.488781	0.470769	0.509768	0.140142	0.459477
0.505035	0.517616	0.523293	0.505610	0.471178	0.497225	0.116116	0.505842
0.527792	0.478988	0.492052	0.471691	0.541214	0.486885	0.078819	0.475477
0.507762	0.500792	0.503465	0.508502	0.524827	0.478336	0.117045	0.502965
0.503548	0.524378	0.468104	0.492929	0.473018	0.482964	0.100833	0.488039
0.454859	0.473840	0.516101	0.489769	0.486355	0.504577	0.111253	0.508795
0.510710	0.487782	0.480372	0.496111	0.536649	0.493244	0.098700	0.487776
0.516948	0.360646	0.488877	0.481829	0.534587	0.377907	0.370920	0.368729
0.488764	0.403090	0.486084	0.526221	0.481339	0.387188	0.387394	0.359306
0.483887	0.376894	0.477895	0.482110	0.477248	0.390210	0.391267	0.332708
0.462086	0.363504	0.526716	0.468902	0.501929	0.360904	0.365141	0.360677
0.517303	0.343209	0.529363	0.531252	0.511202	0.367040	0.391030	0.361994
0.515529	0.353810	0.516784	0.514978	0.498448	0.381372	0.369743	0.389708
0.507663	0.359062	0.479634	0.484810	0.498747	0.342283	0.386550	0.381627
0.518548	0.335752	0.505223	0.528720	0.492155	0.377520	0.376076	0.346717
0.521095	0.352398	0.486669	0.508201	0.453248	0.354759	0.356106	0.438118
0.480120	0.378648	0.505555	0.513560	0.498879	0.338237	0.365867	0.376132
0.510510	0.347848	0.474578	0.490046	0.498530	0.380145	0.345159	0.388799
0.483716	0.136405	0.495130	0.519986	0.499922	0.118931	0.208285	0.196503
0.460817	0.105404	0.516407	0.488480	0.514491	0.147853	0.173408	0.218142
0.510403	0.136124	0.502855	0.510173	0.459026	0.114758	0.214573	0.182600
0.466869	0.117688	0.495444	0.505244	0.511468	0.098259	0.212479	0.204146
0.501413	0.120581	0.487074	0.505224	0.490980	0.134130	0.211319	0.201608
0.492004	0.122568	0.517630	0.501717	0.451241	0.140648	0.223309	0.192618
0.480220	0.120068	0.482877	0.500436	0.529293	0.117917	0.196190	0.228382
0.488106	0.102500	0.514868	0.500221	0.496445	0.137521	0.186460	0.200610
0.492421	0.109041	0.459232	0.503248	0.509711	0.097160	0.205573	0.219513
0.537056	0.125974	0.484868	0.516113	0.515021	0.144906	0.180887	0.174462
0.523057	0.087525	0.490758	0.473856	0.488634	0.103094	0.206528	0.209906
0.508381	0.532208	0.507436	0.531050	0.199048	0.379638	0.463342	0.365842
0.505901	0.483901	0.511996	0.517016	0.195451	0.381321	0.499925	0.374609
0.519620	0.465924	0.495549	0.502204	0.220223	0.372040	0.476106	0.377850
0.508243	0.473300	0.536822	0.485512	0.175164	0.346631	0.499147	0.386740
0.465892	0.514211	0.509777	0.468741	0.188372	0.368639	0.492416	0.397769
0.529934	0.523539	0.491485	0.499336	0.178632	0.372210	0.499458	0.380728
0.466072	0.444267	0.484944	0.514617	0.209433	0.355132	0.478272	0.373266
0.468044	0.497855	0.492095	0.499896	0.183345	0.346989	0.492689	0.345350
0.527500	0.529659	0.523959	0.491428	0.190956	0.339159	0.519460	0.385379
0.503314	0.495210	0.520134	0.534758	0.185241	0.336425	0.509156	0.367818
0.501400	0.497080	0.498739	0.461623	0.203046	0.354517	0.462151	0.361453
0.528528	0.380254	0.488416	0.519941	0.197029	0.365908	0.367448	0.505412
0.557914	0.405015	0.493592	0.498905	0.192881	0.360529	0.337341	0.539487
0.517891	0.362143	0.509976	0.518016	0.205431	0.339453	0.360438	0.523811
0.482251	0.343136	0.491111	0.508710	0.165201	0.387236	0.369982	0.495667
0.505652	0.348818	0.509441	0.492134	0.189157	0.388127	0.343201	0.498056
0.514228	0.348430	0.485101	0.498454	0.220573	0.380387	0.417547	0.513420
0.472566	0.349894	0.500206	0.473859	0.216564	0.354589	0.384523	0.447903
0.456455	0.353590	0.509026	0.542374	0.188575	0.357506	0.394207	0.514540
0.512563	0.383149	0.472062	0.483820	0.202076	0.326871	0.387021	0.467187
0.516384	0.393446	0.459380	0.484420	0.211086	0.363525	0.369294	0.513717
0.494317	0.367283	0.484944	0.481473	0.178703	0.377718	0.355520	0.501657
0.495600	0.643268	0.482925	0.519101	0.185195	0.619314	0.491157	0.490641
0.523669	0.650271	0.492758	0.516624	0.195562	0.653399	0.482044	0.501136
0.468723	0.597741	0.541811	0.515618	0.188465	0.628957	0.503454	0.501778
0.477439	0.644446	0.497093	0.505628	0.236833	0.635299	0.514444	0.528136
0.535680	0.656813	0.538048	0.509091	0.215093	0.658433	0.477757	0.512522
0.485797	0.648336	0.509871	0.507843	0.213674	0.661585	0.541263	0.501601
0.478929	0.646014	0.519333	0.505833	0.204580	0.603392	0.531519	0.510456
0.497462	0.618755	0.548364	0.509793	0.204148	0.665784	0.494127	0.481393
0.482340	0.629112	0.513581	0.467840	0.211479	0.669543	0.486618	0.522195
0.482447	0.640187	0.504150	0.512524	0.159506	0.642301	0.506454	0.489241
0.490803	0.654516	0.503287	0.503202	0.198030	0.622166	0.507253	0.490373
0.493192	0.631027	0.531223	0.525613	0.211468	0.637182	0.468307	0.502935
0.512990	0.611389	0.495946	0.480028	0.218555	0.636654	0.516680	0.508809
0.490537	0.659288	0.503254	0.480610	0.243714	0.623370	0.527469	0.494313
0.520002	0.614325	0.491281	0.509532	0.205025	0.635238	0.497100	0.510160
0.516015	0.635345	0.518181	0.514309	0.192153	0.591547	0.510043	0.530557
0.463211	0.649298	0.486588	0.511883	0.169972	0.633351	0.466367	0.494410
0.546260	0.629220	0.486184	0.500482	0.185946	0.614017	0.486489	0.516182
0.488911	0.616905	0.512120	0.527719	0.203510	0.630223	0.492942	0.512514
0.528133	0.663898	0.487280	0.537643	0.210738	0.646674	0.506207	0.492392
0.494715	0.658169	0.481228	0.510482	0.175590	0.612454	0.504017	0.485260
0.489900	0.632707	0.504769	0.507247	0.248518	0.653638	0.484827	0.496770
0.476846	0.607286	0.509098	0.526353	0.222169	0.658342	0.490353	0.501602
0.479556	0.629368	0.521805	0.517900	0.241243	0.653043	0.459681	0.505877
0.480988	0.652205	0.539908	0.517419	0.190400	0.649760	0.513615	0.486073
0.513714	0.638603	0.494357	0.521200	0.212418	0.651485	0.486543	0.517919
0.506583	0.649259	0.510017	0.528997	0.165264	0.650239	0.499132	0.489371
