0.486188	0.679489	0.526003	0.515579
0.468451	0.658672	0.478139	0.496047
0.485621	0.643044	0.507916	0.454633
0.492768	0.669142	0.503188	0.520190
0.507166	0.652221	0.511720	0.556012
0.490848	0.664392	0.473896	0.523533
0.523723	0.666073	0.521713	0.542640
0.514714	0.657641	0.486914	0.510148
0.479143	0.663247	0.470441	0.520152
0.473166	0.686057	0.539419	0.497568
0.497275	0.671312	0.498797	0.511427
0.522697	0.653120	0.523278	0.520952
0.476227	0.658361	0.527951	0.534589
0.498730	0.662916	0.507835	0.498496
0.509102	0.634682	0.500519	0.501813
0.492256	0.653018	0.518161	0.489730
0.516808	0.659140	0.521771	0.495732
0.507785	0.664014	0.497283	0.474372
0.482058	0.663966	0.487423	0.523897
0.522914	0.672933	0.524522	0.515809
0.464462	0.688131	0.510467	0.497675
0.471049	0.650872	0.465652	0.498540
0.454075	0.503235	0.023935	0.472804
0.509975	0.480834	0.017170	0.510419
0.470102	0.500298	0.033565	0.490496
0.529235	0.473038	0.011397	0.527192
0.484660	0.473130	0.035716	0.475552
0.492307	0.505782	0.004514	0.513328
0.486150	0.500638	0.015904	0.503995
0.508972	0.470983	0.033367	0.498710
0.517516	0.481155	0.008429	0.458386
0.490144	0.462720	0.017511	0.480059
0.485493	0.505190	0.002069	0.474626
0.464963	0.478897	0.009167	0.474059
0.492476	0.509076	0.005559	0.545679
0.493204	0.539698	0.006801	0.512142
0.493991	0.545161	0.045876	0.502628
0.473165	0.498352	0.028210	0.519450
0.454840	0.526018	0.008943	0.522042
0.502951	0.510686	0.001636	0.522644
0.481206	0.522725	0.018037	0.489229
0.501099	0.536567	0.004311	0.505618
0.468009	0.504230	0.000908	0.532068
0.485399	0.531204	0.013055	0.505558
0.484531	0.523544	0.474202	0.480973
0.511468	0.509896	0.504984	0.512953
0.521518	0.505526	0.498788	0.461935
0.493047	0.519207	0.479442	0.474441
0.517454	0.478306	0.496199	0.504650
0.466451	0.516330	0.492550	0.519725
0.495477	0.506448	0.539524	0.523598
0.469559	0.515448	0.487675	0.502420
0.476167	0.520596	0.503028	0.495400
0.545695	0.490973	0.508562	0.472683
0.503786	0.535037	0.525385	0.491637
0.487001	0.482427	0.511765	0.492821
0.513117	0.508338	0.500765	0.498238
0.495339	0.472119	0.494652	0.498474
0.464677	0.472440	0.472264	0.523412
0.472399	0.499470	0.499648	0.493013
0.505187	0.333640	0.509858	0.470104
0.488476	0.325405	0.482759	0.487445
0.497856	0.336734	0.504665	0.494330
0.489357	0.336656	0.483423	0.494174
0.486892	0.287459	0.519392	0.460055
0.489417	0.290184	0.490235	0.519127
0.505635	0.337814	0.538579	0.511802
0.505714	0.332056	0.493976	0.487287
0.477859	0.325834	0.516022	0.486274
0.491942	0.341832	0.502236	0.462653
0.500143	0.349660	0.504750	0.513494
0.493292	0.330737	0.549399	0.512388
0.515348	0.333054	0.478876	0.497379
0.471976	0.367290	0.478111	0.524725
0.506818	0.323775	0.508247	0.506964
0.505551	0.319839	0.526143	0.513178
0.552681	0.314524	0.509443	0.525692
0.498307	0.371932	0.488716	0.490304
0.524507	0.325756	0.501128	0.506540
0.499902	0.341515	0.500160	0.490595
0.464563	0.290709	0.536107	0.490974
0.484863	0.303988	0.495519	0.505183
0.511645	0.325369	0.494173	0.481238
0.516653	0.292723	0.525317	0.490189
0.470112	0.329899	0.522754	0.498971
0.499309	0.330292	0.519625	0.495742
0.505237	0.507274	0.504161	0.478809
0.507427	0.573725	0.482964	0.507188
0.491640	0.515961	0.506080	0.492712
0.528139	0.531043	0.513531	0.551078
0.495193	0.497341	0.531665	0.516675
0.515586	0.527183	0.441597	0.485630
0.512681	0.504413	0.495200	0.517192
0.472454	0.494461	0.509204	0.497553
0.465817	0.499495	0.488246	0.483387
0.516914	0.491773	0.472719	0.504001
0.519096	0.479363	0.478996	0.492172
0.498669	0.484678	0.476200	0.500896
0.494292	0.482431	0.497423	0.514142
0.518380	0.489952	0.467996	0.491246
0.472168	0.538637	0.524617	0.490140
0.537780	0.470551	0.479616	0.502738
0.505370	0.006598	0.493484	0.481668
0.504980	0.027562	0.499423	0.518861
0.502464	0.029647	0.501087	0.483998
0.475384	0.004228	0.501774	0.493690
0.486357	0.011375	0.556624	0.502735
0.506715	0.030340	0.487990	0.481454
0.497602	0.011772	0.483273	0.512189
0.461418	0.037919	0.491593	0.528789
0.500602	0.008737	0.466424	0.504695
0.514027	0.015912	0.452897	0.479157
0.504348	0.004011	0.503446	0.480860
0.491434	0.013499	0.524323	0.535973
0.507186	0.038536	0.501331	0.497189
0.531269	0.003139	0.503495	0.511565
0.508915	0.008188	0.515147	0.477897
0.544768	0.027154	0.494224	0.540222
0.516189	0.039154	0.506025	0.531519
0.546502	0.034294	0.497271	0.478155
0.479612	0.024198	0.498548	0.473144
0.488071	0.496112	0.509168	0.472069
0.503135	0.483530	0.513394	0.476852
0.523203	0.476015	0.482468	0.522458
0.499774	0.513722	0.514458	0.524736
0.483924	0.502151	0.520349	0.491349
0.514808	0.526558	0.542481	0.497126
0.500341	0.512919	0.524584	0.531304
0.544985	0.482170	0.498632	0.469484
0.536198	0.486547	0.497545	0.490147
0.505093	0.630074	0.490320	0.508552
0.514542	0.678324	0.495018	0.504430
0.509508	0.666754	0.483165	0.477979
0.475461	0.656559	0.496742	0.476843
0.501563	0.685030	0.524927	0.498636
0.465082	0.658078	0.492664	0.524532
0.515423	0.711765	0.482342	0.494488
0.515433	0.676222	0.489203	0.488301
0.509777	0.662159	0.493786	0.506572
0.528742	0.662893	0.472265	0.499232
0.441160	0.660009	0.502028	0.504026
0.487465	0.677273	0.485119	0.484866
0.471355	0.653452	0.484683	0.485355
0.508490	0.696080	0.480613	0.481262
0.483314	0.649976	0.491814	0.480510
0.514860	0.638943	0.536474	0.500552
0.495337	0.662372	0.492083	0.500288
0.521319	0.687433	0.516979	0.504343
0.526185	0.669544	0.490978	0.490266
0.487508	0.673658	0.476378	0.507910
0.466734	0.625855	0.524905	0.511030
0.501083	0.650710	0.518404	0.493837
0.501500	0.673689	0.475748	0.498978
0.452684	0.680203	0.541764	0.520803
0.528619	0.483677	0.501209	0.502273
0.491215	0.475754	0.521839	0.518890
0.540433	0.502576	0.491719	0.508551
0.464461	0.476388	0.476665	0.489694
0.487715	0.463921	0.540369	0.528975
0.518282	0.494056	0.542052	0.528447
0.466076	0.508764	0.529245	0.514062
0.487482	0.501749	0.510640	0.484810
0.484282	0.527616	0.480830	0.517148
0.507150	0.542732	0.493132	0.477868
0.491781	0.517392	0.504635	0.509710
0.494965	0.465589	0.512644	0.490060
0.478850	0.501135	0.532555	0.515789
0.514904	0.485803	0.531511	0.490696
0.515013	0.491391	0.506955	0.473725
0.527588	0.478666	0.469113	0.468294
0.506430	0.488397	0.526126	0.510928
0.508434	0.486897	0.511523	0.506329
0.461237	0.467526	0.482489	0.484856
0.513408	0.510406	0.525471	0.493435
0.476756	0.498633	0.545781	0.505931
0.487333	0.503513	0.511866	0.503832
0.512614	0.505852	0.474403	0.499604
0.492308	0.471441	0.530447	0.501386
0.530389	0.526575	0.531768	0.473410
0.476122	0.542949	0.484785	0.491350
0.467162	0.488328	0.501555	0.479723
0.530064	0.493184	0.558597	0.492250
0.509118	0.520920	0.503451	0.514397
0.523285	0.524863	0.445684	0.491324
0.499194	0.504946	0.506636	0.494341
0.505060	0.011171	0.508497	0.488874
0.506445	0.004842	0.478802	0.515270
0.505201	0.044990	0.538416	0.476341
0.491387	0.016471	0.506173	0.488617
0.484182	0.000090	0.507056	0.481748
0.488050	0.006246	0.488331	0.542689
0.512127	0.017523	0.517253	0.481015
0.520959	0.028702	0.501916	0.506843
0.490463	0.018204	0.479643	0.493718
0.495674	0.007281	0.516835	0.515440
0.521101	0.339500	0.457834	0.502421
0.512585	0.307950	0.508768	0.496742
0.502327	0.348813	0.490076	0.517563
0.496615	0.295583	0.519341	0.514584
0.516275	0.344296	0.493975	0.506987
0.510809	0.301786	0.501501	0.506377
0.520605	0.292569	0.492959	0.492893
0.499399	0.325451	0.495854	0.473924
0.486180	0.356986	0.514704	0.457484
0.511582	0.308306	0.499297	0.493926
0.491034	0.348789	0.465235	0.506813
0.484102	0.348189	0.509625	0.508314
0.491547	0.368894	0.495862	0.497544
0.523174	0.309537	0.505176	0.491192
0.510697	0.324949	0.496755	0.528855
0.476916	0.374525	0.515269	0.504851
0.518813	0.283400	0.521794	0.505398
0.483551	0.324965	0.490713	0.496006
0.495312	0.337272	0.497956	0.489497
0.519026	0.004483	0.654449	0.047949
0.506370	0.020509	0.675009	0.010228
0.522902	0.002742	0.651172	0.013471
0.494095	0.020867	0.689254	0.010448
0.506930	0.025492	0.677407	0.023248
0.489412	0.029248	0.671972	0.000098
0.508208	0.039674	0.656302	0.004129
0.495250	0.000678	0.653249	0.004540
0.501248	0.008057	0.680826	0.014919
0.486687	0.024884	0.660388	0.018867
0.464257	0.517337	0.480610	0.503700
0.525336	0.502862	0.508280	0.505429
0.510410	0.466837	0.509247	0.497936
0.478794	0.530884	0.498996	0.492817
0.523314	0.497003	0.487871	0.488931
0.532408	0.511083	0.516691	0.504518
0.529804	0.497835	0.513466	0.519908
0.513508	0.485941	0.512883	0.547279
0.518071	0.510995	0.504154	0.483729
0.515405	0.489847	0.506611	0.469623
0.479325	0.496874	0.513621	0.499779
0.496873	0.506670	0.495208	0.476728
0.520834	0.514999	0.494688	0.513419
0.502587	0.499483	0.523048	0.508038
0.514426	0.500806	0.464926	0.478005
0.507511	0.490764	0.515980	0.476640
0.509551	0.529260	0.474434	0.519391
0.503663	0.021579	0.342735	0.490347
0.504504	0.028301	0.352717	0.462209
0.475386	0.047836	0.357244	0.495098
0.504767	0.015330	0.356702	0.481182
0.509642	0.024349	0.305883	0.493743
0.453419	0.008259	0.340505	0.496470
0.511113	0.008443	0.362734	0.486740
0.529298	0.047200	0.335885	0.508127
0.497679	0.674719	0.005485	0.009228
0.515890	0.665754	0.016463	0.020940
0.493433	0.642761	0.031317	0.007871
0.507357	0.662797	0.010327	0.010782
0.470747	0.619912	0.001500	0.002859
0.498569	0.676886	0.010653	0.006980
0.530245	0.652366	0.002841	0.045351
0.478470	0.682479	0.015403	0.045442
0.526559	0.675936	0.004763	0.042472
0.496304	0.686097	0.021981	0.000230
0.508987	0.663508	0.021790	0.004512
0.513348	0.650630	0.032683	0.002072
0.485560	0.676975	0.021384	0.015242
0.519549	0.666475	0.017672	0.001524
0.431541	0.668549	0.014268	0.003605
0.482951	0.676810	0.014005	0.017119
0.543959	0.644525	0.022944	0.016741
0.500369	0.624114	0.004415	0.017746
0.472790	0.654375	0.531743	0.499100
0.517886	0.684875	0.474127	0.502955
0.530886	0.676273	0.511602	0.528774
0.497204	0.680765	0.505044	0.514140
0.470686	0.659530	0.504194	0.493315
0.497100	0.656330	0.516800	0.517287
0.495854	0.661175	0.498571	0.499538
0.529112	0.648607	0.474113	0.504165
0.499621	0.504324	0.490413	0.511692
0.508425	0.527560	0.480356	0.520218
0.487596	0.520648	0.520742	0.495933
0.469345	0.484562	0.538485	0.484762
0.504625	0.512350	0.505712	0.466769
0.474544	0.475406	0.517115	0.533661
0.508423	0.522513	0.510549	0.512141
0.503793	0.485355	0.493155	0.505006
0.478852	0.479562	0.543642	0.519666
0.491064	0.505365	0.498501	0.505055
0.487339	0.518611	0.463559	0.479784
0.485968	0.468322	0.508882	0.512237
0.518278	0.515741	0.464560	0.517018
0.523210	0.510030	0.535219	0.516149
0.564026	0.514031	0.469902	0.501243
0.482432	0.485123	0.526131	0.522493
0.474142	0.316917	0.008137	0.456756
0.494736	0.343625	0.004119	0.502954
0.469345	0.335835	0.014227	0.491965
0.506732	0.324668	0.012373	0.504118
0.504616	0.352419	0.013866	0.493496
0.523176	0.297360	0.041401	0.523669
0.529279	0.356968	0.037765	0.519349
0.502076	0.503497	0.011180	0.000334
0.504296	0.527149	0.004292	0.012850
0.512339	0.544708	0.045124	0.018143
0.470421	0.490318	0.033402	0.050095
0.492832	0.505256	0.060859	0.013444
0.485747	0.481412	0.032070	0.001743
0.493132	0.505841	0.004258	0.020028
0.515862	0.489090	0.000165	0.007359
0.477531	0.503816	0.004897	0.006098
0.487055	0.462738	0.005265	0.020901
0.484318	0.491315	0.025611	0.010547
0.527259	0.499442	0.017338	0.008191
0.543438	0.500982	0.026195	0.004445
0.485780	0.489155	0.025502	0.024616
0.489497	0.491886	0.036918	0.009252
0.504138	0.507575	0.002235	0.008045
0.494784	0.536137	0.024049	0.029465
0.528440	0.509613	0.496525	0.491369
0.484893	0.473626	0.504749	0.497231
0.482417	0.549464	0.500412	0.501591
0.505869	0.499165	0.459266	0.502724
0.488032	0.505324	0.547090	0.505338
0.544910	0.463019	0.469838	0.511439
0.514090	0.536131	0.504150	0.518631
0.492613	0.499862	0.513836	0.491466
0.480066	0.489299	0.522868	0.488534
0.505622	0.030112	0.509276	0.508041
0.475646	0.042490	0.480894	0.496960
0.493557	0.025713	0.510753	0.499064
0.505460	0.004735	0.522616	0.552488
0.488069	0.015671	0.497914	0.445372
0.513642	0.013925	0.475299	0.481638
0.477592	0.003182	0.474149	0.491765
0.484111	0.001780	0.523802	0.500111
0.488997	0.032490	0.502861	0.520374
0.483928	0.008966	0.486256	0.477488
0.492957	0.003340	0.482173	0.479658
0.488738	0.010316	0.523145	0.497948
0.502067	0.059606	0.516183	0.502251
0.544314	0.015961	0.509410	0.514152
0.489230	0.322733	0.471379	0.506442
0.481166	0.338370	0.491822	0.466805
0.517075	0.340634	0.502004	0.477465
0.477797	0.369559	0.543489	0.524042
0.502069	0.344044	0.511305	0.535525
0.504370	0.344250	0.513505	0.453865
0.470773	0.017874	0.531763	0.498847
0.470939	0.017148	0.541994	0.480080
0.476699	0.020932	0.507593	0.539433
0.472281	0.032398	0.473928	0.513899
0.509959	0.003442	0.501831	0.486650
0.488606	0.005815	0.516185	0.505857
0.518518	0.033091	0.471876	0.480317
0.531407	0.021347	0.490234	0.506986
0.500536	0.007896	0.490144	0.511333
0.493276	0.023688	0.497345	0.525911
0.479094	0.009110	0.526152	0.443873
0.459255	0.014681	0.491153	0.498497
0.515426	0.020219	0.489475	0.463150
0.495755	0.009567	0.517458	0.537443
0.476823	0.036552	0.512637	0.467211
0.485118	0.001914	0.517002	0.502162
0.512048	0.039650	0.525574	0.495174
0.492187	0.010838	0.008029	0.323717
0.473505	0.018260	0.027834	0.338431
0.483307	0.003513	0.009478	0.331346
0.535132	0.015991	0.495581	0.492578
0.504982	0.007405	0.519999	0.504750
0.518696	0.028827	0.507330	0.510040
0.513458	0.022534	0.518647	0.519126
0.466981	0.009454	0.482133	0.500626
0.503781	0.003674	0.508935	0.487433
0.508873	0.017276	0.454661	0.501710
0.488718	0.008239	0.497532	0.477665
0.476001	0.003835	0.484944	0.553089
0.477260	0.004886	0.486992	0.512405
0.487899	0.003146	0.528345	0.494997
0.474516	0.020303	0.514280	0.501093
0.533634	0.010664	0.519239	0.498103
0.537876	0.013882	0.522383	0.521680
0.484267	0.018251	0.499504	0.500713
0.478813	0.009115	0.462832	0.483036
0.494674	0.031841	0.474480	0.496111
0.483415	0.534977	0.512310	0.020038
0.509967	0.518772	0.501819	0.029272
0.506156	0.502657	0.520260	0.013609
0.497586	0.036640	0.021084	0.011912
0.486322	0.023771	0.030698	0.051426
0.509433	0.022373	0.029095	0.005915
0.495548	0.006719	0.026346	0.019414
0.518925	0.030842	0.002586	0.025368
0.510728	0.006233	0.010069	0.009564
0.548119	0.036337	0.030901	0.005467
0.506574	0.003798	0.042679	0.012936
0.526611	0.026574	0.009334	0.027704
0.495164	0.005868	0.004156	0.004998
0.504483	0.008635	0.018062	0.005830
0.544051	0.021724	0.011595	0.001985
0.509594	0.016832	0.032257	0.015480
0.511476	0.028916	0.031677	0.010570
0.500258	0.028096	0.000428	0.015430
0.524188	0.007024	0.019619	0.015463
0.481698	0.008422	0.493541	0.656881
0.500521	0.004796	0.486551	0.629107
0.518764	0.012711	0.483619	0.662051
0.491292	0.486282	0.472973	0.486788
0.515494	0.487283	0.494714	0.512848
0.508668	0.550481	0.491818	0.487400
0.516934	0.487714	0.540722	0.510634
0.553174	0.518322	0.509810	0.504316
0.501642	0.518757	0.505321	0.520185
0.494886	0.497537	0.489356	0.489168
0.475626	0.534085	0.497372	0.498235
0.499904	0.484834	0.505231	0.477194
0.495015	0.525516	0.489575	0.483715
0.492136	0.503591	0.478740	0.529917
0.518901	0.513038	0.485199	0.497281
0.476255	0.512232	0.491562	0.480019
0.495144	0.473561	0.466268	0.516856
0.515781	0.527677	0.480394	0.468821
0.502961	0.003236	0.485265	0.692688
0.505713	0.031249	0.499739	0.686179
0.526187	0.014082	0.439672	0.637067
0.506059	0.004532	0.483965	0.637899
0.507890	0.015335	0.499041	0.639585
0.484141	0.011707	0.520650	0.659504
0.462919	0.502266	0.513988	0.504273
0.517093	0.502963	0.503251	0.531042
0.474963	0.504054	0.485469	0.464236
0.486687	0.481725	0.494862	0.450660
0.499437	0.466053	0.531650	0.508379
0.481084	0.505485	0.516437	0.475303
0.495834	0.516955	0.487948	0.479580
0.458288	0.519484	0.511026	0.484879
0.475795	0.484390	0.504071	0.518790
0.500969	0.006026	0.518680	0.501743
0.498247	0.013833	0.514554	0.505210
0.503752	0.014387	0.472222	0.502680
0.484972	0.008862	0.513419	0.469609
0.508117	0.503554	0.546006	0.470878
0.487482	0.513398	0.473100	0.481372
0.447627	0.528143	0.454009	0.531858
0.537583	0.472907	0.480702	0.494074
0.494295	0.510031	0.489192	0.459240
0.509619	0.510692	0.522468	0.467968
0.513774	0.489818	0.538963	0.519963
0.493082	0.495757	0.497309	0.515962
0.488133	0.535056	0.461604	0.540249
0.512402	0.521380	0.480084	0.490378
0.510147	0.043746	0.522859	0.682343
0.503719	0.003507	0.525726	0.681212
0.477306	0.011229	0.517150	0.663284
0.533513	0.021274	0.498743	0.011130
0.520452	0.022450	0.496211	0.007812
0.484015	0.025518	0.496985	0.025411
0.518850	0.002101	0.508315	0.031525
0.529800	0.003699	0.509348	0.010896
0.527428	0.000415	0.503737	0.029940
0.491205	0.031404	0.499684	0.010549
0.526680	0.031221	0.503674	0.027555
0.489586	0.032168	0.484109	0.002429
0.510419	0.008459	0.518764	0.014671
0.495014	0.011847	0.542330	0.002625
0.507002	0.511116	0.013754	0.516851
0.511447	0.477925	0.003648	0.530162
0.513335	0.533281	0.017027	0.478725
0.504958	0.493345	0.010421	0.508789
0.514865	0.472510	0.028033	0.476099
0.531773	0.530185	0.542226	0.667804
0.505487	0.509633	0.454236	0.694155
0.484034	0.501583	0.462298	0.687405
0.489067	0.522845	0.507162	0.642232
0.495878	0.539354	0.461625	0.676061
0.504854	0.535114	0.475552	0.663959
0.527063	0.026601	0.008486	0.015089
0.497724	0.001341	0.002164	0.013556
0.500019	0.002133	0.006659	0.014630
0.498889	0.019460	0.012695	0.017331
0.524201	0.010868	0.031708	0.037278
0.503869	0.344886	0.493523	0.524448
0.507565	0.292443	0.515316	0.527672
0.514118	0.309499	0.535870	0.510666
0.512752	0.341301	0.476664	0.522347
0.480670	0.357539	0.510537	0.515962
0.502278	0.292494	0.465911	0.518289
0.484075	0.340499	0.466649	0.491124
0.507144	0.343225	0.529443	0.522238
0.517476	0.351311	0.512129	0.529062
0.497126	0.333731	0.467082	0.482663
0.480667	0.342874	0.523042	0.481432
0.494523	0.335157	0.515853	0.500671
0.503055	0.348880	0.501190	0.502574
0.491248	0.321498	0.500693	0.470719
0.464658	0.008820	0.473233	0.519455
0.504555	0.000259	0.470414	0.506272
0.471878	0.010788	0.490565	0.475245
0.461478	0.002545	0.508661	0.476498
0.507684	0.032510	0.465617	0.469817
0.490556	0.008316	0.515632	0.498531
0.515934	0.014280	0.496043	0.525801
0.524172	0.027234	0.503187	0.483702
0.463489	0.027999	0.543814	0.467715
