Chromosome	Position	Somatic variant	Reference	Pre-GCNIS	GCNIS	7a2455da-627d-4391-addb-a6bfe8b66f52	9e86c3fc-c7ed-4404-9c6e-8ce8dd5a6401	992d5fbb-df03-4e28-ba81-5928ae16938a	621d28af-f177-492e-bf9c-7dc8c0e69950	e3255598-0bdd-47c6-9079-f124f73aa621	86f372fe-0661-4b9f-8273-69b91006c4cc
1	11505046	N	0.512113	0.483406	0.342954	0.384968	0.355830	0.390553	0.363895	0.352182	0.374730
1	11505112	N	0.509674	0.485477	0.366068	0.373527	0.381626	0.336759	0.377790	0.372509	0.318886
1	11505114	N	0.506884	0.482760	0.372450	0.360515	0.365469	0.348349	0.337358	0.348862	0.366951
1	11505118	N	0.482552	0.503792	0.347512	0.357573	0.354108	0.339506	0.372044	0.366603	0.364862
1	24882927	N	0.545995	0.505603	0.366105	0.334480	0.354935	0.368854	0.393591	0.366890	0.368871
1	195048866	N	0.523859	0.485895	0.386240	0.370194	0.401674	0.510077	0.332374	0.348313	0.326979
1	195048877	N	0.541786	0.509392	0.398515	0.340559	0.387590	0.483546	0.376559	0.346556	0.368356
1	195048913	N	0.508707	0.504335	0.363839	0.323544	0.360758	0.531962	0.403916	0.350861	0.349344
1	204323155	N	0.498245	0.501297	0.372449	0.364840	0.343975	0.515800	0.375680	0.343224	0.358759
1	204323239	N	0.496898	0.510858	0.348110	0.329273	0.394700	0.483152	0.363624	0.360196	0.350262
1	204323274	N	0.506174	0.494957	0.336925	0.339154	0.371418	0.504484	0.340912	0.350677	0.399879
1	204459786	N	0.489539	0.502976	0.375654	0.396151	0.382238	0.501774	0.356882	0.353200	0.375524
1	204977799	N	0.502813	0.493837	0.396376	0.365711	0.344586	0.509800	0.363059	0.368266	0.346884
1	210344858	N	0.497633	0.519517	0.366987	0.368289	0.334621	0.493263	0.378568	0.374879	0.350667
1	210344861	N	0.503858	0.473307	0.400716	0.330694	0.367871	0.505247	0.351234	0.396315	0.327522
1	210344911	N	0.489476	0.502427	0.376977	0.349983	0.359014	0.492544	0.378130	0.367095	0.357332
2	9580466	N	0.482043	0.487289	0.359799	0.383705	0.356556	0.103535	0.323393	0.331412	0.344735
2	9580540	N	0.481080	0.514744	0.362185	0.339397	0.327880	0.112924	0.388862	0.373676	0.345963
2	10136845	N	0.534908	0.485976	0.366457	0.310116	0.346713	0.142728	0.379650	0.345107	0.380448
2	10136855	N	0.505365	0.467999	0.341924	0.360160	0.366378	0.141124	0.377261	0.363155	0.370247
2	10136936	N	0.496366	0.445923	0.376907	0.358465	0.342333	0.115797	0.361198	0.379886	0.370909
2	12280396	N	0.509497	0.482066	0.326590	0.367492	0.369343	0.089535	0.325362	0.341300	0.347421
2	12280472	N	0.512217	0.510082	0.344174	0.337785	0.376853	0.121927	0.394579	0.402203	0.344772
2	12280491	N	0.492414	0.527378	0.386406	0.352606	0.374978	0.147889	0.352751	0.331703	0.355927
2	12280509	N	0.463571	0.483162	0.355685	0.343055	0.341066	0.126640	0.372993	0.397996	0.398631
2	78023861	N	0.518057	0.506532	0.362969	0.371977	0.352915	0.138990	0.368181	0.351004	0.381469
2	78023932	N	0.511574	0.532778	0.360128	0.365348	0.367116	0.115334	0.373611	0.368559	0.372577
2	129151244	N	0.499094	0.508733	0.671099	0.633137	0.706500	0.649681	0.746592	0.632137	0.621566
2	129151284	N	0.503983	0.519361	0.637695	0.664351	0.740394	0.642685	0.719910	0.649310	0.612951
2	129151298	N	0.494477	0.554048	0.594810	0.624510	0.717075	0.635817	0.697147	0.624639	0.603255
2	129151338	N	0.490472	0.505002	0.647995	0.626125	0.686039	0.644663	0.716199	0.653832	0.630382
2	129151398	N	0.486528	0.505374	0.614026	0.653365	0.692799	0.625532	0.735253	0.606075	0.627663
2	140604808	N	0.494723	0.530553	0.625097	0.651226	0.743327	0.632024	0.766711	0.616046	0.660076
2	149915510	N	0.492064	0.471844	0.644421	0.640639	0.705962	0.612167	0.730675	0.624711	0.640839
2	149915528	N	0.508670	0.463574	0.620833	0.664628	0.734734	0.645894	0.696565	0.597880	0.636658
2	149915594	N	0.517579	0.476722	0.643021	0.599568	0.719609	0.633509	0.666274	0.621220	0.666957
2	149915632	N	0.504974	0.499561	0.670589	0.650478	0.698906	0.654400	0.722852	0.635134	0.645510
2	154730984	N	0.493839	0.514084	0.620478	0.655468	0.705196	0.603783	0.687097	0.646578	0.609692
2	154730989	N	0.491315	0.495824	0.621467	0.651343	0.699277	0.627740	0.730109	0.640121	0.611695
2	154730997	N	0.522278	0.508230	0.666366	0.640148	0.710972	0.616896	0.693785	0.657879	0.632422
2	154731055	N	0.496706	0.497305	0.649986	0.642512	0.745197	0.632418	0.721159	0.605019	0.641808
2	235941661	N	0.504955	0.498299	0.634726	0.614979	0.742818	0.659505	0.709930	0.651202	0.627778
2	241758155	N	0.501346	0.517864	0.606471	0.621468	0.699510	0.630932	0.704374	0.663326	0.648265
2	241758161	N	0.489498	0.495732	0.645621	0.664037	0.682486	0.629608	0.708063	0.640075	0.621669
2	241760574	N	0.480879	0.485993	0.600223	0.617348	0.750761	0.625595	0.706874	0.638449	0.640968
3	13679688	N	0.479294	0.498243	0.486262	0.479102	0.487216	0.521756	0.510420	0.533324	0.473967
3	13679695	N	0.497864	0.517079	0.497143	0.504416	0.526323	0.527682	0.488780	0.503743	0.502020
3	13679708	N	0.521711	0.497620	0.532286	0.519001	0.495989	0.498555	0.505719	0.504880	0.530659
3	121976471	N	0.492909	0.496665	0.484307	0.488074	0.480402	0.510431	0.508673	0.456596	0.480683
3	179465626	N	0.471741	0.499768	0.545983	0.498818	0.518634	0.508093	0.476415	0.424677	0.503619
3	179465638	N	0.490608	0.501759	0.486873	0.532597	0.485337	0.485777	0.523829	0.411161	0.512706
3	190341241	N	0.505902	0.502573	0.474216	0.514998	0.468021	0.460836	0.520336	0.398266	0.471277
3	190341292	N	0.502561	0.502224	0.506815	0.494285	0.505767	0.503738	0.517938	0.404423	0.478263
3	190341342	N	0.479368	0.509251	0.496721	0.510826	0.544502	0.507401	0.490937	0.434566	0.480343
3	197410024	N	0.484862	0.519659	0.496583	0.499791	0.486253	0.492957	0.533989	0.419565	0.508044
4	38990230	N	0.464927	0.452237	0.131485	0.145350	0.174678	0.107669	0.204784	0.175352	0.124027
4	38990265	N	0.493487	0.549422	0.132913	0.101594	0.171647	0.112608	0.173756	0.206944	0.123805
4	38990271	N	0.522206	0.498799	0.118434	0.163058	0.234288	0.116501	0.195320	0.210103	0.120678
4	48174141	N	0.510503	0.510240	0.140715	0.122803	0.185705	0.061617	0.195934	0.222274	0.147702
4	48174161	N	0.526208	0.480792	0.153557	0.152417	0.170504	0.073814	0.203671	0.159263	0.111752
4	48174173	N	0.514726	0.533845	0.091519	0.117842	0.215153	0.066507	0.214046	0.191634	0.112546
4	48174251	N	0.490939	0.481642	0.115342	0.158756	0.198835	0.120461	0.199710	0.207997	0.151448
4	48174269	N	0.470364	0.491351	0.112864	0.083951	0.224832	0.055243	0.182541	0.197041	0.119090
4	48174288	N	0.521629	0.493808	0.116563	0.152525	0.214232	0.077778	0.203324	0.196227	0.111183
4	87260813	N	0.501660	0.519641	0.635513	0.381332	0.649971	0.515738	0.508450	0.487882	0.339134
4	87260862	N	0.497546	0.468391	0.659753	0.376846	0.642058	0.516488	0.511351	0.486863	0.390932
4	87260918	N	0.493547	0.501127	0.644912	0.372877	0.608892	0.493433	0.510994	0.477364	0.346031
4	117446376	N	0.528784	0.442616	0.633755	0.365919	0.631972	0.498375	0.541142	0.516025	0.369119
4	117446416	N	0.516252	0.449123	0.654402	0.358040	0.620034	0.471153	0.471885	0.514233	0.365750
4	117446442	N	0.511821	0.508308	0.607801	0.369126	0.629133	0.535135	0.491298	0.497295	0.354496
4	142001608	N	0.519557	0.498841	0.641205	0.340755	0.667401	0.527189	0.481891	0.482174	0.355434
4	142001670	N	0.465507	0.527562	0.655792	0.343014	0.607039	0.501728	0.496074	0.507782	0.362432
4	142001679	N	0.540862	0.532383	0.631761	0.396189	0.621939	0.516406	0.495711	0.487724	0.395949
4	142001727	N	0.487435	0.494651	0.648034	0.342763	0.643984	0.504716	0.480137	0.490136	0.395859
4	142001731	N	0.469756	0.488523	0.621971	0.368242	0.621332	0.457155	0.501080	0.507001	0.356533
4	142001744	N	0.488939	0.487807	0.651752	0.318154	0.611288	0.506674	0.489999	0.501052	0.364859
4	149766492	N	0.489926	0.485094	0.643571	0.343487	0.657474	0.517309	0.489266	0.503595	0.370714
4	167951933	N	0.506291	0.494560	0.641866	0.352875	0.688719	0.505002	0.502589	0.469884	0.370039
4	167951966	N	0.483009	0.464262	0.618386	0.371849	0.617869	0.519215	0.517714	0.513360	0.357514
4	167951994	N	0.473296	0.481268	0.619930	0.388508	0.637725	0.521125	0.480634	0.527540	0.397738
4	186628572	N	0.468718	0.505406	0.642636	0.363414	0.621720	0.504654	0.516814	0.515618	0.360169
4	186628694	N	0.495925	0.486965	0.626505	0.387471	0.629910	0.490789	0.509666	0.480751	0.335130
4	186628721	N	0.522120	0.505814	0.596448	0.368663	0.605313	0.504111	0.518031	0.494684	0.365681
4	186628753	N	0.484497	0.508238	0.653786	0.394241	0.608835	0.514167	0.515068	0.538949	0.367908
5	1473977	N	0.487935	0.498459	0.494054	0.359973	0.372695	0.373205	0.512883	0.384977	0.359021
5	13774014	N	0.520333	0.476835	0.484725	0.378482	0.378338	0.351612	0.476198	0.373788	0.372869
5	13774029	N	0.469028	0.492845	0.529962	0.342422	0.355159	0.378218	0.468745	0.382779	0.354195
5	13774115	N	0.505930	0.486960	0.539558	0.367656	0.378384	0.376215	0.517138	0.376915	0.370468
5	33667640	N	0.520470	0.509251	0.491782	0.367036	0.393008	0.359976	0.519758	0.377744	0.383998
5	33667753	N	0.500648	0.495437	0.485134	0.368188	0.367241	0.346074	0.509245	0.320596	0.389666
5	33667805	N	0.511565	0.490198	0.529033	0.358120	0.354289	0.359672	0.497760	0.349145	0.397504
5	134782414	N	0.484313	0.479619	0.517091	0.349309	0.490718	0.328390	0.339070	0.350357	0.500023
5	134782450	N	0.522993	0.507363	0.474112	0.356898	0.501499	0.359163	0.369809	0.342617	0.518659
5	134782510	N	0.524305	0.509949	0.509714	0.364755	0.503761	0.384944	0.369522	0.342081	0.521477
5	150696447	N	0.480896	0.534216	0.533691	0.356845	0.478781	0.338538	0.327101	0.372853	0.478706
5	150696498	N	0.523361	0.476817	0.509907	0.378304	0.481879	0.371709	0.382878	0.372665	0.474927
5	150696540	N	0.505555	0.505932	0.494024	0.370465	0.536131	0.352294	0.320036	0.372934	0.482691
5	164368812	N	0.515182	0.525393	0.477130	0.321513	0.490459	0.371953	0.349082	0.385848	0.459236
5	164368821	N	0.501178	0.504967	0.498854	0.375739	0.475564	0.399655	0.364685	0.390777	0.507857
5	164368891	N	0.508927	0.498230	0.520342	0.368353	0.481081	0.334514	0.366795	0.352412	0.512396
6	43749110	N	0.498398	0.520526	0.492616	0.476372	0.467930	0.492627	0.466660	0.485726	0.358820
6	43749163	N	0.520928	0.502876	0.513011	0.480014	0.533559	0.488727	0.522323	0.539040	0.384200
6	43749230	N	0.505295	0.495633	0.507361	0.495415	0.500140	0.525319	0.486900	0.512079	0.356367
6	86656645	N	0.526452	0.481277	0.505373	0.500813	0.513649	0.374228	0.508872	0.365353	0.519867
6	86656653	N	0.502327	0.521861	0.516372	0.507967	0.472987	0.373089	0.500244	0.379862	0.494274
6	86656733	N	0.463028	0.492719	0.493143	0.508965	0.470136	0.351796	0.494512	0.378748	0.475045
6	95066652	N	0.471302	0.473933	0.485911	0.450710	0.490135	0.345038	0.497687	0.360532	0.502822
6	95066744	N	0.501485	0.523583	0.514594	0.508721	0.485705	0.347463	0.461887	0.328763	0.515262
6	103718071	N	0.509410	0.468131	0.464086	0.510550	0.504610	0.379508	0.490637	0.339950	0.518389
6	103718105	N	0.540052	0.496535	0.504376	0.482704	0.482197	0.381807	0.513585	0.342985	0.482864
6	103718120	N	0.471393	0.522371	0.495379	0.498890	0.509966	0.385238	0.485969	0.339910	0.474870
6	149665852	N	0.506416	0.486328	0.476480	0.486423	0.550288	0.355503	0.485824	0.348706	0.525989
6	156305059	N	0.472043	0.495701	0.522182	0.514486	0.507947	0.381036	0.535332	0.358904	0.487996
6	156305093	N	0.483338	0.487554	0.524503	0.528944	0.519213	0.379910	0.483315	0.353668	0.470368
6	156305117	N	0.502502	0.514830	0.499856	0.521614	0.492383	0.351054	0.517290	0.372556	0.524312
6	156305125	N	0.486930	0.503600	0.505191	0.531250	0.520647	0.372486	0.507159	0.367594	0.512104
6	162472277	N	0.494629	0.463960	0.522901	0.535005	0.471591	0.395482	0.479965	0.371520	0.500176
6	162472310	N	0.547695	0.495478	0.490743	0.515826	0.493552	0.357190	0.450138	0.347001	0.497655
6	162472368	N	0.520843	0.447015	0.490472	0.485372	0.463133	0.357760	0.489783	0.410559	0.537923
6	162472371	N	0.495136	0.494265	0.492168	0.484334	0.516152	0.322389	0.537716	0.341699	0.522765
6	162472380	N	0.508936	0.475741	0.506228	0.494643	0.496370	0.359196	0.528542	0.403750	0.495057
6	169422415	N	0.513916	0.536648	0.519781	0.521102	0.485992	0.359042	0.506004	0.396554	0.524783
7	25194291	N	0.515642	0.505695	0.389526	0.353370	0.367747	0.359521	0.355241	0.362899	0.394858
7	25194313	N	0.507056	0.511695	0.389763	0.369010	0.361558	0.383444	0.332942	0.356331	0.386423
7	25194413	N	0.503812	0.516056	0.370906	0.344159	0.381150	0.360521	0.360199	0.388671	0.389410
7	25194431	N	0.472711	0.494392	0.370903	0.371600	0.369998	0.374485	0.336918	0.349477	0.371229
7	70737764	N	0.497277	0.523423	0.620559	0.624809	0.644802	0.631364	0.626368	0.643942	0.624783
7	70737858	N	0.480909	0.506905	0.613405	0.648139	0.655036	0.640988	0.659196	0.647282	0.661257
7	70737875	N	0.470414	0.493412	0.634132	0.646591	0.632563	0.624932	0.623379	0.628595	0.674474
7	70737884	N	0.507647	0.493282	0.653366	0.650971	0.657437	0.648371	0.635650	0.657866	0.634360
7	77818393	N	0.492539	0.511832	0.632113	0.667707	0.671608	0.616938	0.663448	0.610182	0.618252
7	77818458	N	0.485574	0.522729	0.632786	0.636652	0.623931	0.655678	0.628462	0.631601	0.659609
7	77818463	N	0.504709	0.515343	0.619797	0.639257	0.633895	0.690444	0.622943	0.643070	0.646744
7	77818547	N	0.527230	0.515390	0.664922	0.625133	0.592195	0.639755	0.621771	0.653529	0.647124
7	79442703	N	0.510502	0.490077	0.639172	0.635312	0.661710	0.616084	0.618676	0.645951	0.644811
7	79442762	N	0.509135	0.497886	0.601331	0.624530	0.628758	0.627868	0.637943	0.647374	0.631831
7	79442846	N	0.501756	0.477059	0.617693	0.597268	0.666373	0.637569	0.639875	0.636524	0.616049
7	103373014	N	0.521573	0.500162	0.626388	0.650899	0.674616	0.640947	0.652602	0.624048	0.645294
7	103373033	N	0.527704	0.471259	0.650000	0.614675	0.620473	0.616174	0.603058	0.643758	0.632455
7	103373051	N	0.535244	0.463716	0.652999	0.658324	0.625782	0.634114	0.635325	0.620632	0.637083
7	103373071	N	0.511162	0.487205	0.613274	0.637362	0.627661	0.667202	0.637386	0.663836	0.646286
7	103373086	N	0.506275	0.500960	0.617042	0.627432	0.633760	0.644608	0.617859	0.610357	0.659598
7	103373126	N	0.511350	0.499307	0.638551	0.636168	0.645591	0.621053	0.623834	0.645526	0.640268
7	155385421	N	0.528039	0.505551	0.624685	0.627682	0.642907	0.573508	0.636858	0.630137	0.631147
7	155385454	N	0.508513	0.489569	0.663866	0.644896	0.608235	0.675115	0.646845	0.641327	0.654731
7	155385465	N	0.484214	0.496464	0.619754	0.647541	0.646422	0.623397	0.565780	0.603970	0.627043
8	13016359	N	0.496078	0.507580	0.446179	0.522334	0.495559	0.520713	0.450819	0.558781	0.500218
8	13016379	N	0.531936	0.537675	0.503607	0.478806	0.535570	0.480044	0.483657	0.603185	0.512207
8	32245522	N	0.507278	0.528255	0.459992	0.510181	0.506186	0.493784	0.531262	0.563037	0.530102
8	32245557	N	0.523682	0.495434	0.480889	0.497770	0.479028	0.475240	0.543512	0.588032	0.487677
8	32245566	N	0.518233	0.503178	0.470711	0.491864	0.505635	0.477369	0.504201	0.596028	0.491663
8	123806187	N	0.498811	0.495484	0.484080	0.508127	0.510100	0.491613	0.338999	0.493864	0.502759
8	123806196	N	0.470818	0.498088	0.489571	0.491370	0.528414	0.496858	0.360859	0.514491	0.520435
8	123806240	N	0.482064	0.520597	0.478743	0.500872	0.486535	0.503140	0.370629	0.489114	0.491714
9	923938	N	0.524676	0.513379	0.528753	0.467406	0.502666	0.500279	0.490925	0.768336	0.481100
9	17793759	N	0.519873	0.532338	0.500481	0.503312	0.465173	0.497514	0.516682	0.777147	0.531770
9	17793903	N	0.518250	0.504144	0.489684	0.481801	0.482007	0.478109	0.517029	0.844120	0.485816
9	27203511	N	0.489134	0.528707	0.477417	0.507715	0.510217	0.498584	0.443466	0.762437	0.475069
9	27203554	N	0.496139	0.476554	0.513336	0.497456	0.496095	0.505773	0.464504	0.810189	0.498101
9	27203592	N	0.512670	0.518968	0.515900	0.477343	0.493770	0.499675	0.517841	0.784990	0.517870
9	27203596	N	0.494452	0.499973	0.501332	0.485587	0.480255	0.507866	0.475484	0.796472	0.467987
9	27203625	N	0.461191	0.495967	0.521170	0.501915	0.498786	0.487558	0.478120	0.798354	0.501527
9	27203682	N	0.505560	0.524370	0.508280	0.498049	0.508715	0.523959	0.497041	0.811079	0.486385
9	27203696	N	0.522888	0.540983	0.490165	0.489501	0.504556	0.449167	0.522785	0.789483	0.521846
9	73536416	N	0.511395	0.490490	0.638709	0.736763	0.625030	0.498705	0.637260	0.757142	0.699397
9	73536510	N	0.515828	0.536101	0.598395	0.730169	0.638899	0.483064	0.634317	0.774223	0.707814
9	86093180	N	0.495039	0.513178	0.636959	0.721065	0.610682	0.529992	0.667581	0.752267	0.728649
9	86093237	N	0.482682	0.489332	0.650710	0.670174	0.643186	0.514321	0.679089	0.762457	0.727890
9	86093264	N	0.488212	0.505505	0.655716	0.709505	0.629403	0.477804	0.632403	0.772692	0.686250
9	86093265	N	0.524640	0.474127	0.657299	0.735427	0.601788	0.483225	0.635663	0.723406	0.741571
9	105780536	N	0.530513	0.478687	0.658352	0.716472	0.646700	0.477139	0.623810	0.770583	0.700948
9	105780558	N	0.534393	0.452752	0.678236	0.714115	0.611341	0.479705	0.631454	0.757254	0.708624
9	105780567	N	0.491809	0.466596	0.632196	0.722010	0.672670	0.506017	0.626169	0.771445	0.710436
9	105780570	N	0.476493	0.492571	0.639938	0.665377	0.614522	0.503588	0.670551	0.743930	0.711488
9	105780618	N	0.512873	0.503598	0.642759	0.739920	0.627389	0.477380	0.635799	0.754371	0.724546
9	120004783	N	0.502948	0.473574	0.638449	0.694740	0.656990	0.525205	0.607582	0.763668	0.728743
9	135770134	N	0.493214	0.523892	0.629650	0.707692	0.644762	0.511511	0.631341	0.757339	0.732392
9	135770300	N	0.516716	0.477548	0.621438	0.707272	0.641229	0.489251	0.640506	0.761742	0.708966
10	12591712	N	0.486253	0.468217	0.510883	0.464245	0.491337	0.198427	0.152265	0.212637	0.195445
10	12591798	N	0.482907	0.458479	0.530660	0.478799	0.490886	0.187700	0.096910	0.207797	0.165843
10	23297252	N	0.471031	0.516022	0.489432	0.481875	0.533347	0.203967	0.117414	0.203281	0.205601
10	23297301	N	0.514566	0.502018	0.509892	0.468246	0.510351	0.198107	0.146806	0.189124	0.196234
10	23297336	N	0.509642	0.479980	0.472437	0.472211	0.468591	0.204300	0.157708	0.202983	0.187838
10	23297429	N	0.501131	0.516577	0.501936	0.509796	0.519303	0.208316	0.126339	0.173356	0.187751
10	25839369	N	0.521607	0.516070	0.518592	0.509113	0.509967	0.186967	0.110569	0.200785	0.196237
10	25839370	N	0.487892	0.532930	0.516327	0.473562	0.512925	0.206488	0.114312	0.209155	0.188978
10	25839391	N	0.491819	0.516134	0.486340	0.499164	0.519314	0.192889	0.090299	0.235191	0.207453
10	25839394	N	0.541486	0.475144	0.479713	0.485572	0.489873	0.206591	0.158048	0.202903	0.206055
10	48480228	N	0.486310	0.462978	0.491600	0.502683	0.834937	0.919955	0.877518	0.492613	0.779132
10	55725207	N	0.508877	0.487508	0.513980	0.514945	0.815132	0.893159	0.886906	0.514246	0.761480
10	55725234	N	0.521739	0.485006	0.490422	0.525588	0.790474	0.881142	0.871386	0.482206	0.769983
10	55725337	N	0.565189	0.489439	0.464463	0.516666	0.804059	0.841025	0.896611	0.459092	0.806752
10	73822343	N	0.536633	0.485349	0.460220	0.492831	0.804132	0.873962	0.887557	0.510604	0.764310
10	95239121	N	0.492023	0.487903	0.477109	0.521887	0.788431	0.889025	0.895154	0.498377	0.821203
10	95239183	N	0.523287	0.455843	0.484705	0.512704	0.826932	0.814695	0.883514	0.462899	0.780868
10	95239187	N	0.530357	0.479713	0.513673	0.499340	0.809417	0.877503	0.876012	0.495346	0.826947
10	95239251	N	0.462366	0.482016	0.486690	0.513386	0.802714	0.863259	0.862981	0.495848	0.814910
10	120874067	N	0.485307	0.503806	0.480332	0.500357	0.819982	0.854635	0.903749	0.514516	0.781041
10	120874087	N	0.480873	0.493497	0.503384	0.504964	0.744224	0.859093	0.890730	0.476150	0.811352
10	120874161	N	0.497898	0.505982	0.503188	0.489479	0.809125	0.888745	0.842863	0.541846	0.813216
10	124095982	N	0.503006	0.542062	0.499190	0.482335	0.751612	0.874051	0.905267	0.495665	0.789105
10	124096035	N	0.498041	0.498174	0.478514	0.528388	0.836664	0.891418	0.873353	0.497797	0.801549
10	124096041	N	0.529361	0.505587	0.509674	0.546848	0.803555	0.870015	0.890155	0.504594	0.832692
10	124096061	N	0.522401	0.487860	0.522219	0.527759	0.809079	0.898977	0.889953	0.466733	0.837965
10	124096209	N	0.483211	0.503741	0.487412	0.503732	0.831533	0.924415	0.893994	0.466066	0.786215
10	134798532	N	0.512451	0.479334	0.452273	0.503064	0.790437	0.860874	0.868047	0.493537	0.820933
10	134798538	N	0.473161	0.543659	0.487815	0.492823	0.803572	0.895910	0.888388	0.497083	0.812770
10	134798590	N	0.497998	0.500228	0.514751	0.451171	0.812426	0.904247	0.850999	0.486779	0.794232
11	534403	N	0.507351	0.522964	0.507389	0.465844	0.495538	0.496701	0.506124	0.487950	0.507981
11	5602615	N	0.488256	0.486667	0.521208	0.517913	0.479473	0.512745	0.499340	0.520427	0.504970
11	5602679	N	0.490696	0.511998	0.524201	0.483847	0.509942	0.488936	0.512002	0.504946	0.487143
11	5602789	N	0.502386	0.492792	0.473193	0.529908	0.520466	0.517959	0.498809	0.535405	0.498870
11	5809548	N	0.453034	0.494816	0.492380	0.488190	0.514331	0.528156	0.496763	0.484537	0.506728
11	11338063	N	0.508171	0.527528	0.445710	0.512763	0.492039	0.484379	0.527618	0.484406	0.531107
11	11338146	N	0.509753	0.526340	0.483908	0.497672	0.485582	0.523740	0.478702	0.499283	0.564953
11	11338178	N	0.512083	0.532179	0.491365	0.505811	0.503513	0.475048	0.506225	0.505938	0.495172
11	19826548	N	0.503402	0.500887	0.502263	0.503389	0.482102	0.478650	0.509323	0.481359	0.480563
11	44840684	N	0.487249	0.472027	0.506262	0.481110	0.520681	0.511754	0.505138	0.499506	0.507691
11	48284000	N	0.481793	0.492225	0.500270	0.501660	0.486064	0.482308	0.526274	0.484063	0.512925
11	48284033	N	0.528100	0.461697	0.505385	0.500407	0.512819	0.511720	0.484678	0.504976	0.493655
11	48284109	N	0.490344	0.514580	0.502279	0.485193	0.466249	0.516672	0.473578	0.530533	0.503274
11	69976047	N	0.535454	0.491370	0.682506	0.503808	0.620070	0.635999	0.500097	0.508785	0.120336
11	69976094	N	0.474984	0.506013	0.633374	0.483285	0.640309	0.676306	0.546918	0.489093	0.145902
11	69976138	N	0.500789	0.514882	0.634271	0.523754	0.620842	0.641938	0.515005	0.484292	0.074730
11	69976193	N	0.517719	0.493609	0.670889	0.486682	0.610676	0.647319	0.492739	0.511406	0.130221
11	76421195	N	0.497607	0.510046	0.634088	0.494295	0.606626	0.620566	0.516685	0.475227	0.129613
11	76421214	N	0.516727	0.526985	0.652499	0.513073	0.586575	0.640458	0.511351	0.522577	0.130182
11	76421250	N	0.469501	0.458100	0.627156	0.519806	0.629274	0.631474	0.522807	0.482772	0.141350
11	76421307	N	0.469716	0.500999	0.624560	0.489035	0.643097	0.689712	0.507831	0.514932	0.166552
11	79851768	N	0.508886	0.550165	0.626101	0.498132	0.629817	0.643309	0.494499	0.474202	0.136004
11	79851772	N	0.524095	0.457579	0.611857	0.510348	0.638200	0.664843	0.509587	0.524559	0.121946
11	79851783	N	0.506872	0.513588	0.643063	0.479328	0.663139	0.618509	0.533524	0.523465	0.105679
11	79851863	N	0.487905	0.502498	0.638564	0.501850	0.621385	0.641550	0.512126	0.509732	0.122514
11	118938315	N	0.499491	0.510926	0.651604	0.522739	0.619225	0.656276	0.528986	0.553999	0.145668
11	118938371	N	0.486522	0.524260	0.607209	0.522276	0.676328	0.648448	0.502488	0.546827	0.104709
11	118938388	N	0.497008	0.505481	0.610078	0.510658	0.631543	0.604329	0.504635	0.527723	0.151847
11	118938389	N	0.473676	0.489344	0.620144	0.524061	0.621597	0.637823	0.525689	0.524054	0.113898
11	118938435	N	0.511850	0.497942	0.615912	0.517002	0.623198	0.651038	0.512691	0.549760	0.146682
11	123468933	N	0.517381	0.527589	0.613244	0.486206	0.639114	0.660154	0.529805	0.502010	0.107095
11	123468965	N	0.495824	0.490893	0.652064	0.503218	0.641980	0.670793	0.478563	0.517545	0.163052
11	123468969	N	0.509387	0.510051	0.653168	0.492859	0.633005	0.622310	0.509726	0.504596	0.109341
12	6898392	N	0.490937	0.496120	0.620919	0.681723	0.657422	0.646144	0.601586	0.644073	0.669723
12	6898521	N	0.484375	0.484610	0.645099	0.645372	0.640251	0.679612	0.575301	0.639666	0.640186
12	11904752	N	0.488736	0.503457	0.691120	0.614303	0.665613	0.641737	0.596759	0.670388	0.639521
12	11904767	N	0.529056	0.472904	0.637054	0.652459	0.620112	0.655269	0.614344	0.646340	0.665503
12	11904770	N	0.497190	0.521537	0.677465	0.661178	0.652257	0.656225	0.590943	0.662617	0.634966
12	27456119	N	0.493485	0.499529	0.647879	0.633260	0.645868	0.664164	0.546111	0.632704	0.646746
12	28345303	N	0.509302	0.494063	0.664670	0.666082	0.647126	0.619861	0.552130	0.658770	0.637710
12	28345342	N	0.511094	0.472876	0.649513	0.665119	0.687786	0.681745	0.586171	0.631052	0.643749
12	28345395	N	0.481953	0.495382	0.639861	0.677583	0.642867	0.643389	0.602341	0.658013	0.650312
12	29580127	N	0.492125	0.497778	0.633776	0.669676	0.675380	0.634560	0.606750	0.608881	0.641468
12	32446901	N	0.524330	0.531628	0.656354	0.632313	0.617809	0.661296	0.574454	0.634752	0.654655
12	34235603	N	0.502650	0.499600	0.658354	0.626688	0.621011	0.674510	0.615116	0.646756	0.656899
12	40378646	N	0.473640	0.490990	0.370339	0.340021	0.484264	0.336302	0.475180	0.408612	0.359247
12	40378647	N	0.494597	0.488519	0.381140	0.360460	0.534670	0.382182	0.493281	0.353423	0.383211
12	40378739	N	0.502410	0.479396	0.370661	0.371681	0.528933	0.360162	0.483754	0.392466	0.375358
12	40378773	N	0.522530	0.497654	0.326674	0.323832	0.498882	0.370858	0.496640	0.371991	0.380399
12	40378784	N	0.506791	0.522748	0.400932	0.357733	0.508270	0.374174	0.508355	0.402779	0.394775
12	68508842	N	0.485829	0.508841	0.331119	0.347700	0.509567	0.377232	0.504724	0.405174	0.319152
12	68508863	N	0.491315	0.522607	0.392473	0.341387	0.508121	0.372929	0.491681	0.398972	0.356604
12	68508990	N	0.491008	0.513217	0.360552	0.353129	0.503431	0.349343	0.503373	0.358244	0.367184
12	68509022	N	0.540883	0.466191	0.348689	0.366316	0.509491	0.378876	0.450531	0.368233	0.389429
12	68509094	N	0.538606	0.450579	0.343915	0.378256	0.472379	0.371271	0.490715	0.390767	0.382104
12	122612598	N	0.504230	0.493975	0.337083	0.359392	0.492794	0.367710	0.479162	0.393295	0.351902
12	122612625	N	0.533510	0.509923	0.387616	0.367483	0.518131	0.333282	0.497357	0.362642	0.381473
12	122612635	N	0.530499	0.509163	0.325373	0.378863	0.491000	0.350095	0.491835	0.396439	0.365445
12	129465381	N	0.488066	0.471565	0.338676	0.361974	0.462960	0.361827	0.473035	0.361221	0.377057
13	46752671	N	0.483641	0.485441	0.600684	0.653818	0.598158	0.608862	0.640887	0.650064	0.353340
13	46752698	N	0.486526	0.461846	0.640239	0.624184	0.631652	0.639056	0.634267	0.612934	0.351260
13	46752704	N	0.502829	0.519125	0.626811	0.675323	0.606698	0.659588	0.641850	0.648554	0.388263
13	46752813	N	0.504160	0.504889	0.650213	0.591578	0.619698	0.636523	0.683133	0.683503	0.388166
13	79886557	N	0.517781	0.494373	0.655047	0.640818	0.608968	0.654359	0.624451	0.636427	0.382485
13	79886566	N	0.520822	0.444089	0.634219	0.633765	0.633481	0.642839	0.604472	0.639899	0.360114
13	79886654	N	0.477578	0.491819	0.611780	0.642660	0.633118	0.602189	0.637058	0.606752	0.392238
13	79886677	N	0.441060	0.505115	0.639473	0.608832	0.606305	0.645299	0.605299	0.636475	0.324800
13	79935255	N	0.482283	0.474060	0.641304	0.652250	0.622525	0.630572	0.658313	0.610010	0.360571
13	79935360	N	0.511862	0.493308	0.645079	0.647443	0.612275	0.642614	0.643864	0.657063	0.413454
13	79935401	N	0.524785	0.536886	0.644936	0.619126	0.632210	0.616176	0.607272	0.660759	0.347119
13	110909015	N	0.488730	0.509699	0.658679	0.649992	0.640640	0.645183	0.655537	0.641903	0.381977
14	22392983	N	0.524447	0.501571	0.483415	0.491028	0.535277	0.493805	0.498319	0.335364	0.498508
14	22393124	N	0.504819	0.499632	0.488885	0.463882	0.493700	0.439869	0.505256	0.326167	0.450263
14	22393148	N	0.475007	0.483082	0.492526	0.491435	0.477251	0.553358	0.492067	0.371231	0.530107
14	23103743	N	0.511464	0.536577	0.502072	0.509069	0.487642	0.446951	0.513708	0.337926	0.492029
14	33165051	N	0.517839	0.470836	0.512571	0.517707	0.522071	0.509688	0.456910	0.382125	0.503449
14	33165084	N	0.466876	0.490909	0.524553	0.499331	0.510018	0.464052	0.506156	0.366390	0.508769
14	33165182	N	0.526137	0.471693	0.495666	0.485320	0.528906	0.478513	0.475865	0.332972	0.516152
14	41916228	N	0.474981	0.506215	0.477193	0.485913	0.500568	0.495057	0.489781	0.367769	0.494802
14	41916241	N	0.491150	0.514862	0.475231	0.491331	0.483239	0.485172	0.493018	0.408434	0.492269
14	41916247	N	0.501534	0.477803	0.458324	0.495161	0.477770	0.468524	0.451463	0.378015	0.498752
14	57244325	N	0.488187	0.490141	0.485696	0.518217	0.497390	0.492578	0.497220	0.387563	0.524744
14	58055209	N	0.523477	0.511537	0.488385	0.491843	0.530333	0.513187	0.459059	0.357211	0.502204
14	58055276	N	0.495216	0.517686	0.497358	0.474359	0.483205	0.495888	0.536991	0.352359	0.489038
14	58055281	N	0.495344	0.483298	0.505125	0.507206	0.499466	0.504041	0.522024	0.361762	0.511860
14	58055377	N	0.507854	0.492323	0.504554	0.484589	0.481556	0.500870	0.493310	0.361310	0.491117
14	94773371	N	0.509897	0.490591	0.485160	0.486824	0.507663	0.501746	0.517589	0.355098	0.461742
14	94773395	N	0.522486	0.529226	0.485321	0.458305	0.495515	0.490368	0.499651	0.380214	0.537100
14	94773411	N	0.516143	0.495120	0.507377	0.497338	0.509179	0.496825	0.481695	0.370060	0.491430
14	97553840	N	0.479842	0.496361	0.511521	0.473619	0.562284	0.531632	0.505493	0.357582	0.495663
15	26037844	N	0.491527	0.503479	0.351549	0.380158	0.379233	0.389425	0.350676	0.112648	0.167068
15	26037885	N	0.554280	0.482315	0.367105	0.391543	0.372392	0.335042	0.387599	0.133992	0.129953
15	26037922	N	0.528723	0.475592	0.377751	0.375834	0.365725	0.374597	0.415509	0.138164	0.093863
15	26037940	N	0.504980	0.501096	0.329941	0.408758	0.348752	0.367896	0.358114	0.092374	0.121106
15	29908258	N	0.526300	0.499042	0.370835	0.372134	0.385534	0.380771	0.371319	0.130717	0.109088
15	29908263	N	0.500676	0.489591	0.350083	0.340394	0.339963	0.353954	0.384718	0.118473	0.127157
15	60966891	N	0.474430	0.473667	0.396150	0.369567	0.375495	0.371483	0.341699	0.121242	0.132934
15	60966927	N	0.525480	0.491366	0.410854	0.369565	0.363262	0.364407	0.375016	0.074776	0.109321
15	60966998	N	0.503313	0.503290	0.380232	0.315445	0.332838	0.347731	0.377898	0.103664	0.110887
15	92562990	N	0.516140	0.496753	0.379453	0.370870	0.374394	0.379724	0.374509	0.130863	0.135142
15	92562993	N	0.485963	0.493283	0.369774	0.360828	0.340299	0.400968	0.328849	0.124372	0.120628
15	92563046	N	0.454057	0.497834	0.364409	0.358069	0.380632	0.364627	0.358010	0.148596	0.148346
15	92563060	N	0.459598	0.495741	0.332139	0.369128	0.375063	0.398173	0.353576	0.122489	0.155094
15	92563075	N	0.529633	0.509388	0.385352	0.337298	0.382425	0.329065	0.362658	0.131274	0.089203
16	4740441	N	0.472527	0.526931	0.487426	0.509972	0.390271	0.485032	0.356781	0.477575	0.493632
16	4740444	N	0.502611	0.476449	0.477899	0.494207	0.358188	0.504286	0.335852	0.483816	0.501775
16	4740477	N	0.517397	0.499288	0.518285	0.498001	0.365248	0.496757	0.354198	0.487527	0.511359
16	70926710	N	0.517341	0.504458	0.452654	0.496207	0.518502	0.527091	0.522204	0.367622	0.479931
16	70926724	N	0.477444	0.495221	0.522137	0.515529	0.495281	0.483665	0.460493	0.373300	0.465505
16	70926768	N	0.533319	0.463796	0.521632	0.472755	0.502611	0.488355	0.497187	0.386413	0.511039
16	80704005	N	0.514017	0.489306	0.507641	0.499139	0.545030	0.504774	0.492037	0.353011	0.471565
16	80704010	N	0.502490	0.501867	0.462702	0.506090	0.487189	0.495731	0.502360	0.400640	0.508649
16	84462543	N	0.478359	0.512076	0.512040	0.525654	0.504238	0.512193	0.509216	0.341358	0.533467
16	84462559	N	0.473775	0.499431	0.478136	0.455639	0.503335	0.488080	0.506806	0.361814	0.534218
16	84462578	N	0.495884	0.474921	0.539292	0.555723	0.465662	0.522750	0.506768	0.361770	0.496719
16	84462591	N	0.504450	0.492905	0.500309	0.477629	0.511421	0.505819	0.532638	0.354471	0.512894
16	84462605	N	0.523183	0.502710	0.520941	0.504453	0.527770	0.505289	0.488905	0.366311	0.464918
16	84462633	N	0.490298	0.501155	0.486801	0.467966	0.498804	0.494575	0.501775	0.380022	0.495078
16	84462659	N	0.509420	0.484016	0.511998	0.489760	0.523796	0.488011	0.493572	0.354013	0.501289
16	85045103	N	0.498654	0.517180	0.527585	0.530913	0.531466	0.496923	0.483694	0.361418	0.497913
16	85045203	N	0.518085	0.501705	0.491870	0.514547	0.486501	0.497010	0.475450	0.376870	0.492888
17	12895815	N	0.491595	0.519904	0.489185	0.341524	0.513796	0.498821	0.485730	0.345979	0.349663
17	12895929	N	0.464140	0.505584	0.496035	0.355838	0.461806	0.486059	0.474118	0.357536	0.362654
17	12895984	N	0.477758	0.483194	0.492383	0.356806	0.502596	0.508703	0.517470	0.372341	0.397413
17	16846155	N	0.487628	0.518530	0.501365	0.357326	0.496526	0.525905	0.496989	0.388915	0.350118
17	16846176	N	0.490789	0.511222	0.448241	0.383538	0.527917	0.462117	0.534638	0.354969	0.379006
17	16846208	N	0.462603	0.509250	0.493163	0.342839	0.479411	0.531436	0.469718	0.392983	0.358887
17	16846298	N	0.516261	0.534337	0.489608	0.365771	0.491347	0.496985	0.507724	0.366096	0.366666
17	70883473	N	0.487372	0.540045	0.503484	0.501684	0.479403	0.502754	0.522606	0.464572	0.517437
17	70883483	N	0.486597	0.492577	0.457048	0.515950	0.513090	0.501809	0.496223	0.505878	0.512121
17	70883493	N	0.477835	0.508008	0.511992	0.518283	0.469649	0.522745	0.514699	0.515945	0.519762
17	70883558	N	0.509555	0.516828	0.488526	0.509720	0.497489	0.524869	0.501318	0.500657	0.523350
18	8299059	N	0.557313	0.481456	0.525819	0.372230	0.491165	0.507187	0.542652	0.346016	0.342296
18	8299082	N	0.512672	0.534894	0.459868	0.333712	0.503890	0.487532	0.561878	0.347262	0.334388
18	14960409	N	0.504276	0.470310	0.517712	0.369687	0.478854	0.496418	0.579174	0.343344	0.381613
18	14960430	N	0.480302	0.485555	0.498996	0.377440	0.505885	0.467064	0.601414	0.387870	0.368225
18	43321412	N	0.505568	0.496129	0.515348	0.359455	0.302523	0.511471	0.344720	0.329039	0.504998
18	43321417	N	0.470587	0.496078	0.499840	0.345205	0.258381	0.490869	0.357185	0.332918	0.473670
18	43321442	N	0.530317	0.486856	0.487685	0.359700	0.297205	0.482225	0.392683	0.377260	0.474882
18	75148002	N	0.523508	0.461040	0.493724	0.351490	0.303174	0.470097	0.362787	0.353279	0.520750
18	75148016	N	0.468584	0.488934	0.534791	0.370761	0.265228	0.502849	0.380962	0.367567	0.486411
18	75148028	N	0.482449	0.512688	0.488520	0.366047	0.276483	0.497333	0.355430	0.353559	0.524312
19	7698760	N	0.491270	0.480073	0.656920	0.650586	0.627783	0.642327	0.624722	0.654741	0.628792
19	7698788	N	0.527244	0.508949	0.646983	0.620110	0.612115	0.646335	0.582026	0.639207	0.644900
19	7698857	N	0.510452	0.505828	0.640441	0.641647	0.639434	0.630812	0.648085	0.625447	0.635337
19	10610017	N	0.521830	0.480382	0.645531	0.628512	0.657766	0.636341	0.663293	0.638457	0.639309
19	10610235	N	0.508315	0.502080	0.642932	0.623719	0.631381	0.614989	0.641133	0.646361	0.628318
19	10610236	N	0.522786	0.500776	0.602541	0.610905	0.642163	0.652355	0.619364	0.614372	0.670384
19	18357364	N	0.522006	0.531286	0.621787	0.628342	0.661860	0.654882	0.654002	0.644574	0.619772
19	18357389	N	0.524835	0.518553	0.629176	0.640613	0.667730	0.637879	0.608216	0.641457	0.628135
19	18357416	N	0.472150	0.516457	0.616774	0.631606	0.625653	0.640785	0.666388	0.605179	0.643009
19	33109983	N	0.531568	0.496285	0.640840	0.654195	0.615320	0.678642	0.655667	0.636215	0.508581
19	33110047	N	0.514970	0.498706	0.651230	0.607345	0.642997	0.626701	0.637741	0.660410	0.519982
19	33110058	N	0.511283	0.498519	0.662599	0.625629	0.645797	0.611457	0.634198	0.646979	0.509084
19	33110149	N	0.497229	0.473249	0.633698	0.649271	0.645675	0.636366	0.586539	0.644657	0.490578
19	44331594	N	0.495594	0.518644	0.645451	0.631253	0.620472	0.665312	0.629047	0.634370	0.501434
19	44331613	N	0.558803	0.526479	0.647802	0.594703	0.646512	0.614693	0.619800	0.665735	0.520493
19	44331710	N	0.463662	0.495777	0.624914	0.625005	0.621991	0.640674	0.649410	0.633245	0.509461
19	56131709	N	0.502611	0.519493	0.671152	0.648889	0.639248	0.643782	0.615524	0.587581	0.490687
19	58790675	N	0.511801	0.476256	0.628510	0.633820	0.598904	0.631539	0.639369	0.626544	0.525709
19	58790784	N	0.456958	0.495771	0.636317	0.647757	0.629885	0.634439	0.613857	0.593012	0.480486
19	58790807	N	0.501645	0.514473	0.656515	0.628792	0.600373	0.621372	0.642344	0.641378	0.521151
20	3527524	N	0.478064	0.494949	0.634550	0.611676	0.629838	0.650213	0.661128	0.647812	0.599241
20	3527531	N	0.510930	0.494086	0.637597	0.639438	0.660844	0.657452	0.649884	0.637565	0.662373
20	3527582	N	0.468013	0.509731	0.620994	0.670935	0.637288	0.626537	0.652181	0.639573	0.627909
20	12223868	N	0.483630	0.515719	0.629658	0.611321	0.630469	0.654337	0.639822	0.622526	0.641677
20	12223967	N	0.508279	0.498343	0.629501	0.641373	0.664972	0.622986	0.624195	0.657385	0.617955
20	12224116	N	0.515328	0.525473	0.614837	0.620251	0.651516	0.597145	0.648101	0.615524	0.627143
20	24418504	N	0.497997	0.531188	0.638918	0.623646	0.642323	0.636675	0.650658	0.640736	0.670873
20	24418544	N	0.506726	0.512716	0.675347	0.648337	0.626771	0.652015	0.685031	0.659049	0.620547
20	24418579	N	0.528962	0.511614	0.634587	0.624221	0.618240	0.660001	0.588429	0.657540	0.640834
20	36559239	N	0.495719	0.463590	0.634879	0.657517	0.623102	0.674122	0.699028	0.643683	0.635059
20	36559245	N	0.478439	0.501623	0.658926	0.655492	0.647652	0.635283	0.622530	0.649777	0.633007
20	53267576	N	0.504397	0.490358	0.612306	0.640033	0.598286	0.669402	0.624534	0.585146	0.607082
20	60500579	N	0.480746	0.484108	0.622226	0.638868	0.667939	0.641091	0.642302	0.659833	0.667553
20	60500603	N	0.502805	0.497933	0.658919	0.637863	0.648615	0.673680	0.604202	0.657647	0.665939
20	60500690	N	0.469222	0.527410	0.647765	0.596289	0.655862	0.620563	0.633355	0.637362	0.608526
21	15649486	N	0.531532	0.496637	0.345708	0.352887	0.474512	0.358913	0.529551	0.381527	0.431236
21	15649522	N	0.512607	0.458173	0.380021	0.388462	0.503566	0.353267	0.532220	0.380839	0.329894
21	15649526	N	0.508267	0.468869	0.354033	0.371208	0.459061	0.327861	0.526830	0.344569	0.378979
21	22512500	N	0.544346	0.473664	0.369777	0.355965	0.510032	0.365684	0.488560	0.358823	0.395123
21	22512560	N	0.481434	0.513740	0.360030	0.390051	0.491747	0.357585	0.503563	0.387399	0.344870
21	22512563	N	0.499636	0.523515	0.361338	0.401800	0.505977	0.351293	0.515781	0.356544	0.396151
21	22512606	N	0.513714	0.504207	0.341241	0.347287	0.463965	0.351888	0.454092	0.371490	0.338664
21	22512626	N	0.533899	0.470647	0.398015	0.334791	0.510781	0.327407	0.488282	0.350758	0.361767
21	44141357	N	0.516947	0.498924	0.377862	0.365685	0.488697	0.365023	0.506504	0.377425	0.366769
21	44141449	N	0.487396	0.498324	0.348210	0.359673	0.578675	0.398940	0.513297	0.347837	0.338875
21	44141480	N	0.512345	0.495429	0.365727	0.375669	0.501091	0.374888	0.495974	0.384504	0.374213
22	19593301	N	0.491436	0.481734	0.466665	0.472050	0.485336	0.516240	0.524656	0.514794	0.524534
22	19593344	N	0.497492	0.519560	0.512163	0.490756	0.487486	0.502885	0.500320	0.507489	0.482290
22	19593434	N	0.506459	0.495790	0.492378	0.481869	0.499855	0.482110	0.486291	0.506155	0.534025
22	19620982	N	0.486954	0.520663	0.477556	0.491207	0.482724	0.500999	0.514908	0.484029	0.473949
22	19621011	N	0.498730	0.488891	0.505304	0.515640	0.475128	0.505428	0.493736	0.488266	0.500160
22	19627501	N	0.518666	0.490146	0.514408	0.494253	0.477490	0.496423	0.506574	0.503392	0.505083
22	19627504	N	0.544076	0.535720	0.489740	0.527763	0.523259	0.462121	0.499185	0.522414	0.491506
22	19627550	N	0.526591	0.515327	0.504933	0.521503	0.495361	0.493534	0.504314	0.450222	0.496994
22	19682621	N	0.502325	0.503938	0.532996	0.477157	0.457883	0.501327	0.500356	0.480844	0.515706
22	19682627	N	0.492262	0.507758	0.502659	0.497461	0.515886	0.464433	0.534160	0.531370	0.497096
22	20755226	N	0.507501	0.506969	0.489749	0.497062	0.514250	0.512028	0.506967	0.481390	0.506619
22	20755240	N	0.457196	0.532020	0.493972	0.452638	0.500246	0.508701	0.517980	0.523932	0.476092
22	20755282	N	0.482069	0.531317	0.509143	0.498511	0.516876	0.478916	0.489162	0.479984	0.528961
22	20755340	N	0.527727	0.485304	0.487577	0.468448	0.487165	0.514254	0.492507	0.479136	0.470934
22	20899971	N	0.539082	0.511551	0.478859	0.506589	0.492659	0.502776	0.489037	0.518959	0.472695
22	20899976	N	0.535789	0.498375	0.459086	0.504536	0.504655	0.513204	0.536754	0.521158	0.491727
22	20900074	N	0.476827	0.481833	0.541829	0.514152	0.484933	0.482975	0.483404	0.465473	0.498984
22	22015234	N	0.493494	0.521402	0.497307	0.523765	0.476876	0.503141	0.525729	0.501773	0.492415
22	22027617	N	0.502963	0.523925	0.506535	0.520264	0.489945	0.507057	0.521490	0.506840	0.512105
22	22027710	N	0.511950	0.511410	0.511574	0.491194	0.452296	0.502225	0.524428	0.468122	0.462355
22	22532639	N	0.506657	0.507293	0.481670	0.499262	0.531236	0.495050	0.490137	0.505103	0.522622
22	22532765	N	0.512742	0.498070	0.500065	0.518157	0.511592	0.483827	0.490535	0.488319	0.495717
22	24159244	N	0.499550	0.521830	0.484400	0.531949	0.489689	0.501754	0.482559	0.533563	0.502478
22	24159276	N	0.511327	0.520709	0.509368	0.518137	0.505776	0.492356	0.517487	0.504293	0.500130
22	24159321	N	0.499072	0.497850	0.472627	0.497034	0.495767	0.528029	0.498753	0.479776	0.506578
22	24159326	N	0.494894	0.523458	0.527114	0.484764	0.487420	0.524703	0.526819	0.496154	0.510245
22	24159437	N	0.518052	0.466382	0.538582	0.469470	0.489435	0.553589	0.509514	0.498715	0.506321
22	24159452	N	0.497777	0.519923	0.473950	0.483771	0.500308	0.512421	0.515881	0.541398	0.494696
22	34256853	N	0.506213	0.516454	0.483751	0.487236	0.500715	0.523937	0.487127	0.476054	0.462056
22	34256860	N	0.496471	0.477634	0.509631	0.470043	0.479396	0.490688	0.520282	0.500362	0.488651
22	34256908	N	0.512834	0.530509	0.496548	0.479485	0.530516	0.506695	0.473259	0.485205	0.503510
22	34256919	N	0.507801	0.512387	0.487577	0.495833	0.471093	0.520865	0.505378	0.512152	0.484726
22	34256923	N	0.465649	0.519318	0.449947	0.530669	0.515709	0.480898	0.505390	0.493278	0.483435
22	43356128	N	0.485013	0.484737	0.535598	0.489236	0.510749	0.478221	0.495503	0.502776	0.470498
22	43356129	N	0.499203	0.456212	0.482740	0.489032	0.495001	0.466994	0.498429	0.490338	0.483778
22	43356130	N	0.468747	0.500170	0.505869	0.504903	0.486704	0.517886	0.497468	0.516454	0.491038
22	44541350	N	0.483277	0.503325	0.506089	0.472706	0.504518	0.513115	0.477739	0.524325	0.531926
22	44541359	N	0.489152	0.525316	0.475280	0.522384	0.493704	0.512590	0.487993	0.490374	0.491030
22	44541404	N	0.485709	0.467338	0.513289	0.508192	0.485904	0.496408	0.551008	0.522638	0.497528
1	11288744	Y	0	0	0	0	0	0	0	0	1
2	51254778	Y	0	0	1	1	1	1	1	1	1
2	73900090	Y	0	0	1	1	1	1	1	1	1
2	140604829	Y	0	0	1	1	1	1	1	1	1
2	235941695	Y	0	0	0	1	0	0	0	1	1
3	84687827	Y	0	0	1	1	1	1	1	1	1
4	7436702	Y	0	0	1	1	1	1	1	1	1
4	149766375	Y	0	0	1	1	1	1	1	1	1
4	168860531	Y	0	0	1	1	1	1	1	1	1
5	176918124	Y	0	0	1	1	1	1	1	1	1
6	93823462	Y	0	0	0	0	0	0	0	0	0
7	7929394	Y	0	0	1	1	1	1	1	1	1
8	121788354	Y	0	0	1	1	1	1	1	1	1
9	120004968	Y	0	0	0	0	0	1	0	0	0
11	6292669	Y	0	0	0	0	0	0	0	1	0
12	7646557	Y	0	0	1	1	1	1	1	1	1
12	26891621	Y	0	0	1	1	1	1	1	1	1
12	120531677	Y	0	0	0	1	0	0	0	1	1
13	78997132	Y	0	0	0	0	0	0	0	0	0
14	39244541	Y	0	0	1	1	1	1	1	1	1
14	57244390	Y	0	0	0	0	0	1	0	0	0
14	66029239	Y	0	0	0	0	0	0	0	1	0
14	79111653	Y	0	0	0	0	0	0	1	0	0
14	85571465	Y	0	0	1	1	1	1	1	1	1
14	88263484	Y	0	0	1	1	1	1	1	1	1
14	97553881	Y	0	0	0	0	0	0	0	0	0
14	101292486	Y	0	0	0	0	1	0	1	0	0
15	57931651	Y	0	0	0	0	1	0	1	0	0
15	100122868	Y	0	0	1	1	1	1	1	1	1
16	25160277	Y	0	0	0	0	0	0	0	0	1
17	8784067	Y	0	0	1	1	1	1	1	1	1
17	48750825	Y	0	0	1	1	1	1	1	1	1
18	43431452	Y	0	0	1	1	1	1	1	1	1
22	20900050	Y	0	0	1	1	1	1	1	1	1
22	48201474	Y	0	0	0	0	0	0	1	0	0