0.493
0.484
0.515
0.465
0.542
0.508
0.483
0.504
0.489
0.524
0.509
0.501
0.473
0.496
0.495
0.503
0.503
0.513
0.509
0.505
0.504
0.448
0.494
0.495
0.454
0.456
0.464
0.510
0.500
0.497
0.501
0.559
0.553
0.572
0.580
0.587
0.516
0.526
0.528
0.602
0.474
0.479
0.480
0.481
0.497
0.331
0.480
0.476
0.488
0.502
0.519
0.491
0.521
0.540
0.548
0.501
0.463
0.457
0.467
0.486
0.527
0.424
0.529
0.529
0.496
0.498
0.498
0.489
0.475
0.462
0.474
0.479
0.515
0.523
0.484
0.510
0.490
0.563
0.568
0.564
0.564
0.490
0.484
0.513
0.515
0.516
0.483
0.474
0.489
0.511
0.438
0.484
0.436
0.497
0.519
0.510
0.523
0.503
0.497
0.397
0.522
0.527
0.533
0.508
0.505
0.505
0.495
0.492
0.493
0.491
0.492
0.511
0.518
0.524
0.526
0.496
0.489
0.493
0.505
0.475
0.486
0.482
0.486
0.486
0.467
0.486
0.489
0.489
0.447
0.537
0.536
0.487
0.370
0.465
0.377
0.372
0.485
0.506
0.483
0.509
0.509
0.502
0.489
0.483
0.520
0.521
0.475
0.471
0.470
0.509
0.456
0.449
0.513
0.482
0.463
0.455
0.457
0.503
0.499
0.504
0.500
0.490
0.536
0.475
0.408
0.592
0.488
0.498
0.486
0.488
0.480
0.442
0.492
0.473
0.463
0.524
0.476
0.511
0.519
0.521
0.552
0.494
0.600
0.387
0.591
0.581
0.487
0.469
0.496
0.523
0.473
0.491
0.484
0.475
0.512
0.513
0.511
0.510
0.501
0.502
0.516
0.512
0.511
0.510
0.515
0.510
0.499
0.489
0.518
0.523
0.518
0.494
0.492
0.492
0.494
0.498
0.473
0.461
0.463
0.511
0.500
0.508
0.502
0.500
0.506
0.506
0.486
0.499
0.498
0.504
0.417
0.413
0.411
0.485
0.518
0.465
0.492
0.501
0.502
0.504
0.497
0.365
0.476
0.474
0.521
0.503
0.513
0.510
0.501
0.512
0.516
0.529
0.522
0.527
0.505
0.494
0.516
0.519
0.502
0.508
0.501
0.491
0.485
0.510
0.513
0.513
0.518
0.522
0.523
0.462
0.479
0.490
0.503
0.503
0.497
0.512
0.501
0.499
0.497
0.523
0.476
0.483
0.486
0.481
0.478
0.482
0.477
0.478
0.527
0.470
0.471
0.471
0.473
0.472
0.470
0.474
0.474
0.509
0.495
0.493
0.488
0.490
0.514
0.518
0.524
0.530
0.524
0.463
0.457
0.501
0.465
0.475
0.430
0.431
0.429
0.529
0.526
0.526
0.518
0.430
0.431
0.415
0.498
0.502
0.502
0.481
0.476
0.495
0.491
0.489
0.465
0.645
0.646
0.561
0.560
0.502
0.497
0.467
0.463
0.460
0.521
0.513
0.525
0.529
0.514
0.516
0.484
0.493
0.495
0.462
0.531
0.529
0.497
0.496
0.500
0.471
0.529
0.488
0.484
0.477
0.510
0.514
0.515
0.484
0.474
0.521
0.480
0.484
0.439
0.468
0.468
0.525
0.516
0.523
0.500
0.479
0.505
0.361
0.371
0.496
0.454
0.454
0.549
0.424
0.575
0.507
0.499
0.464
0.486
0.518
0.484
0.478
0.500
0.490
0.507
0.493
0.506
0.501
0.503
0.496
0.507
0.486
0.540
0.573
0.422
0.572