0.476
0.478
0.521
0.463
0.337
0.480
0.487
0.514
0.481
0.516
0.516
0.500
0.489
0.561
0.506
0.513
0.500
0.485
0.509
0.515
0.454
0.497
0.496
0.476
0.476
0.477
0.546
0.562
0.570
0.451
0.481
0.483
0.487
0.479
0.489
0.491
0.489
0.508
0.493
0.489
0.495
0.495
0.523
0.524
0.555
0.567
0.575
0.504
0.518
0.494
0.490
0.492
0.459
0.483
0.429
0.477
0.479
0.479
0.501
0.523
0.524
0.518
0.506
0.484
0.471
0.459
0.536
0.530
0.548
0.540
0.470
0.452
0.458
0.464
0.494
0.499
0.499
0.495
0.493
0.494
0.492
0.487
0.497
0.486
0.488
0.512
0.536
0.535
0.460
0.418
0.518
0.517
0.476
0.403
0.603
0.487
0.463
0.470
0.467
0.458
0.529
0.522
0.528
0.546
0.547
0.509
0.530
0.503
0.517
0.504
0.497
0.495
0.515
0.510
0.499
0.490
0.495
0.500
0.491
0.495
0.505
0.506
0.460
0.456
0.457
0.512
0.480
0.465
0.462
0.514
0.485
0.484
0.489
0.443
0.499
0.497
0.475
0.494
0.499
0.502
0.497
0.504
0.500
0.464
0.476
0.474
0.472
0.493
0.506
0.489
0.488
0.506
0.506
0.503
0.526
0.561
0.549
0.470
0.470
0.446
0.461
0.465
0.488
0.488
0.493
0.495
0.479
0.546
0.541
0.545
0.550
0.492
0.494
0.498
0.506
0.496
0.493
0.493
0.484
0.484
0.495
0.513
0.574
0.533
0.497
0.381
0.489
0.518
0.483
0.479
0.480
0.489
0.543
0.546
0.534
0.474
0.489
0.471
0.480
0.529
0.511
0.531
0.513
0.516
0.513
0.562
0.539
0.534
0.515
0.433
0.508
0.466
0.449
0.441
0.482
0.485
0.486
0.494
0.490
0.481
0.482
0.487
0.515
0.519
0.510
0.498
0.508
0.514
0.504
0.451
0.456
0.450
0.437
0.447
0.470
0.473
0.473
0.500
0.495
0.496
0.496
0.497
0.496
0.526
0.515
0.507
0.498
0.497
0.477
0.485
0.488
0.478
0.480
0.455
0.513
0.486
0.534
0.504
0.502
0.535
0.511
0.509
0.512
0.507
0.511
0.496
0.508
0.506
0.484
0.508
0.426
0.422
0.425
0.471
0.487
0.484
0.481
0.500
0.480
0.459
0.460
0.575
0.511
0.480
0.429
0.518
0.485
0.484
0.481
0.497
0.494
0.510
0.513
0.525
0.504
0.508
0.499
0.506
0.506
0.509
0.494
0.490
0.507
0.507
0.512
0.508
0.476
0.489
0.490
0.476
0.481
0.489
0.486
0.513
0.510
0.518
0.519
0.512
0.506
0.514
0.513
0.483
0.504
0.503
0.499
0.500
0.516
0.522
0.529
0.528
0.498
0.507
0.484
0.470
0.460
0.380
0.380
0.383
0.496
0.504
0.498
0.477
0.472
0.478
0.464
0.463
0.458
0.482
0.478
0.482
0.474
0.476
0.496
0.491
0.486
0.449
0.499
0.500
0.482
0.500
0.498
0.457
0.454
0.443
0.438
0.440
0.513
0.490
0.482
0.504
0.508
0.507
0.514
0.546
0.507
0.440
0.480
0.490
0.492
0.501
0.501
0.513
0.512
0.523
0.467
0.495
0.498
0.498
0.494
0.497
0.498
0.438
0.481
0.474
0.496
0.498
0.516
0.513
0.515
0.507
0.494
0.495
0.509
0.401
0.340
0.485
0.494
0.473
0.504
0.470
0.449
0.551
0.532
0.528
0.460
0.490
0.513
0.487
0.486
0.497
0.504
0.497
0.507
0.502
0.506
0.490
0.470