0.424
0.484
0.475
0.524
0.458
0.359
0.359
0.498
0.512
0.505
0.503
0.505
0.504
0.485
0.483
0.508
0.534
0.541
0.534
0.493
0.493
0.496
0.431
0.476
0.479
0.502
0.500
0.507
0.522
0.479
0.479
0.476
0.543
0.544
0.594
0.399
0.594
0.513
0.508
0.543
0.561
0.568
0.487
0.500
0.481
0.457
0.453
0.457
0.510
0.514
0.393
0.504
0.506
0.485
0.494
0.492
0.583
0.436
0.434
0.423
0.530
0.531
0.540
0.557
0.519
0.533
0.537
0.426
0.424
0.424
0.435
0.437
0.437
0.528
0.465
0.467
0.449
0.453
0.481
0.475
0.491
0.497
0.498
0.544
0.415
0.528
0.447
0.579
0.589
0.562
0.517
0.558
0.540
0.550
0.645
0.619
0.616
0.596
0.395
0.525
0.528
0.539
0.492
0.488
0.491
0.507
0.518
0.518
0.516
0.518
0.516
0.470
0.522
0.521
0.522
0.526
0.521
0.525
0.468
0.467
0.507
0.494
0.499
0.499
0.500
0.510
0.511
0.512
0.489
0.559
0.573
0.578
0.483
0.496
0.498
0.490
0.500
0.334
0.463
0.473
0.469
0.467
0.520
0.473
0.512
0.504
0.506
0.505
0.525
0.507
0.500
0.429
0.500
0.489
0.468
0.466
0.461
0.494
0.497
0.517
0.493
0.545
0.571
0.544
0.373
0.544
0.618
0.502
0.496
0.496
0.493
0.488
0.474
0.474
0.500
0.494
0.494
0.502
0.515
0.512
0.506
0.511
0.500
0.502
0.506
0.494
0.489
0.532
0.524
0.509
0.510
0.501
0.483
0.504
0.461
0.454
0.507
0.535
0.460
0.472
0.543
0.444
0.452
0.442
0.444
0.424
0.524
0.527
0.526
0.566
0.489
0.464
0.467
0.471
0.494
0.509
0.470
0.452
0.485
0.485
0.496
0.501
0.498
0.510
0.528
0.525
0.526
0.525
0.527
0.523
0.517
0.512
0.448
0.490
0.498
0.499
0.498
0.516
0.510
0.516
0.510
0.482
0.476
0.506
0.497
0.505
0.497
0.497
0.500
0.509
0.459
0.446
0.444
0.519
0.528
0.503
0.493
0.505
0.458
0.484
0.479
0.480
0.504
0.501
0.498
0.504
0.479
0.455
0.451
0.454
0.503
0.471
0.473
0.494
0.499
0.490
0.489
0.364
0.485
0.485
0.511
0.491
0.489
0.495
0.499
0.469
0.505
0.507
0.507
0.497
0.469
0.474
0.522
0.509
0.511
0.510
0.506
0.520
0.516
0.476
0.478
0.484
0.509
0.510
0.504
0.510
0.518
0.515
0.510
0.471
0.470
0.494
0.493
0.486
0.475
0.476
0.492
0.513
0.483
0.526
0.505
0.504
0.498
0.501
0.490
0.492
0.499
0.500
0.494
0.497
0.478
0.408
0.406
0.413
0.511
0.513
0.514
0.485
0.482
0.487
0.471
0.462
0.451
0.483
0.480
0.513
0.520
0.516
0.514
0.497
0.643
0.632
0.511
0.500
0.501
0.496
0.446
0.491
0.479
0.531
0.506
0.516
0.515
0.512
0.510
0.508
0.515
0.473
0.464
0.533
0.534
0.481
0.479
0.516
0.509
0.511
0.512
0.495
0.500
0.498
0.438
0.466
0.477
0.510
0.512
0.498
0.508
0.510
0.471
0.479
0.488
0.507
0.510
0.565
0.570
0.500
0.463
0.431
0.579
0.488
0.484
0.469
0.490
0.501
0.496
0.488
0.506
0.454
0.494
0.496
0.492
0.489
0.489
0.492
0.459
0.455
0.553
0.566
0.564
0.578