1	11505046	0.482
1	11505112	0.480
1	11505114	0.517
1	11505118	0.478
1	24882927	0.489
1	195048866	0.488
1	195048877	0.489
1	195048913	0.493
1	204323155	0.493
1	204323239	0.505
1	204323274	0.503
1	204459786	0.500
1	204977799	0.499
1	210344858	0.511
1	210344861	0.512
1	210344911	0.520
2	9580466	0.491
2	9580540	0.497
2	10136845	0.504
2	10136855	0.501
2	10136936	0.508
2	12280396	0.556
2	12280472	0.578
2	12280491	0.589
2	12280509	0.590
2	78023861	0.487
2	78023932	0.490
2	129151244	0.471
2	129151284	0.478
2	129151298	0.478
2	129151338	0.481
2	129151398	0.505
2	140604808	0.486
2	149915510	0.490
2	149915528	0.487
2	149915594	0.490
2	149915632	0.501
2	154730984	0.539
2	154730989	0.525
2	154730997	0.559
2	154731055	0.574
2	235941661	0.502
2	241758155	0.572
2	241758161	0.577
2	241760574	0.506
3	13679688	0.491
3	13679695	0.488
3	13679708	0.483
3	121976471	0.474
3	179465626	0.492
3	179465638	0.497
3	190341241	0.516
3	190341292	0.522
3	190341342	0.521
3	197410024	0.652
4	38990230	0.497
4	38990265	0.493
4	38990271	0.479
4	48174141	0.479
4	48174161	0.475
4	48174173	0.476
4	48174251	0.480
4	48174269	0.522
4	48174288	0.481
4	87260813	0.500
4	87260862	0.495
4	87260918	0.491
4	117446376	0.502
4	117446416	0.499
4	117446442	0.508
4	142001608	0.472
4	142001670	0.477
4	142001679	0.475
4	142001727	0.468
4	142001731	0.466
4	142001744	0.468
4	149766492	0.480
4	167951933	0.519
4	167951966	0.513
4	167951994	0.517
4	186628572	0.495
4	186628694	0.525
4	186628721	0.527
4	186628753	0.469
5	1473977	0.443
5	13774014	0.496
5	13774029	0.411
5	13774115	0.515
5	33667640	0.463
5	33667753	0.438
5	33667805	0.484
5	134782414	0.539
5	134782450	0.563
5	134782510	0.481
5	150696447	0.522
5	150696498	0.527
5	150696540	0.533
5	164368812	0.553
5	164368821	0.547
5	164368891	0.521
6	43749110	0.532
6	43749163	0.536
6	43749230	0.542
6	86656645	0.467
6	86656653	0.461
6	86656733	0.459
6	95066652	0.512
6	95066744	0.508
6	103718071	0.491
6	103718105	0.493
6	103718120	0.492
6	149665852	0.499
6	156305059	0.482
6	156305093	0.490
6	156305117	0.494
6	156305125	0.496
6	162472277	0.483
6	162472310	0.484
6	162472368	0.541
6	162472371	0.482
6	162472380	0.488
6	169422415	0.529
7	25194291	0.527
7	25194313	0.472
7	25194413	0.461
7	25194431	0.458
7	70737764	0.503
7	70737858	0.505
7	70737875	0.500
7	70737884	0.507
7	77818393	0.491
7	77818458	0.494
7	77818463	0.499
7	77818547	0.458
7	79442703	0.613
7	79442762	0.614
7	79442846	0.611
7	103373014	0.476
7	103373033	0.485
7	103373051	0.486
7	103373071	0.482
7	103373086	0.488
7	103373126	0.511
7	155385421	0.449
7	155385454	0.503
7	155385465	0.509
8	13016359	0.438
8	13016379	0.437
8	32245522	0.510
8	32245557	0.511
8	32245566	0.513
8	123806187	0.508
8	123806196	0.506
8	123806240	0.504
9	923938	0.484
9	17793759	0.470
9	17793903	0.474
9	27203511	0.501
9	27203554	0.476
9	27203592	0.547
9	27203596	0.542
9	27203625	0.544
9	27203682	0.547
9	27203696	0.605
9	73536416	0.497
9	73536510	0.505
9	86093180	0.508
9	86093237	0.509
9	86093264	0.512
9	86093265	0.494
9	105780536	0.492
9	105780558	0.498
9	105780567	0.497
9	105780570	0.497
9	105780618	0.499
9	120004783	0.489
9	135770134	0.491
9	135770300	0.500
10	12591712	0.551
10	12591798	0.569
10	23297252	0.523
10	23297301	0.475
10	23297336	0.472
10	23297429	0.553
10	25839369	0.572
10	25839370	0.550
10	25839391	0.571
10	25839394	0.574
10	48480228	0.423
10	55725207	0.491
10	55725234	0.495
10	55725337	0.490
10	73822343	0.551
10	95239121	0.524
10	95239183	0.451
10	95239187	0.434
10	95239251	0.532
10	120874067	0.512
10	120874087	0.482
10	120874161	0.499
10	124095982	0.455
10	124096035	0.471
10	124096041	0.458
10	124096061	0.484
10	124096209	0.455
10	134798532	0.526
10	134798538	0.527
10	134798590	0.524
11	534403	0.543
11	5602615	0.453
11	5602679	0.458
11	5602789	0.456
11	5809548	0.437
11	11338063	0.493
11	11338146	0.438
11	11338178	0.471
11	19826548	0.515
11	44840684	0.488
11	48284000	0.510
11	48284033	0.505
11	48284109	0.488
11	69976047	0.498
11	69976094	0.526
11	69976138	0.523
11	69976193	0.522
11	76421195	0.468
11	76421214	0.475
11	76421250	0.475
11	76421307	0.462
11	79851768	0.497
11	79851772	0.491
11	79851783	0.495
11	79851863	0.489
11	118938315	0.500
11	118938371	0.500
11	118938388	0.528
11	118938389	0.395
11	118938435	0.524
11	123468933	0.495
11	123468965	0.489
11	123468969	0.488
12	6898392	0.527
12	6898521	0.477
12	11904752	0.494
12	11904767	0.477
12	11904770	0.480
12	27456119	0.502
12	28345303	0.543
12	28345342	0.513
12	28345395	0.508
12	29580127	0.403
12	32446901	0.486
12	34235603	0.489
12	40378646	0.485
12	40378647	0.485
12	40378739	0.482
12	40378773	0.488
12	40378784	0.488
12	68508842	0.535
12	68508863	0.481
12	68508990	0.535
12	68509022	0.473
12	68509094	0.480
12	122612598	0.504
12	122612625	0.493
12	122612635	0.499
12	129465381	0.433
13	46752671	0.427
13	46752698	0.420
13	46752704	0.416
13	46752813	0.477
13	79886557	0.523
13	79886566	0.522
13	79886654	0.455
13	79886677	0.526
13	79935255	0.519
13	79935360	0.496
13	79935401	0.496
13	110909015	0.502
14	22392983	0.497
14	22393124	0.507
14	22393148	0.507
14	23103743	0.499
14	33165051	0.488
14	33165084	0.492
14	33165182	0.496
14	41916228	0.452
14	41916241	0.534
14	41916247	0.537
14	57244325	0.486
14	58055209	0.512
14	58055276	0.511
14	58055281	0.514
14	58055377	0.497
14	94773371	0.486
14	94773395	0.480
14	94773411	0.467
14	97553840	0.470
15	26037844	0.500
15	26037885	0.503
15	26037922	0.506
15	26037940	0.502
15	29908258	0.493
15	29908263	0.496
15	60966891	0.473
15	60966927	0.490
15	60966998	0.472
15	92562990	0.498
15	92562993	0.498
15	92563046	0.491
15	92563060	0.500
15	92563075	0.505
16	4740441	0.483
16	4740444	0.496
16	4740477	0.492
16	70926710	0.493
16	70926724	0.490
16	70926768	0.477
16	80704005	0.486
16	80704010	0.483
16	84462543	0.490
16	84462559	0.510
16	84462578	0.512
16	84462591	0.511
16	84462605	0.512
16	84462633	0.510
16	84462659	0.503
16	85045103	0.500
16	85045203	0.502
17	12895815	0.496
17	12895929	0.533
17	12895984	0.527
17	16846155	0.482
17	16846176	0.479
17	16846208	0.477
17	16846298	0.476
17	70883473	0.504
17	70883483	0.507
17	70883493	0.516
17	70883558	0.514
18	8299059	0.504
18	8299082	0.499
18	14960409	0.470
18	14960430	0.472
18	43321412	0.395
18	43321417	0.397
18	43321442	0.397
18	75148002	0.508
18	75148016	0.514
18	75148028	0.510
19	7698760	0.477
19	7698788	0.478
19	7698857	0.484
19	10610017	0.557
19	10610235	0.552
19	10610236	0.552
19	18357364	0.480
19	18357389	0.483
19	18357416	0.476
19	33109983	0.471
19	33110047	0.461
19	33110058	0.453
19	33110149	0.415
19	44331594	0.468
19	44331613	0.440
19	44331710	0.474
19	56131709	0.504
19	58790675	0.525
19	58790784	0.502
19	58790807	0.494
20	3527524	0.496
20	3527531	0.498
20	3527582	0.486
20	12223868	0.465
20	12223967	0.507
20	12224116	0.474
20	24418504	0.506
20	24418544	0.519
20	24418579	0.521
20	36559239	0.494
20	36559245	0.499
20	53267576	0.489
20	60500579	0.486
20	60500603	0.488
20	60500690	0.505
21	15649486	0.471
21	15649522	0.473
21	15649526	0.473
21	22512500	0.475
21	22512560	0.476
21	22512563	0.509
21	22512606	0.486
21	22512626	0.486
21	44141357	0.457
21	44141449	0.482
21	44141480	0.489
22	19593301	0.495
22	19593344	0.505
22	19593434	0.492
22	19620982	0.489
22	19621011	0.498
22	19627501	0.492
22	19627504	0.499
22	19627550	0.515
22	19682621	0.485
22	19682627	0.509
22	20755226	0.388
22	20755240	0.377
22	20755282	0.349
22	20755340	0.504
22	20899971	0.540
22	20899976	0.516
22	20900074	0.511
22	22015234	0.466
22	22027617	0.452
22	22027710	0.565
22	22532639	0.511
22	22532765	0.497
22	24159244	0.469
22	24159276	0.487
22	24159321	0.489
22	24159326	0.485
22	24159437	0.508
22	24159452	0.511
22	34256853	0.484
22	34256860	0.480
22	34256908	0.477
22	34256919	0.481
22	34256923	0.481
22	43356128	0.545
22	43356129	0.469
22	43356130	0.604
22	44541350	0.557
22	44541359	0.438
22	44541404	0.555
