0.498991	0.520307	0.478897	0.031757	0.473079	0.523121	0.502608	0.000362
0.474621	0.489419	0.459122	0.023582	0.492646	0.504046	0.517736	0.026451
0.491357	0.496284	0.494414	0.051175	0.471032	0.509452	0.490997	0.006059
0.510612	0.503541	0.485554	0.035917	0.495111	0.523020	0.532434	0.005861
0.485689	0.501464	0.513513	0.017932	0.526706	0.495200	0.504782	0.025213
0.493702	0.518733	0.494309	0.002431	0.469402	0.522690	0.508703	0.017477
0.510156	0.512875	0.548238	0.006719	0.483478	0.494973	0.490165	0.030055
0.515527	0.511233	0.493043	0.016100	0.502703	0.492342	0.491537	0.014773
0.466321	0.496274	0.499241	0.011099	0.532613	0.482819	0.514419	0.004097
0.489211	0.474802	0.482457	0.036249	0.495386	0.493192	0.481579	0.002326
0.459901	0.501076	0.495704	0.002064	0.506380	0.504984	0.484427	0.059147
0.515548	0.044043	0.490918	0.541169	0.499281	0.010417	0.006530	0.007026
0.453316	0.023490	0.505503	0.543693	0.512750	0.009585	0.002504	0.013564
0.499747	0.040361	0.517236	0.517654	0.464808	0.030404	0.020597	0.022798
0.477082	0.004777	0.508320	0.513366	0.487672	0.015258	0.020840	0.037152
0.480648	0.002234	0.518861	0.467945	0.500764	0.037618	0.001605	0.018076
0.473647	0.003279	0.484684	0.492959	0.518744	0.020783	0.006100	0.004970
0.528533	0.004443	0.500776	0.491933	0.488391	0.001513	0.003410	0.021012
0.485341	0.029558	0.509249	0.467193	0.503088	0.019936	0.005086	0.012258
0.509254	0.010296	0.511892	0.503211	0.482944	0.009569	0.026002	0.002862
0.538328	0.022032	0.508626	0.509229	0.515895	0.016491	0.011980	0.011030
0.493705	0.023174	0.488908	0.533674	0.499380	0.025020	0.008873	0.017514
0.466090	0.478977	0.475561	0.472046	0.003960	0.493505	0.655737	0.489322
0.473426	0.525460	0.470659	0.516159	0.003675	0.479132	0.691426	0.472272
0.505649	0.510604	0.513860	0.501222	0.002730	0.491892	0.690218	0.555619
0.551498	0.472915	0.498207	0.486804	0.005807	0.531239	0.654312	0.495691
0.496265	0.478438	0.523756	0.511326	0.025971	0.481659	0.677399	0.532054
0.512555	0.501727	0.512823	0.508299	0.009128	0.544647	0.667648	0.512502
0.525260	0.502032	0.507684	0.521190	0.014902	0.491618	0.678583	0.537960
0.511308	0.469797	0.496778	0.491314	0.005193	0.461252	0.710438	0.490312
0.498248	0.501542	0.522366	0.490227	0.014093	0.499078	0.643393	0.506936
0.507255	0.508067	0.496988	0.520767	0.009962	0.508782	0.655158	0.500504
0.480637	0.530922	0.497322	0.494127	0.021386	0.493024	0.670607	0.493709
0.494988	0.513301	0.497221	0.661400	0.012055	0.527913	0.324289	0.002902
0.510972	0.494434	0.494926	0.667862	0.040389	0.505287	0.365885	0.000657
0.516300	0.527865	0.475332	0.682145	0.016678	0.490741	0.341842	0.016896
0.450680	0.499002	0.539755	0.652684	0.008652	0.505443	0.318019	0.011538
0.479853	0.503454	0.511454	0.679943	0.008025	0.514971	0.342064	0.046461
0.488221	0.456118	0.496892	0.673936	0.014451	0.504935	0.343263	0.000606
0.509624	0.522023	0.480087	0.673109	0.021839	0.473534	0.342291	0.007891
0.482578	0.472808	0.503826	0.650115	0.010690	0.504883	0.341359	0.010428
0.486524	0.477627	0.490737	0.662175	0.006888	0.534286	0.345231	0.005746
0.495548	0.514997	0.505564	0.667932	0.033554	0.491175	0.334370	0.024443
0.538193	0.500101	0.496040	0.678227	0.001370	0.511431	0.311378	0.017255
0.491422	0.518908	0.524762	0.350893	0.004787	0.471389	0.349195	0.320345
0.513806	0.517072	0.510711	0.336324	0.001696	0.493870	0.320256	0.302774
0.477817	0.500967	0.480162	0.363786	0.003296	0.504989	0.323300	0.317241
0.463235	0.495272	0.477256	0.297597	0.002172	0.506672	0.339669	0.341730
0.495250	0.490054	0.481432	0.333381	0.006583	0.486805	0.330777	0.324941
0.535408	0.477485	0.498008	0.348410	0.014745	0.497999	0.350239	0.351421
0.497921	0.485590	0.498850	0.348102	0.033208	0.506355	0.318435	0.338254
0.508349	0.471574	0.475283	0.334927	0.020425	0.514143	0.355217	0.347028
0.510513	0.514060	0.547015	0.338103	0.031804	0.500840	0.373893	0.341408
0.511182	0.485989	0.540455	0.346733	0.049390	0.520370	0.351644	0.340591
0.479637	0.499622	0.459547	0.352392	0.025084	0.490512	0.368211	0.331062
0.501623	0.489884	0.497359	0.339128	0.475084	0.521222	0.671181	0.516741
0.511670	0.507523	0.484712	0.304063	0.524812	0.496704	0.651220	0.551395
0.488504	0.495482	0.521691	0.341344	0.525800	0.491845	0.689117	0.487335
0.503345	0.514736	0.500016	0.346840	0.467661	0.505060	0.667482	0.498924
0.516323	0.478040	0.517582	0.335527	0.496528	0.532943	0.716711	0.503229
0.485064	0.483549	0.491476	0.321543	0.515521	0.529876	0.666018	0.490871
0.487282	0.510401	0.511726	0.329732	0.501439	0.518401	0.674665	0.440202
0.484136	0.495135	0.506068	0.366911	0.481877	0.508265	0.671525	0.510594
0.504576	0.530303	0.497418	0.310785	0.543922	0.497764	0.648485	0.468329
0.524085	0.491201	0.483873	0.328214	0.499986	0.522482	0.657467	0.526750
0.491420	0.494240	0.464395	0.334648	0.453619	0.473570	0.698107	0.518106
0.469158	0.525864	0.684449	0.306376	0.611353	0.516635	0.658734	0.030231
0.499761	0.478889	0.662488	0.346441	0.669296	0.521793	0.660229	0.007110
0.509208	0.509029	0.674585	0.308503	0.689013	0.475007	0.705736	0.021088
0.475295	0.493944	0.670671	0.348571	0.637583	0.501302	0.639124	0.013724
0.497381	0.507962	0.658014	0.350406	0.679300	0.528020	0.681059	0.021299
0.522350	0.499660	0.664512	0.304937	0.679589	0.534145	0.675316	0.018940
0.479095	0.492617	0.699759	0.345118	0.660951	0.510162	0.674909	0.002521
0.496456	0.469874	0.655988	0.334503	0.635732	0.495696	0.687256	0.016876
0.488556	0.499431	0.648027	0.348203	0.644057	0.533932	0.659744	0.012148
0.495475	0.475897	0.671668	0.319139	0.660843	0.487483	0.658537	0.023809
0.481532	0.475964	0.665841	0.317012	0.666621	0.486749	0.652216	0.001355
0.518144	0.522882	0.487471	0.518806	0.507328	0.515769	0.652565	0.025047
0.485677	0.497215	0.482701	0.523694	0.495808	0.514324	0.704693	0.008280
0.515943	0.510779	0.528384	0.461309	0.489489	0.497875	0.640819	0.007166
0.526617	0.523251	0.494776	0.486768	0.493912	0.471373	0.659525	0.034155
0.545068	0.491434	0.484680	0.495840	0.462296	0.517730	0.695164	0.012434
0.505015	0.465544	0.496410	0.509797	0.524850	0.495906	0.671875	0.001134
0.510357	0.496699	0.493243	0.491771	0.469392	0.508066	0.683796	0.016767
0.489815	0.498651	0.512121	0.527042	0.461814	0.491182	0.660861	0.000410
0.472333	0.523000	0.482678	0.487205	0.497982	0.502583	0.642536	0.006494
0.483741	0.488004	0.462409	0.477960	0.501023	0.510582	0.672449	0.008311
0.513024	0.492666	0.479075	0.501354	0.501602	0.526248	0.679151	0.011034
0.539384	0.495587	0.028848	0.300652	0.000165	0.478069	0.659632	0.036357
0.486132	0.503392	0.026515	0.330978	0.007898	0.524947	0.655578	0.009577
0.491998	0.481077	0.015479	0.309466	0.002500	0.504416	0.663921	0.011904
0.494613	0.485543	0.034111	0.352754	0.004988	0.477143	0.666135	0.000285
0.531580	0.533299	0.008206	0.350137	0.008766	0.504871	0.680369	0.006994
0.487257	0.529054	0.019746	0.333022	0.008734	0.503298	0.626661	0.037013
0.468542	0.504011	0.045752	0.341391	0.016343	0.519840	0.682467	0.010901
0.519330	0.476212	0.008479	0.345929	0.017397	0.515778	0.656347	0.019969
0.509714	0.480555	0.005783	0.330514	0.002396	0.508246	0.660194	0.006303
0.481880	0.469789	0.002946	0.343383	0.015257	0.492309	0.672788	0.023200
0.515498	0.526168	0.009283	0.314583	0.000619	0.487225	0.696091	0.003042
0.500667	0.491980	0.490042	0.676711	0.523785	0.520001	0.479817	0.020098
0.484221	0.478846	0.491159	0.690144	0.506232	0.472083	0.513887	0.000362
0.488928	0.523022	0.512083	0.658818	0.523524	0.540866	0.490898	0.010116
0.509335	0.501224	0.504322	0.685200	0.474705	0.498826	0.490868	0.020815
0.493361	0.484515	0.514593	0.630957	0.501187	0.478795	0.505184	0.007144
0.474165	0.537939	0.517349	0.682391	0.524062	0.524213	0.521754	0.003395
0.483156	0.507442	0.495252	0.671136	0.496050	0.512419	0.499950	0.021699
0.531407	0.511907	0.478956	0.653118	0.506700	0.529054	0.532057	0.008706
0.483642	0.488199	0.497322	0.664913	0.511864	0.486577	0.524059	0.033963
0.504541	0.482725	0.530513	0.659153	0.526008	0.512270	0.505601	0.008152
0.486912	0.505923	0.487463	0.688364	0.469625	0.524465	0.496246	0.008284
0.493487	0.492473	0.513196	0.533457	0.009529	0.496370	0.485379	0.678997
0.508655	0.527918	0.465208	0.522842	0.012740	0.491561	0.446127	0.671543
0.503335	0.482230	0.484710	0.514516	0.012436	0.495008	0.504333	0.681426
0.483080	0.525838	0.541562	0.513102	0.030622	0.496776	0.463166	0.664057
0.496337	0.478278	0.489828	0.498333	0.021026	0.497621	0.502250	0.633604
0.487531	0.521429	0.549646	0.503617	0.029859	0.493902	0.502783	0.634422
0.500628	0.480780	0.508732	0.487585	0.013235	0.535278	0.508823	0.676370
0.500900	0.480474	0.454686	0.506082	0.009338	0.483532	0.502838	0.666243
0.461370	0.530903	0.454933	0.510298	0.026121	0.506893	0.485883	0.678026
0.475469	0.518062	0.483321	0.477883	0.002022	0.501987	0.511489	0.666435
0.500738	0.477584	0.505042	0.512061	0.023091	0.515352	0.527672	0.656367
0.503275	0.487422	0.488589	0.502666	0.011402	0.001733	0.352393	0.005356
0.482678	0.467251	0.511415	0.501844	0.017141	0.003261	0.313957	0.002709
0.522891	0.496939	0.471903	0.487631	0.013841	0.000199	0.343206	0.007184
0.526695	0.487035	0.490617	0.535610	0.003127	0.018741	0.294606	0.029087
0.495719	0.498518	0.525057	0.469381	0.008462	0.051503	0.312076	0.002593
0.510219	0.477588	0.481561	0.469069	0.012841	0.016220	0.339943	0.001201
0.514890	0.487491	0.520106	0.515064	0.000824	0.025523	0.355819	0.034670
0.500866	0.489287	0.496140	0.509341	0.000266	0.018645	0.343410	0.016181
0.515136	0.544671	0.483045	0.533987	0.001029	0.006232	0.340022	0.000247
0.514350	0.496490	0.483693	0.528356	0.001444	0.028164	0.367493	0.005322
0.491118	0.471484	0.534993	0.488088	0.033033	0.034878	0.291872	0.023104
0.519195	0.522084	0.504581	0.000890	0.015504	0.499430	0.652862	0.317784
0.461084	0.521068	0.538604	0.003332	0.001379	0.551292	0.646472	0.350034
0.507028	0.479686	0.483326	0.002376	0.017907	0.495657	0.680716	0.343422
0.492449	0.504151	0.500255	0.017102	0.003290	0.544807	0.668646	0.333876
0.475233	0.471411	0.475745	0.008358	0.030800	0.506101	0.611242	0.322286
0.491993	0.480572	0.495416	0.008479	0.011320	0.495460	0.675094	0.344958
0.511262	0.499310	0.500885	0.004054	0.028535	0.482215	0.639479	0.353699
0.474286	0.481085	0.491883	0.021874	0.029348	0.538619	0.664078	0.360765
0.528058	0.526780	0.514727	0.004990	0.038622	0.512618	0.672826	0.328705
0.533530	0.486060	0.542459	0.011216	0.056008	0.513618	0.670109	0.304530
0.462313	0.483021	0.532746	0.009198	0.018440	0.532600	0.676121	0.339780
0.533721	0.502457	0.496482	0.507032	0.497241	0.483077	0.526999	0.025445
0.509731	0.515647	0.475253	0.498508	0.521719	0.499010	0.523475	0.012109
0.491316	0.482864	0.480576	0.489075	0.457591	0.507169	0.477826	0.014209
0.485981	0.519081	0.514613	0.536587	0.496044	0.528476	0.489935	0.011462
0.515848	0.505879	0.500824	0.510177	0.473729	0.501883	0.515772	0.002477
0.507796	0.510099	0.497475	0.477219	0.508075	0.515109	0.477944	0.031245
0.494056	0.511903	0.507119	0.481669	0.462191	0.489028	0.505254	0.001288
0.493138	0.527335	0.493307	0.514446	0.493354	0.515442	0.508765	0.037088
0.482503	0.518532	0.502667	0.506137	0.486240	0.482298	0.493238	0.023115
0.523529	0.477432	0.492425	0.512640	0.485791	0.452400	0.486017	0.014014
0.484920	0.485132	0.502244	0.524690	0.515731	0.504673	0.511458	0.010179
0.512362	0.012452	0.486769	0.540824	0.493921	0.027935	0.006132	0.023538
0.519846	0.012518	0.490812	0.508492	0.505523	0.027613	0.014838	0.027556
0.493728	0.013953	0.489269	0.476928	0.468075	0.016891	0.000400	0.003100
0.487002	0.006195	0.482250	0.481836	0.476489	0.019726	0.010544	0.000771
0.498122	0.043549	0.510885	0.489758	0.489757	0.006922	0.030861	0.002838
0.493796	0.044097	0.484770	0.478704	0.476154	0.017984	0.025805	0.011643
0.511948	0.017065	0.501099	0.459074	0.486032	0.001029	0.016203	0.003811
0.463589	0.022361	0.493071	0.534693	0.528476	0.025260	0.019465	0.015705
0.491717	0.002304	0.457072	0.514000	0.496383	0.007237	0.022793	0.011551
0.585024	0.015825	0.491050	0.522971	0.523627	0.000331	0.006243	0.003919
0.517728	0.017793	0.501209	0.489058	0.549537	0.002983	0.016902	0.018745
0.521393	0.002510	0.455927	0.652763	0.495904	0.007158	0.011731	0.003267
0.505578	0.029333	0.489094	0.682643	0.496400	0.003900	0.027498	0.017302
0.476142	0.030063	0.507719	0.657811	0.506782	0.017560	0.015099	0.005880
0.491699	0.035035	0.538286	0.692403	0.530784	0.035050	0.001893	0.011346
0.501712	0.018929	0.534675	0.665166	0.518973	0.016715	0.039669	0.007944
0.509288	0.026262	0.521441	0.671943	0.509216	0.020238	0.003268	0.009269
0.495051	0.008409	0.486925	0.645784	0.488671	0.014130	0.009246	0.006646
0.509333	0.020014	0.476424	0.666600	0.495044	0.015589	0.034640	0.023884
0.487673	0.023150	0.508791	0.642637	0.485988	0.028029	0.008573	0.012794
0.532835	0.027812	0.526338	0.679909	0.494478	0.026692	0.010540	0.008239
0.521384	0.030665	0.522358	0.664839	0.508381	0.000118	0.014645	0.009464
0.503432	0.001598	0.492494	0.477747	0.505878	0.015802	0.020011	0.004820
0.509533	0.016613	0.493678	0.474719	0.541826	0.004133	0.007932	0.015203
0.504761	0.013433	0.457067	0.474082	0.519723	0.005518	0.018154	0.012330
0.463192	0.038807	0.493388	0.490407	0.459763	0.011249	0.040049	0.021801
0.534052	0.013365	0.524598	0.476784	0.509459	0.000194	0.006956	0.020164
0.474705	0.007668	0.533311	0.487466	0.496967	0.010822	0.000995	0.013207
0.511937	0.006524	0.514126	0.482016	0.496770	0.015106	0.035867	0.017547
0.507723	0.012566	0.475317	0.479882	0.500275	0.045606	0.001046	0.009218
0.498147	0.022096	0.466410	0.545115	0.501336	0.006956	0.005157	0.001040
0.519456	0.034976	0.511012	0.534028	0.490184	0.004322	0.014758	0.004192
0.522978	0.001223	0.537722	0.488552	0.504452	0.008372	0.001482	0.009351
0.483544	0.474549	0.492497	0.352050	0.505114	0.511409	0.318152	0.479340
0.478559	0.503824	0.518315	0.346262	0.510949	0.474935	0.312542	0.505482
0.495582	0.495795	0.483268	0.334966	0.502447	0.536217	0.331911	0.519658
0.526176	0.484699	0.483030	0.315209	0.447580	0.485126	0.300897	0.505317
0.475034	0.458265	0.474478	0.343295	0.507078	0.480334	0.319229	0.509105
0.515859	0.489429	0.470806	0.348996	0.523474	0.491789	0.345389	0.536838
0.498706	0.532121	0.503495	0.326418	0.534221	0.529231	0.353291	0.499065
0.492135	0.499213	0.524310	0.300747	0.491670	0.481476	0.315192	0.506350
0.500206	0.497354	0.482577	0.326989	0.505042	0.496183	0.336774	0.503849
0.491817	0.493746	0.458129	0.333389	0.517340	0.496088	0.320720	0.491020
0.527208	0.525912	0.504363	0.307046	0.451682	0.512157	0.331642	0.507118
0.488440	0.487382	0.492447	0.502532	0.497555	0.535581	0.649545	0.021337
0.521043	0.502710	0.471234	0.534005	0.502140	0.518930	0.664107	0.023938
0.504073	0.491580	0.514439	0.521050	0.515235	0.540412	0.651365	0.017239
0.494936	0.488729	0.484267	0.531738	0.513598	0.507580	0.655481	0.034091
0.535314	0.534082	0.523549	0.485450	0.545575	0.534651	0.665847	0.015738
0.478186	0.483465	0.505260	0.526901	0.517019	0.516009	0.658331	0.006292
0.472397	0.509488	0.485625	0.514778	0.443200	0.494266	0.673084	0.010959
0.508579	0.486323	0.473504	0.506271	0.491735	0.505454	0.672606	0.004458
0.453428	0.523471	0.500926	0.489947	0.508572	0.505585	0.669235	0.015094
0.540776	0.516346	0.498499	0.470954	0.496873	0.531565	0.675494	0.015596
0.536395	0.482990	0.451346	0.496677	0.485832	0.479374	0.682505	0.019697
0.492248	0.496760	0.485472	0.682744	0.030178	0.486529	0.495850	0.002181
0.458018	0.512664	0.475660	0.672700	0.027239	0.481621	0.495720	0.033302
0.489120	0.481842	0.510390	0.674865	0.017691	0.507452	0.506539	0.006523
0.492691	0.508836	0.526615	0.647270	0.011617	0.511328	0.482452	0.003551
0.482691	0.467843	0.492057	0.618138	0.006718	0.516106	0.486832	0.000602
0.507543	0.497158	0.492943	0.649860	0.028022	0.512139	0.524664	0.002437
0.515634	0.498118	0.539451	0.687197	0.008491	0.522068	0.504486	0.031236
0.507192	0.485937	0.522371	0.656169	0.013904	0.545294	0.522338	0.000764
0.498015	0.473914	0.475482	0.673002	0.013591	0.489866	0.510625	0.001295
0.497679	0.517522	0.492731	0.686539	0.007518	0.528611	0.501532	0.009909
0.499464	0.517333	0.500652	0.694024	0.014759	0.497315	0.505763	0.015553
0.485910	0.476959	0.514220	0.498486	0.468309	0.459362	0.696288	0.006606
0.522189	0.531337	0.516214	0.508167	0.500689	0.495945	0.656772	0.025284
0.498057	0.478624	0.495383	0.513566	0.465520	0.514703	0.639888	0.014527
0.510102	0.528503	0.499792	0.503172	0.504319	0.478447	0.683289	0.015573
0.517394	0.492374	0.502264	0.500077	0.528848	0.499768	0.665710	0.050780
0.493844	0.520899	0.551318	0.476936	0.506915	0.509151	0.666862	0.011034
0.506113	0.510553	0.501350	0.534186	0.471608	0.530562	0.651137	0.004683
0.478640	0.490692	0.489371	0.509479	0.503812	0.484578	0.670567	0.003946
0.529632	0.507525	0.505136	0.502055	0.509900	0.470226	0.705262	0.004160
0.446139	0.515059	0.499478	0.508863	0.526859	0.507789	0.680078	0.038580
0.462549	0.533605	0.502984	0.486373	0.486866	0.514363	0.685833	0.010137
0.483989	0.500349	0.528333	0.657289	0.490140	0.509782	0.506432	0.035589
0.477341	0.496206	0.511713	0.683951	0.530854	0.511514	0.487417	0.013360
0.485630	0.482477	0.473168	0.623168	0.476990	0.497565	0.477066	0.002353
0.466693	0.491486	0.508654	0.633909	0.508183	0.497339	0.517935	0.019774
0.538052	0.499670	0.455855	0.673044	0.494595	0.529973	0.491750	0.036458
0.538930	0.487260	0.487127	0.675988	0.498247	0.503565	0.518138	0.036861
0.493385	0.525414	0.510122	0.654649	0.494594	0.504286	0.528024	0.025253
0.487902	0.524668	0.500252	0.657780	0.476603	0.484631	0.523621	0.024294
0.512218	0.507827	0.504121	0.677970	0.505880	0.503676	0.510760	0.010532
0.492876	0.511532	0.494008	0.640458	0.496388	0.547733	0.465894	0.013476
0.524915	0.463225	0.505601	0.657070	0.516742	0.490423	0.532939	0.005903
0.497023	0.511280	0.505803	0.658183	0.015027	0.517756	0.327841	0.004405
0.500361	0.474506	0.506585	0.652940	0.008196	0.486225	0.307809	0.030060
0.470522	0.496645	0.510552	0.644091	0.004079	0.520763	0.339463	0.004413
0.472600	0.540487	0.499192	0.671759	0.005591	0.490424	0.315904	0.002116
0.517044	0.501217	0.506852	0.647620	0.010474	0.534861	0.312943	0.022367
0.489247	0.494716	0.497577	0.696283	0.005528	0.514277	0.347440	0.005512
0.529090	0.462806	0.500347	0.649957	0.014724	0.483496	0.335805	0.010603
0.487312	0.473921	0.485220	0.664011	0.018981	0.489581	0.354438	0.010159
0.508822	0.512803	0.497516	0.688463	0.005761	0.479286	0.350787	0.004979
0.489806	0.493982	0.512680	0.709710	0.030392	0.483101	0.335156	0.009550
0.518748	0.524765	0.518561	0.692975	0.009187	0.488114	0.339034	0.018639
0.506397	0.032743	0.510325	0.337394	0.009512	0.015783	0.016531	0.019150
0.501848	0.009968	0.510799	0.319235	0.000226	0.003280	0.012413	0.000096
0.491382	0.030107	0.493940	0.330182	0.008304	0.018277	0.023524	0.004533
0.486478	0.010040	0.510842	0.379756	0.036881	0.033586	0.024074	0.001042
0.477793	0.005739	0.512067	0.329077	0.021496	0.016456	0.006046	0.002203
0.492048	0.020304	0.502698	0.307236	0.014952	0.000693	0.036023	0.012431
0.507502	0.016026	0.489642	0.332174	0.025387	0.014342	0.021439	0.004286
0.475475	0.005670	0.543207	0.337196	0.000446	0.017741	0.042293	0.000054
0.496821	0.004656	0.516320	0.352810	0.010428	0.015352	0.001259	0.004768
0.530268	0.003559	0.513548	0.351336	0.016906	0.009461	0.028004	0.000123
0.498209	0.005652	0.493944	0.334600	0.032496	0.011082	0.010273	0.014806
0.483874	0.488924	0.483836	0.346539	0.517561	0.510736	0.471255	0.001645
0.543272	0.490331	0.530358	0.331202	0.498662	0.524119	0.509494	0.022196
0.509836	0.502008	0.485766	0.325884	0.464865	0.515775	0.520929	0.016677
0.470013	0.501478	0.498719	0.340504	0.484909	0.495008	0.502733	0.003721
0.505823	0.489361	0.495773	0.340485	0.461808	0.527364	0.497195	0.003234
0.511595	0.513967	0.525232	0.343440	0.487947	0.494482	0.527219	0.027184
0.492710	0.489912	0.515908	0.370056	0.496606	0.496617	0.490742	0.020931
0.512840	0.525706	0.507985	0.333986	0.499572	0.496791	0.509697	0.027287
0.479657	0.513324	0.500473	0.347657	0.509147	0.476291	0.481119	0.016617
0.532295	0.527609	0.489505	0.368776	0.484012	0.493638	0.490813	0.003037
0.517567	0.498740	0.476129	0.357370	0.499582	0.491078	0.488212	0.016520
0.549106	0.486002	0.451575	0.512832	0.023528	0.489470	0.533122	0.026896
0.492482	0.505110	0.495847	0.501881	0.015450	0.496596	0.468444	0.037867
0.494334	0.540432	0.509224	0.460588	0.040703	0.504548	0.477850	0.011696
0.487786	0.494730	0.481413	0.524748	0.010975	0.524209	0.514094	0.010626
0.474209	0.510028	0.477427	0.522927	0.002646	0.462484	0.495199	0.006498
0.512015	0.547475	0.491793	0.517295	0.002473	0.526960	0.507373	0.043118
0.501824	0.497646	0.465043	0.535791	0.000820	0.488589	0.473019	0.018796
0.508318	0.492976	0.531843	0.532687	0.002457	0.496812	0.538901	0.001038
0.491183	0.503092	0.496309	0.500487	0.011287	0.479632	0.524441	0.011318
0.520717	0.487156	0.508518	0.521119	0.014606	0.500227	0.469781	0.030412
0.498366	0.502308	0.536426	0.498760	0.006875	0.478956	0.533041	0.021903
0.503035	0.526741	0.517437	0.705900	0.471060	0.483211	0.491631	0.525601
0.489920	0.526953	0.517707	0.661595	0.506887	0.484396	0.559987	0.480956
0.508617	0.506100	0.517856	0.674142	0.507676	0.493466	0.479865	0.478511
0.516272	0.499639	0.478171	0.664627	0.508943	0.513292	0.491472	0.481705
0.487516	0.491382	0.492385	0.665920	0.498665	0.498149	0.470942	0.498373
0.500786	0.523397	0.490180	0.686453	0.536898	0.506784	0.496612	0.480931
0.472031	0.514631	0.512415	0.640265	0.516610	0.464306	0.489920	0.511815
0.487639	0.495643	0.491291	0.659232	0.501771	0.510695	0.494989	0.518371
0.497352	0.504281	0.482271	0.683878	0.491833	0.478231	0.508717	0.506014
0.504177	0.519030	0.521039	0.656471	0.490579	0.512383	0.517279	0.512868
0.528421	0.494312	0.517939	0.641444	0.490106	0.492247	0.472733	0.478102
0.479807	0.460098	0.496961	0.496904	0.510106	0.499814	0.509941	0.002853
0.505399	0.474588	0.513267	0.484116	0.466452	0.513912	0.489380	0.027043
0.493292	0.486995	0.478564	0.530881	0.454412	0.486450	0.497345	0.019851
0.488834	0.488292	0.504786	0.520008	0.491055	0.495791	0.483255	0.007861
0.496452	0.475134	0.502583	0.502510	0.518234	0.484798	0.485711	0.000888
0.513682	0.483143	0.506742	0.504878	0.503678	0.492715	0.512847	0.019093
0.506514	0.492361	0.515626	0.531064	0.498782	0.510896	0.461873	0.025444
0.471653	0.499853	0.494771	0.525983	0.517040	0.502541	0.506159	0.010869
0.480052	0.493378	0.490835	0.504352	0.473213	0.514914	0.488326	0.007540
0.473282	0.480216	0.479483	0.500688	0.539966	0.533960	0.514457	0.011450
0.501868	0.516629	0.509316	0.490167	0.506936	0.493088	0.519857	0.014549
0.502778	0.550100	0.313328	0.345731	0.509524	0.478498	0.507155	0.302327
0.554456	0.478882	0.352997	0.312779	0.532363	0.474916	0.468606	0.367590
0.465907	0.480724	0.315009	0.341740	0.483800	0.506903	0.492696	0.346668
0.490558	0.495340	0.324174	0.345265	0.502518	0.496261	0.515202	0.347780
0.496014	0.486127	0.356275	0.352357	0.523140	0.503292	0.510709	0.327978
0.509687	0.538246	0.346575	0.353148	0.509955	0.480872	0.556871	0.355229
0.485433	0.528248	0.325175	0.321209	0.527941	0.509070	0.522092	0.298365
0.471270	0.518933	0.322298	0.314814	0.493812	0.507535	0.486622	0.336392
0.485956	0.481814	0.307389	0.344768	0.505833	0.522720	0.513524	0.358355
0.494013	0.474487	0.320935	0.295979	0.497425	0.494511	0.497739	0.292574
0.512317	0.481995	0.322470	0.378595	0.490929	0.488248	0.500392	0.322118
0.512753	0.500158	0.526288	0.487953	0.487411	0.490766	0.345617	0.489973
0.504843	0.510161	0.483505	0.506299	0.487351	0.497582	0.321497	0.449028
0.508722	0.503845	0.520764	0.497813	0.466637	0.481407	0.339815	0.492236
0.507143	0.499244	0.500120	0.501165	0.476427	0.482769	0.325231	0.488713
0.508825	0.481310	0.498827	0.497351	0.503637	0.484408	0.353061	0.497808
0.472310	0.519137	0.499258	0.485059	0.524825	0.452458	0.339951	0.495110
0.540635	0.502280	0.521841	0.475246	0.486321	0.486647	0.325239	0.441558
0.448031	0.503024	0.528389	0.507806	0.533492	0.481731	0.351045	0.501538
0.478704	0.507925	0.466605	0.483540	0.511328	0.531899	0.320522	0.445981
0.484184	0.504182	0.515500	0.494211	0.491148	0.463523	0.339854	0.479627
0.500489	0.478472	0.488088	0.500835	0.515786	0.547860	0.335957	0.498179
0.506048	0.505815	0.483707	0.492440	0.533461	0.517239	0.457737	0.002460
0.500361	0.504615	0.493544	0.485598	0.487250	0.493180	0.486269	0.031431
0.514445	0.510260	0.453417	0.526958	0.516738	0.478713	0.524511	0.017090
0.495170	0.534926	0.503222	0.495155	0.486835	0.497040	0.492836	0.006719
0.486785	0.507334	0.513499	0.523910	0.501140	0.468904	0.478543	0.046043
0.511687	0.499632	0.516347	0.522432	0.526992	0.510608	0.484027	0.059876
0.482221	0.431881	0.503695	0.475827	0.502144	0.484422	0.452934	0.010988
0.474527	0.499160	0.537770	0.505263	0.533424	0.489294	0.500185	0.017826
0.530563	0.472699	0.510402	0.492720	0.515914	0.502330	0.495981	0.009882
0.534702	0.527907	0.519333	0.482885	0.517156	0.481615	0.542273	0.022886
0.487772	0.534101	0.477536	0.478032	0.517329	0.509087	0.460021	0.038205
0.506523	0.508049	0.490220	0.501871	0.007557	0.521573	0.465051	0.001840
0.548550	0.527560	0.505747	0.486371	0.010986	0.469020	0.490106	0.007492
0.485083	0.494874	0.486292	0.535815	0.033375	0.490086	0.468677	0.006099
0.498752	0.504813	0.486690	0.518720	0.006417	0.497326	0.517247	0.012576
0.454383	0.496729	0.482875	0.552154	0.024144	0.510361	0.484593	0.002522
0.480928	0.515716	0.496362	0.489334	0.013964	0.500261	0.503977	0.011075
0.509450	0.502069	0.508978	0.498006	0.002716	0.496545	0.493506	0.009744
0.526705	0.462587	0.512727	0.486810	0.000451	0.505583	0.497911	0.008314
0.500222	0.488662	0.493035	0.471065	0.041277	0.476897	0.489868	0.003630
0.479916	0.516957	0.497438	0.495166	0.030737	0.512580	0.509145	0.007799
0.513040	0.514887	0.508801	0.515335	0.016332	0.478426	0.481613	0.001542
0.490863	0.502521	0.500384	0.533150	0.004723	0.493996	0.682797	0.477508
0.523757	0.472614	0.524868	0.499082	0.008923	0.493202	0.642165	0.516080
0.486648	0.522906	0.491283	0.472043	0.017229	0.523169	0.682839	0.508680
0.452864	0.523629	0.520403	0.492500	0.006170	0.504097	0.653704	0.501343
0.538056	0.502427	0.491304	0.468919	0.001895	0.462573	0.686663	0.495099
0.505851	0.510935	0.526617	0.481070	0.011091	0.496967	0.644709	0.515456
0.510503	0.491874	0.521398	0.492538	0.030041	0.505457	0.636502	0.476896
0.515820	0.477984	0.504615	0.508498	0.035303	0.523866	0.660240	0.473473
0.517696	0.495687	0.508971	0.493229	0.005944	0.495498	0.619063	0.505897
0.516638	0.489071	0.500144	0.493025	0.022031	0.499113	0.660755	0.473277
0.505975	0.496279	0.485676	0.500752	0.002601	0.455798	0.680498	0.516139
0.497060	0.515921	0.532086	0.700957	0.001512	0.520225	0.648363	0.006425
0.506251	0.493953	0.471354	0.658110	0.012802	0.525762	0.668439	0.016203
0.487433	0.523662	0.511511	0.663867	0.025821	0.483774	0.659123	0.001491
0.510509	0.495978	0.492480	0.648193	0.018217	0.505413	0.678202	0.023786
0.548232	0.497483	0.509611	0.684596	0.020569	0.499646	0.679174	0.027325
0.525471	0.482146	0.504551	0.688575	0.021984	0.529576	0.652272	0.003740
0.486840	0.486205	0.513412	0.669124	0.034593	0.494081	0.662214	0.036234
0.479737	0.475818	0.499435	0.682370	0.000962	0.470937	0.657332	0.024746
0.507266	0.489661	0.500607	0.686366	0.003076	0.514058	0.650022	0.014724
0.500784	0.500527	0.494745	0.661594	0.010570	0.479189	0.688988	0.026288
0.511425	0.506866	0.501005	0.626102	0.004060	0.514100	0.682669	0.009618
0.529858	0.489606	0.650910	0.008187	0.687844	0.503172	0.649999	0.025446
0.472190	0.526416	0.640838	0.013948	0.644674	0.513123	0.670997	0.016771
0.487055	0.507019	0.703790	0.016436	0.635953	0.492910	0.641826	0.013325
0.476169	0.488312	0.688487	0.027866	0.676977	0.478143	0.669421	0.007187
0.507307	0.505596	0.649927	0.015874	0.667477	0.506998	0.658893	0.013096
0.516582	0.487466	0.650487	0.003064	0.672846	0.479362	0.661320	0.004978
0.457407	0.510975	0.667133	0.037689	0.677593	0.504634	0.700768	0.013857
0.488260	0.486681	0.644794	0.021294	0.650068	0.501249	0.667666	0.000374
0.484697	0.470620	0.649543	0.031104	0.687585	0.494319	0.660262	0.017369
0.500652	0.526743	0.669750	0.018218	0.641828	0.524109	0.667840	0.011717
0.482857	0.494023	0.644564	0.002759	0.652358	0.485720	0.647486	0.020561
0.482229	0.500954	0.502967	0.310235	0.003777	0.519800	0.339518	0.534616
0.514200	0.498236	0.495632	0.325033	0.012184	0.494076	0.335084	0.505708
0.514361	0.526715	0.533879	0.333831	0.002244	0.498372	0.351242	0.458563
0.511921	0.488873	0.497107	0.346471	0.009357	0.484021	0.375454	0.475692
0.518077	0.467196	0.524964	0.337365	0.027190	0.508781	0.345545	0.502248
0.499954	0.460775	0.503332	0.295082	0.010431	0.515353	0.355121	0.511566
0.492547	0.510884	0.500379	0.356356	0.007191	0.523077	0.346883	0.480711
0.480664	0.489850	0.501856	0.326297	0.001523	0.456027	0.315662	0.517663
0.507009	0.488588	0.505389	0.306594	0.017552	0.504451	0.306383	0.481452
0.495551	0.508971	0.504867	0.282998	0.001117	0.482283	0.315756	0.495027
0.501483	0.489538	0.507465	0.347958	0.018811	0.512374	0.330710	0.499861
0.474128	0.504634	0.464815	0.509356	0.003920	0.530138	0.508646	0.000146
0.476072	0.508311	0.506482	0.486242	0.009967	0.511504	0.509697	0.032092
0.497209	0.498550	0.493964	0.506200	0.012720	0.504269	0.502627	0.001520
0.503916	0.511400	0.509293	0.513990	0.010414	0.478828	0.509411	0.026874
0.525612	0.471413	0.492409	0.511019	0.012174	0.517461	0.505336	0.020889
0.465771	0.510326	0.526018	0.487256	0.004231	0.501841	0.494551	0.014186
0.511319	0.532364	0.514212	0.496512	0.029649	0.497467	0.478203	0.004936
0.501115	0.506555	0.497157	0.476650	0.004913	0.545193	0.494056	0.015989
0.498737	0.493467	0.488606	0.517110	0.011114	0.507963	0.481007	0.035782
0.488413	0.554368	0.477022	0.487649	0.039813	0.509081	0.490600	0.000269
0.523067	0.503385	0.521531	0.524703	0.007369	0.504708	0.497074	0.024964
0.529858	0.470954	0.475334	0.351178	0.479049	0.517428	0.646615	0.015572
0.503962	0.495524	0.468533	0.331785	0.493256	0.499971	0.637082	0.017884
0.532271	0.493063	0.501151	0.375272	0.542208	0.496385	0.626701	0.009949
0.525406	0.468877	0.471850	0.294390	0.527327	0.459485	0.660716	0.031906
0.520811	0.466768	0.521267	0.300303	0.502273	0.505989	0.669950	0.005760
0.513962	0.516209	0.516825	0.333032	0.523616	0.534151	0.628809	0.008320
0.525169	0.468610	0.515091	0.314844	0.519152	0.533429	0.698558	0.028434
0.465177	0.476902	0.510181	0.297486	0.517691	0.497335	0.684770	0.000666
0.507964	0.519798	0.517919	0.348908	0.500628	0.504114	0.684957	0.021286
0.500928	0.481592	0.494747	0.319744	0.504401	0.486011	0.653660	0.018636
0.497172	0.496113	0.504632	0.307548	0.511909	0.504415	0.686357	0.016928
0.509949	0.515719	0.546228	0.682265	0.004048	0.450950	0.353929	0.048422
0.510046	0.516325	0.502443	0.650521	0.019090	0.539245	0.291187	0.012663
0.542371	0.535061	0.477888	0.675105	0.018321	0.466972	0.356368	0.006496
0.488259	0.487036	0.505120	0.657730	0.008644	0.523303	0.355648	0.003178
0.459522	0.507833	0.468781	0.677185	0.019903	0.497557	0.334939	0.011914
0.502378	0.486576	0.475997	0.644312	0.033148	0.491447	0.287077	0.014849
0.496398	0.434974	0.530082	0.631809	0.000626	0.507917	0.313486	0.005923
0.492892	0.526304	0.479468	0.676727	0.017344	0.523382	0.309689	0.024763
0.543227	0.481972	0.481424	0.665330	0.022123	0.507006	0.344743	0.009102
0.485425	0.460426	0.497464	0.659041	0.020964	0.505066	0.321146	0.016834
0.506064	0.496683	0.497612	0.681853	0.042451	0.529373	0.316804	0.001144
0.509395	0.527091	0.525001	0.687351	0.004641	0.484107	0.498037	0.030877
0.518666	0.528450	0.502232	0.680574	0.026809	0.513365	0.502918	0.002237
0.521429	0.498194	0.510348	0.670550	0.000312	0.488667	0.498075	0.002742
0.481342	0.484994	0.496080	0.620891	0.020332	0.507837	0.487434	0.003716
0.556633	0.470887	0.503524	0.640045	0.004736	0.504052	0.468356	0.007700
0.503319	0.485368	0.485921	0.704665	0.022353	0.489204	0.532213	0.013213
0.488582	0.499569	0.497535	0.667266	0.000361	0.517701	0.465124	0.043956
0.504115	0.483292	0.506469	0.667477	0.013451	0.464834	0.501820	0.006046
0.505079	0.511032	0.506049	0.677849	0.008130	0.521338	0.468711	0.004877
0.484042	0.517858	0.516664	0.669267	0.009290	0.511153	0.495155	0.012277
0.518117	0.487455	0.469356	0.662024	0.005594	0.477920	0.484955	0.004644
0.515312	0.318632	0.513621	0.320751	0.004672	0.345284	0.216840	0.314414
0.532042	0.335152	0.480421	0.333492	0.023209	0.346341	0.260730	0.325574
0.527530	0.335434	0.488380	0.364678	0.002260	0.316832	0.221820	0.325243
0.495031	0.311431	0.490782	0.354053	0.017888	0.329134	0.254430	0.349831
0.493671	0.348759	0.520051	0.329008	0.030969	0.326269	0.279777	0.367123
0.453728	0.336153	0.528820	0.358889	0.019760	0.305977	0.233288	0.365861
0.488692	0.325898	0.485402	0.333214	0.029664	0.309455	0.230594	0.342299
0.492943	0.317125	0.530512	0.325840	0.013386	0.333090	0.272231	0.321982
0.496203	0.360064	0.556718	0.325941	0.017487	0.324951	0.260982	0.344343
0.520340	0.353258	0.498484	0.367655	0.031334	0.318715	0.268754	0.355927
0.507672	0.352938	0.497147	0.359978	0.026559	0.333038	0.265786	0.336569
0.500334	0.493804	0.506859	0.012508	0.519066	0.517744	0.503554	0.664342
0.471027	0.494029	0.485110	0.012697	0.505385	0.498130	0.509062	0.679323
0.529501	0.480835	0.489886	0.021636	0.484654	0.483163	0.514808	0.649738
0.491404	0.476416	0.494140	0.018909	0.478425	0.483929	0.511415	0.693260
0.484605	0.507854	0.486745	0.016339	0.497330	0.537261	0.535050	0.653331
0.491838	0.483843	0.466403	0.011836	0.503254	0.503571	0.519174	0.637244
0.467441	0.489992	0.471539	0.005589	0.480160	0.497888	0.513877	0.672967
0.500283	0.463949	0.528784	0.031740	0.510615	0.484651	0.502364	0.677203
0.511519	0.484045	0.494006	0.003840	0.499679	0.462925	0.493946	0.659981
0.487112	0.531177	0.463556	0.038784	0.495373	0.487478	0.477634	0.651666
0.509003	0.488525	0.517295	0.002555	0.530092	0.525885	0.507526	0.643889
0.534451	0.499469	0.522897	0.505115	0.501833	0.526988	0.668226	0.007714
0.522626	0.518989	0.507142	0.488111	0.537248	0.461402	0.646980	0.007719
0.504162	0.520781	0.494707	0.505518	0.472092	0.494366	0.639297	0.028490
0.465848	0.484408	0.490331	0.517688	0.526349	0.509563	0.618642	0.026210
0.493888	0.513881	0.534198	0.499225	0.502882	0.472011	0.661140	0.007141
0.514696	0.475774	0.487109	0.475654	0.465490	0.475912	0.668170	0.008231
0.474182	0.490298	0.526484	0.503891	0.476090	0.479144	0.662231	0.004173
0.508404	0.497927	0.519883	0.488053	0.482545	0.488134	0.665236	0.005682
0.519355	0.523208	0.491044	0.479071	0.519157	0.512605	0.676886	0.010043
0.479130	0.516182	0.502975	0.478578	0.480931	0.485337	0.672724	0.043067
0.518900	0.510773	0.539672	0.472393	0.489435	0.494545	0.677927	0.005319
0.494099	0.513121	0.500437	0.502501	0.488511	0.489262	0.495153	0.010672
0.469664	0.499259	0.515076	0.511691	0.473660	0.502319	0.477148	0.028336
0.478935	0.528169	0.492581	0.462376	0.481492	0.486564	0.491942	0.020373
0.495337	0.488933	0.496226	0.461942	0.510226	0.490074	0.466450	0.039644
0.531630	0.485938	0.543178	0.521370	0.505308	0.520032	0.514071	0.002117
0.487969	0.477814	0.522074	0.530108	0.483532	0.529899	0.514907	0.013695
0.507240	0.499851	0.498819	0.548245	0.490416	0.516554	0.508309	0.015373
0.479337	0.487975	0.481062	0.493733	0.468073	0.516240	0.522974	0.009304
0.510775	0.499458	0.496900	0.530886	0.522898	0.535107	0.504411	0.015170
0.534195	0.501656	0.535003	0.500809	0.502535	0.526733	0.509051	0.036857
0.523142	0.520240	0.493068	0.491021	0.503456	0.474529	0.509052	0.000921
0.504626	0.514299	0.458328	0.490116	0.502268	0.485161	0.490953	0.000393
0.514239	0.502726	0.484736	0.514705	0.521630	0.495073	0.530139	0.002342
0.490597	0.510244	0.496874	0.496536	0.459858	0.471973	0.498038	0.007095
0.539090	0.485959	0.517952	0.485901	0.507259	0.481489	0.497468	0.025563
0.482113	0.496865	0.502825	0.476802	0.522170	0.536670	0.493165	0.009081
0.478369	0.480983	0.512841	0.525569	0.531202	0.463256	0.487631	0.000972
0.486849	0.506616	0.478085	0.487754	0.515515	0.492560	0.520401	0.011141
0.504437	0.505352	0.494062	0.508548	0.497876	0.495143	0.485577	0.001487
0.507755	0.536488	0.495224	0.501090	0.517613	0.486351	0.492352	0.006370
0.482369	0.501522	0.520067	0.483658	0.538364	0.494026	0.469060	0.008717
0.518119	0.490749	0.526320	0.505812	0.511906	0.513019	0.497983	0.001142
0.477377	0.484465	0.456451	0.487592	0.504355	0.510076	0.499485	0.003474
0.474344	0.515327	0.513833	0.488036	0.503025	0.481596	0.519859	0.001149
0.504894	0.477343	0.520876	0.476763	0.501601	0.512112	0.520884	0.000620
0.526303	0.492801	0.506528	0.494747	0.532808	0.513089	0.483806	0.003617
0.485454	0.540385	0.513035	0.490675	0.526616	0.502447	0.504085	0.024862
