Chromosome	Start	Somatic variant	Reference	I1	I2	II1	II2	IV1	IV2	IV3	V1
1	100107260	N	0.5	0.5	0.5	0.5	0.5	0.5	0.45710137705471	0.5	0.5
1	18730305	N	0.5	0.365131323255534	0.398378809940605	0.403264799648015	0.390440365543575	0.5	0.45710137705471	0.5	0.5
1	24922129	N	0.5	0.420000815172776	0.41871061247893	0.431852862262446	0.413723865175694	0.5	0.45710137705471	0.5	0.5
2	100004165	N	0.5	0.399536437129372	0.5	0.438654318947746	0.379111045502733	0.5	0.5	0.5	0.5
2	123200413	N	0.5	0.330031322135051	0.399841320860612	0.396703806995142	0.360425483198058	0.5	0.5	0.5	0.5
2	206346565	N	0.5	0.5	0.5	0.5	0.5	0.5	0.5	0.5	0.5
2	234504098	N	0.5	0.238629517553907	0.5	0.421861241232422	0.33048883416875	0.5	0.5	0.5	0.5
2	2431937	N	0.5	0.422134911625569	0.399514000504607	0.5	0.432123217005248	0.5	0.5	0.5	0.5
2	6384728	N	0.5	0.5	0.430474617501166	0.5	0.439937055925365	0.5	0.5	0.5	0.5
3	1005874	N	0.5	0.454168294344007	0.5	0.5	0.452538752180493	0.5	0.5	0.5	0.5
3	16068354	N	0.5	0.35008806913084	0.433868712422647	0.3937203141979	0.39044799590521	0.433274218089361	0.427601768439915	0.43083707297563	0.454714871723319
3	19818481	N	0.5	0.3904053858028	0.43203185831335	0.435435449850337	0.370152731010408	0.5	0.458158048904303	0.46058468842258	0.5
3	88336413	N	0.5	0.5	0.5	0.5	0.370152731010408	0.5	0.458158048904303	0.46058468842258	0.5
4	105311957	N	0.5	0.147497529047619	0.386824969633504	0.396190193454082	0.345154178347619	0.5	0.463099873349103	0.5	0.5
4	167352346	N	0.5	0.197645623865561	0.386824969633504	0.396190193454082	0.338073076203572	0.5	0.463099873349103	0.5	0.5
4	186985201	N	0.5	0.182434597791071	0.386824969633504	0.396190193454082	0.344535668666071	0.5	0.463099873349103	0.5	0.5
4	43702376	N	0.5	0.377497643462744	0.432838628585125	0.431715195006371	0.383325933705236	0.5	0.463099873349103	0.5	0.5
5	100065714	N	0.5	0.389686486388971	0.418745740518488	0.379728689714253	0.381963933408136	0.442387368815816	0.444086214158408	0.436787115622913	0.5
5	18134747	N	0.5	0.5	0.5	0.5	0.5	0.442387368815816	0.444086214158408	0.5	0.5
5	49708187	N	0.5	0.5	0.5	0.435022665203145	0.5	0.442387368815816	0.444086214158408	0.5	0.5
5	79041057	N	0.5	0.394855980352859	0.424761719770339	0.386597488928072	0.381781261116526	0.442387368815816	0.444086214158408	0.5	0.5
6	100023134	N	0.5	0.377593988663429	0.5	0.425053834686798	0.388190737721737	0.5	0.457012924725105	0.5	0.5
6	14203872	N	0.5	0.320529136516666	0.407089160415278	0.386233672051852	0.348564179116667	0.5	0.457012924725105	0.5	0.5
6	1709291	N	0.5	0.375200540899203	0.436563893936081	0.423207883975238	0.389346704218174	0.5	0.5	0.5	0.5
7	10000210	N	0.5	0.423898609109849	0.443719743005156	0.455178364963913	0.441273940849595	0.5	0.5	0.5	0.5
7	1593658	N	0.5	0.395017358017326	0.446192140196534	0.441955165985499	0.408293292057385	0.5	0.5	0.5	0.5
7	45984820	N	0.5	0.5	0.5	0.5	0.5	0.5	0.5	0.5	0.5
8	100141089	N	0.5	0.43267565437924	0.5	0.5	0.437164640819298	0.5	0.5	0.5	0.5
8	105987231	N	0.5	0.5	0.5	0.5	0.433255967106802	0.5	0.5	0.5	0.5
8	123552740	N	0.5	0.373577472131892	0.435131793900191	0.405266067990475	0.380396477167346	0.5	0.5	0.5	0.5
8	14773143	N	0.5	0.211701214545455	0.5	0.407285453813005	0.342207495227146	0.5	0.5	0.5	0.5
8	36646217	N	0.5	0.400011557958767	0.45012379622963	0.441203807237329	0.415985570406644	0.5	0.5	0.5	0.5
8	68556828	N	0.5	0.40703169524656	0.440943122732379	0.434576202584585	0.422038350445644	0.5	0.5	0.5	0.5
9	1001309	N	0.5	0.5	0.423038789689917	0.436161493815372	0.5	0.5	0.5	0.5	0.5
9	107125805	N	0.5	0.251818188148149	0.423038789689917	0.436161493815372	0.35514202226	0.5	0.5	0.5	0.5
9	12100880	N	0.5	0.261082300952381	0.423038789689917	0.436161493815372	0.441621014871904	0.5	0.5	0.5	0.5
9	14247788	N	0.5	0.451199767552013	0.5	0.5	0.455418284225877	0.5	0.5	0.5	0.5
9	78157110	N	0.5	0.5	0.5	0.5	0.455670036760616	0.5	0.5	0.5	0.5
10	100016339	N	0.5	0.393296856813259	0.5	0.5	0.420962109853387	0.5	0.5	0.5	0.5
11	100014539	N	0.5	0.417121681072665	0.5	0.446622760859899	0.423684501384363	0.5	0.457376862829697	0.4584115715928	0.5
12	100002686	N	0.5	0.388583042406901	0.448484017493025	0.43699771095955	0.405371950379916	0.5	0.455123787352379	0.457767177638542	0.5
12	112463296	N	0.5	0.5	0.448484017493025	0.5	0.5	0.5	0.455123787352379	0.457767177638542	0.5
12	41694991	N	0.5	0.391037105912129	0.5	0.436789166510604	0.405300307647364	0.5	0.455123787352379	0.457767177638542	0.5
13	105556645	N	0.5	0.0966455000000001	0.1097977	0.5	0.5	0.414257193702631	0.410975179263158	0.5	0.5
13	25232459	N	0.5	0.167819050122222	0.327567303730556	0.369144085530556	0.362858573222222	0.414257193702631	0.410975179263158	0.5	0.5
14	100109824	N	0.5	0.348444729677494	0.418419248573889	0.431710853469847	0.367710609680683	0.5	0.5	0.5	0.5
15	100000885	N	0.5	0.365936628901458	0.5	0.398094077877551	0.385825476264141	0.5	0.5	0.5	0.5
16	10022683	N	0.5	0.41441325832397	0.5	0.446471393534469	0.422031090703915	0.5	0.5	0.5	0.5
17	10031090	N	0.5	0.203512564705883	0.368737621367647	0.413649067187826	0.332530832891912	0.5	0.5	0.5	0.5
17	27760660	N	0.5	0.1866933272	0.348701300170213	0.413649067187826	0.330641861124468	0.5	0.5	0.5	0.5
18	10026087	N	0.5	0.459340220333334	0.5	0.5	0.457682552714796	0.5	0.5	0.5	0.5
19	10000925	N	0.5	0.373703376144136	0.441435178548955	0.447724002120621	0.434034854109533	0.5	0.5	0.5	0.5
20	10028146	N	0.5	0.418142380982976	0.426553921072169	0.44190009617694	0.405367669336818	0.5	0.462193562369502	0.5	0.5
20	47103614	N	0.5	0.405272362449293	0.425084245404661	0.426387012386304	0.342892049773587	0.5	0.462193562369502	0.5	0.5
20	6322657	N	0.5	0.5	0.400075184632961	0.426387012386304	0.390027897086313	0.5	0.462193562369502	0.5	0.5
21	14687571	N	0.5	0.411225673129919	0.446605117393495	0.447141114483199	0.402078429667293	0.5	0.5	0.5	0.5
22	17000277	N	0.5	0.406819847260566	0.5	0.442989840883395	0.411473373507985	0.5	0.5	0.5	0.5
22	37157240	N	0.5	0.238417357142857	0.4359753244	0.442989840883395	0.3678241353	0.5	0.5	0.5	0.5
1	6172945	Y	0	0.07	0.08	0.16	0.0	0.0	0.0	0.0	0.0
1	6212561	Y	0	0.21	0.11	0.15	0.0	0.0	0.0	0.0	0.0
1	44056910	Y	0	0.0	0.0	0.0	0.35	0.0	0.0	0.0	0.0
1	46494586	Y	0	0.0	0.1	0.0	0.0	0.1	0.1	0.17	0.04
1	108311002	Y	0	0.0	0.0	0.0	0.06	0.0	0.0	0.0	0.0
1	145576050	Y	0	0.01	0.03	0.0	0.0	0.13	0.05	0.1	0.03
1	145576051	Y	0	0.02	0.03	0.0	0.0	0.13	0.05	0.03	0.06
1	155168012	Y	0	0.01	0.09	0.0	0.0	0.13	0.13	0.13	0.06
1	156777078	Y	0	0.0	0.0	0.0	0.34	0.0	0.0	0.0	0.0
1	163297248	Y	0	0.0	0.07	0.0	0.0	0.0	0.0	0.0	0.0
1	198248086	Y	0	0.15	0.1	0.09	0.15	0.0	0.0	0.0	0.0
1	223286257	Y	0	0.12	0.08	0.1	0.15	0.0	0.0	0.0	0.0
1	223990523	Y	0	0.13	0.08	0.11	0.09	0.0	0.0	0.0	0.0
1	228481245	Y	0	0.02	0.1	0.0	0.0	0.16	0.16	0.18	0.1
2	145188202	Y	0	0.15	0.14	0.11	0.15	0.0	0.0	0.0	0.0
2	170038837	Y	0	0.21	0.12	0.13	0.18	0.0	0.0	0.0	0.0
2	171262083	Y	0	0.0	0.0	0.05	0.0	0.0	0.0	0.0	0.0
2	179419340	Y	0	0.2	0.12	0.12	0.0	0.0	0.0	0.0	0.0
2	201796096	Y	0	0.25	0.12	0.16	0.22	0.0	0.0	0.0	0.0
3	4355102	Y	0	0.0	0.02	0.0	0.0	0.09	0.08	0.14	0.06
3	12422785	Y	0	0.23	0.12	0.15	0.18	0.0	0.0	0.0	0.0
3	184103061	Y	0	0.15	0.0	0.0	0.0	0.0	0.0	0.0	0.0
3	196532247	Y	0	0.0	0.0	0.0	0.04	0.0	0.0	0.0	0.0
4	79786793	Y	0	0.44	0.23	0.25	0.39	0.0	0.0	0.0	0.0
5	80363958	Y	0	0.54	0.28	0.35	0.49	0.0	0.0	0.0	0.0
5	169031025	Y	0	0.24	0.12	0.01	0.0	0.0	0.0	0.0	0.0
6	4060834	Y	0	0.22	0.12	0.07	0.0	0.0	0.0	0.0	0.0
6	170594158	Y	0	0.0	0.0	0.0	0.0	0.11	0.15	0.08	0.04
7	14622723	Y	0	0.0	0.01	0.0	0.0	0.07	0.06	0.09	0.03
7	14652974	Y	0	0.0	0.0	0.08	0.0	0.0	0.0	0.0	0.0
7	21655836	Y	0	0.29	0.15	0.16	0.24	0.0	0.0	0.0	0.0
8	103312240	Y	0	0.09	0.07	0.08	0.1	0.0	0.0	0.0	0.0
10	17750741	Y	0	0.0	0.06	0.0	0.0	0.0	0.0	0.0	0.0
10	35314051	Y	0	0.07	0.03	0.02	0.05	0.0	0.0	0.0	0.0
10	35314052	Y	0	0.07	0.03	0.02	0.05	0.0	0.0	0.0	0.0
11	63663005	Y	0	0.22	0.18	0.18	0.0	0.0	0.0	0.0	0.0
11	64573708	Y	0	0.0	0.1	0.0	0.0	0.0	0.0	0.0	0.0
11	66298372	Y	0	0.01	0.08	0.0	0.0	0.1	0.11	0.09	0.05
11	68193619	Y	0	0.23	0.08	0.06	0.0	0.0	0.0	0.0	0.0
12	57843214	Y	0	0.26	0.22	0.16	0.0	0.0	0.0	0.0	0.0
12	120651882	Y	0	0.0	0.0	0.0	0.07	0.0	0.0	0.0	0.0
12	122757372	Y	0	0.0	0.1	0.0	0.0	0.0	0.0	0.0	0.0
12	124812012	Y	0	0.0	0.03	0.0	0.0	0.0	0.0	0.0	0.0
12	124824864	Y	0	0.0	0.0	0.0	0.15	0.0	0.0	0.0	0.0
13	32936787	Y	0	0.85	0.71	0.65	0.82	0.55	0.56	0.45	0.52
14	24563646	Y	0	0.43	0.2	0.33	0.35	0.0	0.0	0.0	0.0
14	53119987	Y	0	0.26	0.18	0.17	0.0	0.0	0.0	0.0	0.0
14	75509123	Y	0	0.0	0.06	0.0	0.0	0.08	0.07	0.14	0.07
15	41865579	Y	0	0.0	0.09	0.0	0.0	0.0	0.0	0.0	0.0
15	91433641	Y	0	0.01	0.02	0.0	0.0	0.13	0.07	0.07	0.04
16	29994461	Y	0	0.25	0.12	0.14	0.22	0.0	0.0	0.0	0.0
16	74719457	Y	0	0.0	0.13	0.0	0.0	0.0	0.0	0.0	0.0
17	1731217	Y	0	0.38	0.0	0.0	0.0	0.0	0.0	0.0	0.0
17	7577105	Y	0	0.77	0.33	0.37	0.64	0.0	0.0	0.0	0.0
17	7578265	Y	0	0.01	0.09	0.0	0.0	0.1	0.14	0.06	0.05
17	8792534	Y	0	0.71	0.31	0.28	0.53	0.0	0.0	0.0	0.0
17	38572783	Y	0	0.35	0.28	0.15	0.32	0.0	0.0	0.0	0.0
19	36212176	Y	0	0.15	0.0	0.0	0.0	0.0	0.0	0.0	0.0
19	47177801	Y	0	0.03	0.04	0.0	0.0	0.12	0.12	0.13	0.1
19	56042580	Y	0	0.01	0.07	0.0	0.0	0.16	0.19	0.16	0.08
22	45750857	Y	0	0.4	0.17	0.2	0.0	0.0	0.0	0.0	0.0
22	50696327	Y	0	0.0	0.0	0.0	0.3	0.0	0.0	0.0	0.0