0.493562	0.435384	0.000227	0.335255	0.493641
0.496310	0.494922	0.006847	0.301795	0.496472
0.488639	0.482065	0.015129	0.325275	0.498523
0.485136	0.483607	0.022943	0.321824	0.498651
0.475113	0.484388	0.006993	0.346904	0.482953
0.465548	0.490330	0.003791	0.327816	0.499341
0.472973	0.493137	0.027020	0.311959	0.492992
0.480785	0.496224	0.018582	0.323123	0.495293
0.498263	0.477953	0.036643	0.331207	0.481390
0.487887	0.499724	0.003515	0.320322	0.480111
0.460283	0.490765	0.016058	0.339449	0.483564
0.474519	0.488421	0.010265	0.311851	0.485549
0.474153	0.485679	0.017179	0.327672	0.496581
0.484880	0.471020	0.034375	0.298760	0.458945
0.497304	0.495211	0.013831	0.323039	0.495306
0.493033	0.457606	0.018921	0.362629	0.476651
0.482170	0.483181	0.010891	0.375069	0.497860
0.481431	0.496896	0.017469	0.333336	0.496398
0.459509	0.499891	0.019045	0.348355	0.483129
0.482003	0.499089	0.051785	0.339485	0.486241
0.490941	0.480811	0.026030	0.344156	0.479326
0.485415	0.477894	0.013038	0.308273	0.474089
0.478811	0.318866	0.483724	0.485742	0.317199
0.496057	0.304245	0.494825	0.499180	0.295140
0.497322	0.337483	0.479462	0.490279	0.357246
0.470346	0.363579	0.484453	0.469053	0.314971
0.484207	0.310778	0.478931	0.479055	0.361630
0.479829	0.340875	0.497475	0.499322	0.281946
0.498731	0.354150	0.495685	0.484705	0.320289
0.499996	0.306057	0.499430	0.486262	0.355223
0.487685	0.298247	0.490662	0.498884	0.334158
0.480366	0.309458	0.477650	0.490389	0.310872
0.459699	0.357596	0.446752	0.461641	0.346093
0.470600	0.368493	0.473643	0.489328	0.363622
0.497378	0.355425	0.470815	0.485617	0.337139
0.486191	0.312649	0.468084	0.496890	0.327664
0.464917	0.314558	0.490138	0.499307	0.305223
0.486276	0.288553	0.494200	0.479042	0.311660
0.458697	0.349622	0.471628	0.486884	0.338065
0.452614	0.351992	0.480903	0.486247	0.310874
0.468849	0.324384	0.497424	0.463466	0.324901
0.491067	0.324988	0.485891	0.493928	0.303391
0.491118	0.359971	0.483757	0.490563	0.389415
0.498897	0.322974	0.466168	0.480497	0.327704
0.494992	0.322756	0.069956	0.327647	0.381924
0.454319	0.312211	0.001550	0.327414	0.333806
0.463994	0.289961	0.002125	0.326990	0.322225
0.498265	0.335405	0.030213	0.347384	0.358967
0.495077	0.296817	0.016610	0.345194	0.371057
0.494515	0.352006	0.006534	0.366939	0.327676
0.479092	0.338884	0.013810	0.329295	0.349120
0.495655	0.337527	0.021963	0.319766	0.342132
0.481614	0.334590	0.013409	0.327044	0.319259
0.464125	0.331539	0.012399	0.320611	0.328540
0.483682	0.303100	0.004327	0.325364	0.320598
0.478073	0.325682	0.009765	0.343637	0.358543
0.491148	0.318128	0.027475	0.384447	0.343052
0.492279	0.329452	0.001699	0.341167	0.333243
0.483487	0.325660	0.007258	0.314247	0.317745
0.473136	0.338133	0.032411	0.283190	0.320709
0.495191	0.498669	0.012898	0.339495	0.482273
0.494258	0.495856	0.001619	0.340312	0.492875
0.493321	0.490070	0.013761	0.315216	0.491471
0.474029	0.477025	0.004251	0.330227	0.480889
0.476230	0.496096	0.019788	0.349226	0.472378
0.495860	0.493522	0.031583	0.339342	0.466522
0.492232	0.484890	0.027103	0.321379	0.463921
0.472871	0.493007	0.031819	0.350283	0.479384
0.488533	0.471938	0.012630	0.352125	0.493974
0.470383	0.437279	0.008111	0.342654	0.497303
0.498832	0.489336	0.026760	0.332129	0.483970
0.485038	0.478397	0.022278	0.343384	0.466240
0.456266	0.497536	0.003449	0.343301	0.478564
0.496393	0.442159	0.001903	0.315801	0.491006
0.483984	0.498239	0.002044	0.307156	0.495432
0.474313	0.498037	0.011904	0.339175	0.475670
0.494960	0.471072	0.005778	0.333692	0.493013
0.487507	0.483483	0.006724	0.306868	0.499218
0.469958	0.489641	0.006136	0.341228	0.493605
0.488693	0.498015	0.002420	0.374100	0.489212
0.497634	0.494992	0.013910	0.304258	0.483755
0.482314	0.455730	0.026387	0.360566	0.495900
0.488535	0.483539	0.022046	0.317903	0.495854
0.497548	0.483086	0.002161	0.364085	0.491603
0.484742	0.490959	0.002279	0.324530	0.472970
0.482838	0.499801	0.004821	0.318663	0.489369
0.477760	0.465851	0.495072	0.317020	0.482503
0.465540	0.485045	0.482888	0.312869	0.479829
0.471776	0.483534	0.486803	0.343440	0.488441
0.495064	0.474608	0.451316	0.313286	0.487961
0.492569	0.496578	0.474732	0.310330	0.497864
0.492848	0.487967	0.452200	0.327626	0.491349
0.475056	0.488906	0.491340	0.304748	0.495465
0.485079	0.455863	0.497397	0.344154	0.487809
0.492766	0.475712	0.484793	0.358746	0.470928
0.481171	0.466950	0.461996	0.327195	0.478454
0.498023	0.470117	0.472861	0.302554	0.489862
0.495517	0.465595	0.475086	0.312178	0.480414
0.497829	0.498808	0.488758	0.340292	0.494145
0.492450	0.497024	0.491665	0.332874	0.455213
0.470365	0.494005	0.497926	0.331890	0.462033
0.485497	0.491868	0.480867	0.306593	0.494755
0.475330	0.362475	0.038443	0.347228	0.319823
0.497404	0.315737	0.027743	0.328344	0.326362
0.494827	0.348866	0.015173	0.345969	0.307529
0.487105	0.347484	0.024260	0.340462	0.344003
0.493784	0.323709	0.046403	0.323143	0.309526
0.493448	0.335521	0.009453	0.310107	0.326216
0.466671	0.352927	0.006994	0.364212	0.366398
0.494414	0.305118	0.015355	0.319069	0.331745
0.497587	0.338728	0.022451	0.337269	0.337536
0.499022	0.362245	0.028569	0.330832	0.331346
0.479978	0.318373	0.004655	0.320238	0.342699
0.479892	0.326462	0.045985	0.330872	0.338320
0.485435	0.321728	0.007623	0.311784	0.344574
0.454111	0.334220	0.002378	0.304977	0.372676
0.496226	0.323744	0.016396	0.359673	0.346965
0.492913	0.337889	0.006801	0.347284	0.348246
0.497242	0.321920	0.011208	0.325167	0.335596
0.480112	0.326730	0.039207	0.331581	0.341201
0.480217	0.356234	0.003560	0.367290	0.343314
0.471053	0.001976	0.019395	0.322366	0.016178
0.499474	0.014682	0.009743	0.370051	0.034897
0.492176	0.012489	0.014498	0.313813	0.022229
0.498513	0.003549	0.017961	0.340555	0.019322
0.498880	0.037670	0.009924	0.336289	0.029287
0.480913	0.000532	0.029313	0.337982	0.003925
0.486130	0.008289	0.003938	0.334117	0.029035
0.476134	0.005722	0.001550	0.329932	0.042600
0.485555	0.013201	0.068375	0.318364	0.013263
0.484159	0.304969	0.025857	0.320679	0.319199
0.493952	0.353728	0.001967	0.369347	0.312460
0.477323	0.323060	0.018634	0.316975	0.346918
0.488218	0.319749	0.012995	0.301305	0.349547
0.497746	0.347241	0.006870	0.333647	0.320490
0.494344	0.327150	0.022683	0.319713	0.345337
0.487634	0.320602	0.010220	0.349833	0.315366
0.461296	0.311027	0.035855	0.336031	0.296691
0.466632	0.317125	0.007256	0.332600	0.302922
0.483417	0.335027	0.015277	0.354920	0.374263
0.479787	0.356781	0.015200	0.323877	0.325731
0.489763	0.363515	0.034120	0.321685	0.318789
0.478247	0.301921	0.021753	0.304385	0.327167
0.473494	0.359439	0.011450	0.303632	0.362049
0.496644	0.357351	0.025517	0.305363	0.320146
0.489703	0.305601	0.007591	0.352074	0.361320
0.499526	0.366497	0.009159	0.344123	0.356885
0.489388	0.324671	0.017339	0.350003	0.332899
0.492612	0.326343	0.013537	0.337231	0.309796
0.492119	0.290803	0.002498	0.300560	0.332552
0.494114	0.343494	0.007986	0.346862	0.316899
0.493361	0.368040	0.009587	0.351193	0.323064
0.469947	0.350037	0.000275	0.354888	0.351435
0.497747	0.338351	0.010550	0.315053	0.349638
0.474906	0.484464	0.014062	0.341959	0.471387
0.454938	0.481576	0.002171	0.328616	0.477006
0.499403	0.489169	0.024605	0.319524	0.475197
0.489546	0.489214	0.007912	0.320925	0.486664
0.492853	0.488255	0.021693	0.349365	0.466078
0.488053	0.479747	0.022970	0.305183	0.494967
0.467296	0.470606	0.011430	0.345823	0.490861
0.492240	0.481592	0.006722	0.335477	0.495530
0.484108	0.482768	0.363889	0.299458	0.497355
0.496070	0.470502	0.332693	0.355528	0.477325
0.472680	0.484075	0.331587	0.331183	0.492621
0.487086	0.491388	0.345762	0.328906	0.491114
0.485660	0.489467	0.348620	0.303922	0.492122
0.480949	0.482588	0.295190	0.327848	0.496343
0.471784	0.490987	0.343629	0.350711	0.414064
0.449068	0.495658	0.346769	0.319286	0.471447
0.490025	0.494880	0.345617	0.326763	0.483482
0.478979	0.487860	0.317330	0.308873	0.486052
0.476355	0.468274	0.345589	0.304663	0.491091
0.481677	0.495024	0.367391	0.377763	0.493414
0.490226	0.476758	0.326941	0.347113	0.493374
0.481861	0.491336	0.346184	0.348596	0.483689
0.494704	0.490560	0.333506	0.325526	0.494552
0.498662	0.496963	0.338655	0.339817	0.492249
0.468036	0.476748	0.333614	0.348093	0.451371
0.499690	0.493524	0.325675	0.338554	0.482661
0.488452	0.478327	0.351874	0.328298	0.477160
0.481729	0.497967	0.326039	0.344221	0.489587
0.492547	0.475551	0.329074	0.327710	0.448913
0.477208	0.476683	0.322434	0.336963	0.488894
0.445073	0.492099	0.352392	0.327859	0.467646
0.488971	0.347922	0.466551	0.322340	0.322291
0.497844	0.338025	0.471890	0.309558	0.351789
0.477764	0.320197	0.479930	0.329798	0.353550
0.484221	0.323577	0.480084	0.375898	0.355907
0.484321	0.326045	0.489773	0.354124	0.348766
0.478813	0.362233	0.485586	0.318195	0.333733
0.496421	0.358627	0.472631	0.297651	0.381902
0.473348	0.329701	0.478099	0.269926	0.345587
0.472623	0.323410	0.498154	0.338941	0.361382
0.468770	0.308618	0.498085	0.373167	0.364865
0.466055	0.338759	0.011827	0.330963	0.383127
0.498022	0.289638	0.007328	0.340630	0.346417
0.499373	0.302617	0.010992	0.323730	0.302118
0.479562	0.335058	0.002544	0.341730	0.349918
0.480375	0.316019	0.003179	0.313053	0.349346
0.479027	0.327055	0.001692	0.317736	0.374036
0.495066	0.365045	0.030495	0.353277	0.314907
0.476035	0.330390	0.019536	0.387600	0.302942
0.476681	0.338043	0.000274	0.375978	0.343374
0.493599	0.331012	0.006021	0.329691	0.310512
0.447809	0.303532	0.033103	0.347430	0.357303
0.486918	0.308085	0.022639	0.302637	0.316849
0.477888	0.313317	0.007852	0.364892	0.310013
0.491175	0.333705	0.011806	0.315483	0.352283
0.480498	0.344524	0.007754	0.344295	0.309500
0.490195	0.336879	0.014406	0.322599	0.350114
0.476584	0.337861	0.005843	0.289205	0.325101
0.487204	0.323463	0.019915	0.340499	0.363372
0.472810	0.305455	0.004150	0.367785	0.319823
0.486061	0.017846	0.030340	0.468971	0.027901
0.492360	0.010141	0.028271	0.487018	0.003512
0.489248	0.010649	0.014755	0.494677	0.039938
0.493018	0.012061	0.010301	0.499643	0.012340
0.493641	0.037090	0.033188	0.485973	0.004884
0.496685	0.006828	0.009957	0.498146	0.007847
0.492669	0.011788	0.030909	0.479787	0.025287
0.474004	0.028499	0.022065	0.451965	0.001948
0.498919	0.004340	0.001144	0.489901	0.010835
0.496887	0.000235	0.000264	0.494698	0.009378
0.491957	0.325594	0.016911	0.323944	0.473124
0.484729	0.282832	0.029351	0.334870	0.488299
0.471804	0.346204	0.023529	0.318104	0.492031
0.477072	0.302049	0.041787	0.325326	0.481994
0.469395	0.351003	0.007326	0.332126	0.474009
0.487467	0.324116	0.019694	0.310138	0.496446
0.496633	0.353159	0.002950	0.339703	0.476355
0.498431	0.342245	0.000195	0.326782	0.494522
0.487562	0.395894	0.005684	0.344010	0.498942
0.492942	0.374840	0.011953	0.299637	0.483376
0.473865	0.362934	0.013125	0.336070	0.476405
0.487478	0.335356	0.008468	0.305872	0.488163
0.497528	0.302514	0.008484	0.358692	0.491680
0.495669	0.347164	0.007571	0.363763	0.498179
0.479620	0.337213	0.007566	0.310110	0.493112
0.496189	0.321442	0.040203	0.337741	0.486482
0.482007	0.339795	0.038928	0.344352	0.473868
0.463820	0.497083	0.322181	0.319740	0.493663
0.476275	0.485318	0.357579	0.284916	0.491660
0.479298	0.487085	0.310768	0.342806	0.496032
0.494298	0.482918	0.339575	0.343494	0.482372
0.451343	0.484971	0.357283	0.362263	0.466185
0.484761	0.470068	0.343168	0.315699	0.495132
0.494859	0.476630	0.335627	0.309475	0.479600
0.482684	0.490164	0.359257	0.306624	0.479720
0.496521	0.492202	0.473839	0.347095	0.487996
0.477186	0.495317	0.490172	0.287321	0.493118
0.479852	0.486792	0.470190	0.345929	0.488674
0.488112	0.486519	0.468162	0.306556	0.486735
0.490839	0.466716	0.474810	0.337528	0.477345
0.476600	0.488533	0.499132	0.339989	0.492870
0.472917	0.477379	0.467713	0.309625	0.493645
0.496841	0.491946	0.465464	0.345157	0.496364
0.469925	0.489618	0.490494	0.329052	0.498748
0.485278	0.490768	0.479675	0.301643	0.485647
0.485432	0.479652	0.489288	0.396470	0.480302
0.481386	0.495249	0.487032	0.342899	0.483858
0.453505	0.496255	0.479649	0.340603	0.445489
0.496880	0.488768	0.496870	0.356833	0.469760
0.465144	0.489404	0.464559	0.340600	0.489544
0.491930	0.487502	0.484604	0.305643	0.476070
0.455712	0.463568	0.486892	0.342900	0.486735
0.484819	0.480134	0.475095	0.334046	0.470335
0.475334	0.486235	0.494743	0.336160	0.482008
0.455431	0.467037	0.476425	0.348695	0.481124
0.484303	0.485080	0.471910	0.311450	0.477052
0.488009	0.470580	0.499474	0.334452	0.492966
0.479729	0.476319	0.484485	0.316327	0.488939
0.499431	0.468119	0.485726	0.335597	0.467367
0.441007	0.469052	0.461496	0.354346	0.473341
0.472080	0.488773	0.478749	0.313451	0.453996
0.494313	0.478041	0.337916	0.326492	0.480282
0.471144	0.477709	0.372920	0.362652	0.499708
0.497635	0.492407	0.361682	0.315800	0.471039
0.488285	0.488828	0.312370	0.322733	0.481146
0.491306	0.487034	0.316875	0.313532	0.489789
0.463888	0.481384	0.319158	0.326181	0.482321
0.491546	0.499963	0.336346	0.325119	0.491702
0.499323	0.499887	0.338930	0.336434	0.498798
0.474660	0.491483	0.317950	0.309790	0.470461
0.484952	0.487054	0.341707	0.316250	0.484154
0.485278	0.474586	0.327866	0.364389	0.492694
0.481621	0.492601	0.335372	0.344966	0.481543
0.495769	0.494121	0.322085	0.332860	0.471975
0.499535	0.469451	0.356546	0.327634	0.461011
0.496332	0.492465	0.353425	0.364311	0.497727
0.494647	0.471102	0.340192	0.365281	0.496391
0.481885	0.018269	0.024536	0.324197	0.036220
0.470941	0.000549	0.002477	0.301380	0.030835
0.488511	0.012428	0.031991	0.370507	0.001872
0.486188	0.009825	0.034909	0.381552	0.040692
0.487338	0.008349	0.008830	0.350705	0.001333
0.461642	0.021207	0.005802	0.352754	0.007593
0.484928	0.013408	0.035583	0.343298	0.012772
0.490429	0.479801	0.488401	0.372948	0.477036
0.494199	0.489802	0.477285	0.355899	0.455961
0.485258	0.469050	0.484585	0.373058	0.498708
0.493237	0.499548	0.484552	0.346274	0.486157
0.483189	0.489162	0.485294	0.344552	0.483945
0.466999	0.488058	0.497165	0.377153	0.492512
0.471751	0.485168	0.468539	0.333351	0.487976
0.493689	0.466842	0.469760	0.331642	0.482436
0.473484	0.479253	0.487621	0.317960	0.473104
0.499713	0.468402	0.473841	0.334271	0.448056
0.491858	0.442890	0.496547	0.358095	0.487362
0.471184	0.472730	0.497250	0.327740	0.471444
0.485578	0.487891	0.481827	0.347575	0.499258
0.497892	0.493192	0.471781	0.339650	0.491636
0.496826	0.456394	0.488117	0.310021	0.481744
0.496188	0.485144	0.492389	0.338035	0.496305
0.467418	0.497696	0.496692	0.315625	0.475380
0.473507	0.350316	0.297780	0.316967	0.340470
0.460505	0.331364	0.323174	0.331836	0.323306
0.498051	0.298044	0.344549	0.323539	0.324606
0.499265	0.380132	0.342661	0.319941	0.353509
0.473197	0.368233	0.352847	0.328721	0.335750
0.463607	0.332814	0.380045	0.335796	0.371826
0.498174	0.331688	0.359301	0.364353	0.331897
0.493683	0.299625	0.302982	0.318504	0.362163
0.488386	0.328635	0.341991	0.358979	0.324301
0.499134	0.486475	0.039484	0.462081	0.020345
0.487632	0.487785	0.019136	0.485307	0.031006
0.467363	0.491981	0.020156	0.495244	0.019311
0.492486	0.493948	0.029839	0.499107	0.027617
0.479913	0.499717	0.020894	0.468650	0.009548
0.488427	0.465346	0.006598	0.480417	0.011234
0.491413	0.492424	0.053679	0.498477	0.003130
0.492163	0.495671	0.005927	0.484234	0.001719
0.480873	0.494122	0.040507	0.491452	0.012022
0.492253	0.458654	0.008071	0.497907	0.001167
0.495210	0.489507	0.004986	0.480068	0.015144
0.485146	0.499901	0.004502	0.480769	0.002711
0.486287	0.481394	0.007646	0.487551	0.018299
0.495103	0.494045	0.005249	0.480681	0.017943
0.492982	0.336387	0.006428	0.341169	0.491456
0.478145	0.321367	0.029922	0.332259	0.481964
0.498259	0.335074	0.004334	0.325263	0.470626
0.499291	0.340879	0.008517	0.295176	0.459840
0.488130	0.319156	0.021084	0.351374	0.497155
0.476817	0.359181	0.002221	0.329954	0.463867
0.491198	0.473264	0.000261	0.341067	0.461298
0.459702	0.499465	0.007137	0.345257	0.482483
0.493442	0.490094	0.033773	0.316070	0.482235
0.464554	0.483628	0.030379	0.325672	0.470929
0.488701	0.491425	0.047926	0.330449	0.471471
0.491582	0.491902	0.006791	0.329416	0.496917
0.475931	0.469587	0.063112	0.328794	0.472994
0.492804	0.483096	0.017470	0.355470	0.498044
0.492540	0.474853	0.011275	0.323333	0.496459
0.471136	0.483795	0.010270	0.328040	0.471252
0.499833	0.497726	0.029619	0.334108	0.474178
0.480983	0.492741	0.029377	0.338001	0.482981
0.498447	0.487511	0.017162	0.336632	0.493684
0.497167	0.489402	0.017463	0.333922	0.484865
0.459468	0.487895	0.030832	0.318341	0.498088
0.472779	0.482778	0.009516	0.329632	0.480502
0.498359	0.498349	0.010426	0.331210	0.497173
0.486642	0.484695	0.030609	0.361625	0.497663
0.477762	0.495189	0.002623	0.327547	0.447134
0.492920	0.470819	0.007909	0.338260	0.497458
0.480271	0.491721	0.032406	0.351724	0.496608
0.461166	0.493740	0.002248	0.291173	0.493186
0.489347	0.491637	0.024828	0.320156	0.499457
0.485306	0.497213	0.011602	0.360885	0.475682
0.487705	0.468023	0.007923	0.340343	0.493629
0.493105	0.471237	0.011054	0.338171	0.488231
0.488317	0.498767	0.023489	0.329759	0.486400
0.483187	0.473960	0.009716	0.335972	0.499193
0.495073	0.446159	0.020791	0.344906	0.482524
0.482605	0.482842	0.006212	0.312799	0.463567
0.469666	0.477480	0.001752	0.348046	0.496763
0.459073	0.443748	0.014928	0.332427	0.476950
0.480862	0.467395	0.027713	0.384236	0.472864
0.496394	0.485389	0.021972	0.320191	0.469882
0.480403	0.466177	0.014361	0.323142	0.491101
0.485161	0.499102	0.023359	0.343363	0.472969
0.472386	0.474533	0.029193	0.323176	0.499390
0.499362	0.495516	0.475541	0.353350	0.479509
0.496981	0.485085	0.461516	0.332899	0.459769
0.499718	0.443616	0.485665	0.333586	0.473898
0.499170	0.010714	0.021494	0.497546	0.006201
0.480103	0.007546	0.046568	0.493940	0.021518
0.466669	0.020119	0.012306	0.480425	0.013751
0.496137	0.033820	0.025725	0.473244	0.029449
0.479193	0.030368	0.013270	0.459177	0.037999
0.497132	0.004730	0.033118	0.485672	0.002999
0.482132	0.004462	0.007290	0.482260	0.015076
0.490806	0.019170	0.006409	0.473798	0.017834
0.480829	0.008369	0.007926	0.490078	0.023406
0.480578	0.020156	0.014677	0.480975	0.030087
0.497551	0.031634	0.000732	0.460467	0.007570
0.469816	0.029313	0.028763	0.469557	0.025800
0.452179	0.040784	0.011562	0.482968	0.019702
0.477245	0.028880	0.011885	0.493662	0.021241
0.497348	0.029970	0.017587	0.484494	0.048039
0.484775	0.008154	0.021222	0.493452	0.006027
0.471517	0.489532	0.027512	0.307189	0.448386
0.483832	0.491273	0.008471	0.284373	0.492238
0.499098	0.490741	0.015803	0.345968	0.493780
0.483827	0.326964	0.013150	0.328771	0.327775
0.475491	0.359274	0.007034	0.315544	0.319519
0.463598	0.343582	0.006104	0.311616	0.300967
0.496830	0.301114	0.003016	0.321989	0.314068
0.458355	0.360603	0.009848	0.341898	0.325564
0.494958	0.330916	0.015578	0.334268	0.364883
0.498754	0.348595	0.002754	0.308397	0.320680
0.482293	0.351018	0.028817	0.311258	0.369074
0.474197	0.344581	0.005150	0.329847	0.348622
0.495408	0.329828	0.008218	0.360037	0.345168
0.497517	0.357305	0.017958	0.364190	0.325703
0.489462	0.311227	0.028413	0.342515	0.362801
0.491811	0.332232	0.009799	0.320614	0.317879
0.452570	0.329046	0.046553	0.368125	0.347206
0.468403	0.360005	0.026687	0.337764	0.324486
0.479426	0.490142	0.009540	0.337316	0.473111
0.461332	0.497428	0.007284	0.354964	0.498355
0.478226	0.467346	0.027139	0.333877	0.462806
0.493338	0.482289	0.022339	0.333029	0.483626
0.494631	0.451992	0.015221	0.310816	0.492419
0.469663	0.496494	0.013206	0.319366	0.491193
0.488350	0.010717	0.004491	0.327514	0.037475
0.472492	0.025203	0.020760	0.370176	0.013925
0.481737	0.033021	0.029069	0.329436	0.042675
0.498883	0.032875	0.001973	0.317594	0.022156
0.493441	0.000585	0.042503	0.370587	0.003213
0.491365	0.044401	0.004146	0.326300	0.027552
0.484762	0.026668	0.033391	0.368284	0.024677
0.471008	0.011475	0.037275	0.332316	0.010168
0.486357	0.002452	0.041381	0.337469	0.014305
0.490639	0.311768	0.495338	0.377971	0.327778
0.483873	0.331958	0.469673	0.320920	0.330953
0.461213	0.351925	0.497751	0.342159	0.358159
0.482103	0.326518	0.492707	0.341437	0.303127
0.499929	0.330992	0.477781	0.493410	0.312415
0.474182	0.320624	0.494778	0.476007	0.307400
0.487001	0.298121	0.472913	0.466307	0.276321
0.499672	0.327722	0.495006	0.482026	0.351707
0.484375	0.291506	0.498991	0.477958	0.346973
0.492862	0.334159	0.491762	0.486364	0.375463
0.497830	0.310567	0.472276	0.485956	0.362903
0.476863	0.328647	0.450849	0.459365	0.344505
0.489897	0.300903	0.499796	0.490058	0.325803
0.434326	0.345991	0.446670	0.495283	0.348045
0.468362	0.353128	0.040826	0.342423	0.341474
0.494027	0.343081	0.014534	0.304595	0.323954
0.482732	0.335868	0.050530	0.314532	0.359006
0.496219	0.332102	0.004978	0.318144	0.311465
0.487205	0.319155	0.003933	0.315336	0.340763
0.490827	0.345708	0.001232	0.351478	0.336544
0.496312	0.352462	0.009778	0.369964	0.356627
0.493288	0.359611	0.008789	0.317349	0.376876
0.492678	0.318755	0.000329	0.335079	0.336783
0.480013	0.339681	0.002457	0.303244	0.319705
0.488356	0.317750	0.046260	0.342731	0.359939
0.487529	0.305603	0.020074	0.317013	0.337364
0.494533	0.352116	0.043936	0.302982	0.349712
0.463633	0.334093	0.011379	0.338824	0.296947
0.475425	0.294662	0.013006	0.360984	0.323566
0.496749	0.293223	0.014016	0.352250	0.323981
0.486660	0.323629	0.006340	0.335775	0.311670
0.495457	0.354017	0.007827	0.372834	0.332744
0.494954	0.325389	0.022199	0.300259	0.330126
0.464344	0.495924	0.480422	0.297314	0.457318
0.490639	0.484985	0.475007	0.368263	0.491255
0.484084	0.482193	0.487850	0.365901	0.482398
0.489655	0.476242	0.487529	0.338808	0.486227
0.482483	0.484182	0.498320	0.347773	0.484047
0.489098	0.496171	0.458415	0.314049	0.475970
0.489922	0.484821	0.499097	0.335891	0.329533
0.479213	0.491590	0.455737	0.355135	0.361923
0.464357	0.483906	0.497350	0.304005	0.337837
0.444938	0.478163	0.492099	0.318827	0.342857
0.469911	0.484876	0.466430	0.355629	0.332564
0.493433	0.001035	0.012487	0.485902	0.007482
0.466623	0.015610	0.019376	0.497884	0.033901
0.494841	0.012373	0.025468	0.496433	0.018769
0.472299	0.017030	0.000192	0.492846	0.000856
0.488735	0.005042	0.001586	0.464649	0.028398
0.477722	0.011840	0.030025	0.471466	0.038912
0.482062	0.448696	0.014434	0.336490	0.340988
0.490492	0.484195	0.008552	0.349711	0.320036
0.497076	0.009723	0.481912	0.375846	0.015467
0.481732	0.028745	0.474902	0.357061	0.039966
0.479051	0.003997	0.498819	0.308292	0.006640
0.477351	0.017649	0.482940	0.345036	0.005084
0.496947	0.007024	0.494863	0.309585	0.012927
0.484047	0.017775	0.459916	0.341165	0.015122
0.487837	0.489662	0.023522	0.487960	0.494273
0.484170	0.477558	0.007827	0.489715	0.499502
0.473876	0.492669	0.025812	0.488932	0.469019
0.489762	0.033297	0.366286	0.337419	0.016516
0.490067	0.011181	0.310224	0.354492	0.000582
0.480003	0.001893	0.319200	0.287272	0.002009
0.488030	0.000653	0.359356	0.325801	0.016604
0.478000	0.026051	0.348925	0.358184	0.026782
0.477600	0.000177	0.326496	0.299109	0.016270
