0.529486	0.496258	0.515805	0.199144	0.521840	0.468595	0.477609	0.499114
0.492368	0.500411	0.486561	0.201282	0.478913	0.513415	0.477975	0.467511
0.482636	0.518182	0.480675	0.176401	0.513852	0.476502	0.463356	0.504710
0.492860	0.545382	0.543807	0.204204	0.478419	0.500382	0.513824	0.501287
0.522939	0.470445	0.476305	0.197973	0.504330	0.469105	0.499226	0.482988
0.512634	0.489447	0.501889	0.208735	0.500383	0.520625	0.492050	0.498621
0.489802	0.489778	0.473627	0.193894	0.523507	0.542985	0.518353	0.498688
0.547246	0.502851	0.475855	0.215058	0.501167	0.468413	0.496521	0.498127
0.479098	0.528293	0.487095	0.203947	0.495490	0.505758	0.492924	0.514276
0.504515	0.544876	0.474281	0.215299	0.492184	0.492622	0.510678	0.502257
0.483658	0.487342	0.528914	0.254688	0.523345	0.469080	0.499419	0.494455
0.459527	0.491437	0.477290	0.632955	0.487544	0.229919	0.455448	0.223771
0.504484	0.485865	0.498371	0.619596	0.501394	0.200924	0.471721	0.223185
0.515724	0.489763	0.499591	0.636483	0.492150	0.173586	0.484150	0.181308
0.496120	0.468965	0.537765	0.664741	0.501433	0.182998	0.513362	0.183398
0.495622	0.486346	0.553727	0.636882	0.517215	0.197039	0.515973	0.207508
0.453741	0.495827	0.512958	0.636897	0.528769	0.165857	0.505304	0.202608
0.531352	0.532556	0.514583	0.614243	0.494902	0.230581	0.492334	0.228716
0.490939	0.501573	0.518782	0.654198	0.501434	0.248091	0.515269	0.192609
0.508423	0.488140	0.476466	0.627249	0.522116	0.218838	0.507844	0.223902
0.493495	0.457480	0.471086	0.685476	0.473480	0.159723	0.471740	0.200032
0.513866	0.473301	0.495680	0.654677	0.498332	0.229019	0.460002	0.171174
0.498666	0.497921	0.476695	0.378705	0.492206	0.214265	0.488621	0.205183
0.436024	0.461180	0.515128	0.391048	0.505389	0.196581	0.473604	0.213049
0.474197	0.474441	0.486885	0.401758	0.516487	0.164355	0.480724	0.225010
0.514580	0.478877	0.522917	0.351457	0.497578	0.172901	0.496704	0.189739
0.503412	0.480056	0.524098	0.366169	0.506931	0.177768	0.524837	0.206700
0.518870	0.504831	0.523407	0.424451	0.499803	0.151331	0.547187	0.211085
0.502411	0.474835	0.511834	0.346629	0.498237	0.169017	0.486555	0.213008
0.537895	0.488283	0.475178	0.366113	0.528253	0.219097	0.516740	0.214988
0.508523	0.509061	0.471050	0.358456	0.488628	0.219857	0.480792	0.184663
0.515342	0.489674	0.508726	0.375690	0.496174	0.166282	0.516403	0.188138
0.506898	0.498439	0.523146	0.330411	0.495802	0.196136	0.471538	0.202739
0.473044	0.502707	0.514326	0.505690	0.508162	0.479295	0.196958	0.503002
0.512232	0.508692	0.504662	0.507413	0.518294	0.468666	0.190595	0.502456
0.485730	0.520397	0.524367	0.524197	0.499996	0.508416	0.167992	0.512328
0.511406	0.517968	0.500208	0.473951	0.517695	0.512812	0.205684	0.524527
0.496713	0.487989	0.486570	0.500191	0.485414	0.465730	0.204347	0.530172
0.476399	0.456299	0.544568	0.504863	0.493218	0.522532	0.207505	0.524741
0.498637	0.518425	0.514195	0.513574	0.544983	0.501575	0.204518	0.482079
0.504447	0.490478	0.481651	0.508551	0.519666	0.519827	0.196965	0.518129
0.506596	0.513931	0.496732	0.492823	0.499110	0.481593	0.204172	0.501489
0.453074	0.524844	0.471992	0.477739	0.461145	0.462051	0.190698	0.506458
0.480424	0.483431	0.589219	0.513290	0.503852	0.509335	0.186501	0.503128
0.505943	0.483282	0.624098	0.593074	0.627038	0.507902	0.484440	0.495508
0.472666	0.486101	0.631356	0.636153	0.634447	0.482778	0.517866	0.527547
0.506966	0.516372	0.602071	0.606139	0.652737	0.520150	0.524674	0.461540
0.537772	0.488455	0.641009	0.638176	0.643051	0.458758	0.483455	0.488720
0.508676	0.508005	0.623959	0.661383	0.645974	0.502337	0.517269	0.527851
0.521686	0.497591	0.636047	0.646321	0.625440	0.504736	0.512675	0.507952
0.489449	0.509469	0.638155	0.643898	0.602648	0.492708	0.499668	0.469637
0.496476	0.482570	0.630614	0.646342	0.619768	0.524741	0.516309	0.497476
0.483888	0.498692	0.636155	0.636842	0.659892	0.507565	0.509828	0.511863
0.507097	0.498414	0.621334	0.630392	0.645528	0.495056	0.498944	0.461148
0.499264	0.488228	0.646358	0.637039	0.603427	0.505990	0.502698	0.502178
0.497673	0.499669	0.457604	0.360645	0.523027	0.191645	0.199019	0.113645
0.531195	0.483343	0.523963	0.363653	0.495394	0.200706	0.197315	0.151601
0.472188	0.534689	0.502340	0.333359	0.512479	0.207894	0.208209	0.150315
0.474109	0.480892	0.510857	0.362443	0.528481	0.163103	0.178735	0.120462
0.498800	0.498705	0.505181	0.343146	0.502157	0.202871	0.216082	0.110984
0.503699	0.491313	0.477077	0.368451	0.513331	0.189136	0.214453	0.148523
0.487901	0.491630	0.488056	0.357190	0.504251	0.239541	0.213301	0.147830
0.494541	0.515447	0.498151	0.371871	0.501630	0.194910	0.218249	0.122364
0.494547	0.494279	0.512801	0.363508	0.545021	0.222643	0.194323	0.128385
0.504474	0.504200	0.480751	0.373143	0.479337	0.211544	0.211134	0.144015
0.517685	0.511781	0.515682	0.358431	0.499798	0.206581	0.199412	0.142866
0.502737	0.168864	0.485880	0.494155	0.482216	0.205801	0.162249	0.205702
0.511331	0.205745	0.471927	0.461611	0.506279	0.160454	0.234476	0.205007
0.514212	0.190334	0.513546	0.491865	0.492487	0.185710	0.204194	0.172717
0.527543	0.186732	0.487673	0.476625	0.500674	0.189711	0.180233	0.170171
0.501417	0.177545	0.482078	0.525221	0.492416	0.193077	0.188483	0.207784
0.521415	0.207753	0.497215	0.538732	0.505785	0.212075	0.204221	0.215995
0.469514	0.175178	0.465859	0.529213	0.520052	0.187497	0.185972	0.218083
0.486366	0.188069	0.532675	0.510965	0.488660	0.202884	0.225424	0.207280
0.505342	0.226776	0.504777	0.474803	0.540793	0.207608	0.169523	0.174943
0.502454	0.191024	0.503881	0.501765	0.468962	0.195090	0.223108	0.211516
0.503600	0.181733	0.467596	0.496753	0.517439	0.223598	0.160965	0.228772
0.487252	0.505343	0.505373	0.108173	0.229607	0.477273	0.241376	0.509967
0.475275	0.487881	0.485705	0.112637	0.229130	0.491567	0.207333	0.495065
0.470067	0.499425	0.522439	0.140277	0.218971	0.528870	0.229644	0.482210
0.509170	0.496649	0.517979	0.139273	0.225950	0.512331	0.195827	0.472892
0.500433	0.500694	0.444139	0.113822	0.189749	0.517998	0.223472	0.448445
0.500623	0.463506	0.505920	0.133541	0.197997	0.494950	0.231065	0.507265
0.514530	0.537176	0.472255	0.109970	0.208915	0.453753	0.184840	0.508378
0.494464	0.478566	0.497564	0.132020	0.136886	0.501914	0.214586	0.479704
0.498155	0.491103	0.503657	0.128515	0.229009	0.505740	0.179415	0.502397
0.541650	0.494328	0.510085	0.115081	0.224939	0.508048	0.190934	0.505251
0.525594	0.509106	0.448904	0.138086	0.203245	0.486757	0.199277	0.502668
0.471851	0.511643	0.366165	0.365224	0.345296	0.481412	0.202407	0.518897
0.524556	0.522333	0.371564	0.364659	0.353035	0.460066	0.191152	0.506052
0.510670	0.507088	0.317855	0.396256	0.368923	0.485468	0.185826	0.502359
0.528188	0.514915	0.384523	0.351404	0.396826	0.528326	0.226411	0.516921
0.531314	0.459580	0.361260	0.352265	0.366117	0.449189	0.234736	0.498530
0.541426	0.508673	0.369063	0.323911	0.354314	0.476832	0.211776	0.523455
0.485290	0.489346	0.357212	0.375512	0.377804	0.507631	0.177236	0.485707
0.525324	0.473154	0.354270	0.391584	0.384122	0.533790	0.216468	0.469422
0.501659	0.504888	0.389270	0.388298	0.415809	0.490046	0.229173	0.484989
0.522936	0.490201	0.383410	0.353383	0.363943	0.494816	0.198620	0.488205
0.457013	0.506009	0.348699	0.401481	0.371355	0.514149	0.190730	0.489357
0.507630	0.484710	0.634528	0.480425	0.645676	0.485768	0.190307	0.495826
0.475305	0.500516	0.640599	0.504687	0.636303	0.495603	0.221465	0.517927
0.507907	0.507371	0.624385	0.488867	0.645785	0.506142	0.185915	0.505841
0.531835	0.481201	0.684950	0.489212	0.652566	0.505938	0.186173	0.512354
0.503515	0.513804	0.641929	0.474384	0.633315	0.488291	0.172836	0.494021
0.494421	0.509608	0.611835	0.488321	0.631035	0.467650	0.243560	0.482326
0.542128	0.503580	0.624795	0.494902	0.600763	0.550875	0.231843	0.475424
0.519628	0.513545	0.624594	0.509516	0.602606	0.513705	0.196437	0.470696
0.542210	0.488375	0.640277	0.468246	0.647529	0.499695	0.221385	0.493591
0.515401	0.491693	0.633695	0.495827	0.679214	0.492892	0.161006	0.492657
0.499536	0.522448	0.617107	0.495818	0.620620	0.460269	0.203887	0.512210
0.502687	0.545534	0.527701	0.111720	0.497206	0.490010	0.485461	0.601838
0.532464	0.485723	0.516324	0.145828	0.485055	0.511428	0.504206	0.571801
0.502507	0.471989	0.520929	0.139807	0.521175	0.484695	0.522427	0.612193
0.500808	0.500704	0.478599	0.160565	0.461617	0.481583	0.512303	0.610989
0.519677	0.490467	0.481849	0.143570	0.510435	0.495628	0.481569	0.656898
0.509682	0.531642	0.537937	0.088942	0.501664	0.496657	0.531082	0.641391
0.514164	0.521377	0.500057	0.121077	0.519839	0.484041	0.529364	0.613462
0.472644	0.489053	0.495636	0.175111	0.486763	0.475406	0.518213	0.650872
0.520402	0.498443	0.509641	0.113794	0.546603	0.518218	0.508362	0.671230
0.520523	0.488505	0.501407	0.125230	0.506960	0.465533	0.487852	0.614809
0.514531	0.502479	0.503933	0.091305	0.497989	0.482428	0.487840	0.608643
0.486412	0.494497	0.520565	0.149095	0.514301	0.366262	0.480229	0.347445
0.517975	0.533487	0.471810	0.154940	0.495160	0.375163	0.479904	0.409586
0.522709	0.505929	0.522530	0.137346	0.505387	0.357559	0.533973	0.351872
0.484226	0.518255	0.500476	0.118826	0.511429	0.363007	0.510915	0.376639
0.502594	0.516538	0.476898	0.129516	0.493667	0.359149	0.500759	0.334541
0.500777	0.502287	0.506065	0.099597	0.524974	0.342553	0.497514	0.365687
0.486348	0.497343	0.515162	0.120545	0.507486	0.356940	0.539063	0.338772
0.500236	0.466753	0.509796	0.098778	0.502072	0.378023	0.525622	0.363348
0.478654	0.492158	0.483147	0.088218	0.494215	0.389130	0.485591	0.345494
0.471841	0.485959	0.515766	0.123487	0.482794	0.350197	0.535740	0.387049
0.487299	0.493426	0.506885	0.117865	0.499756	0.358504	0.463323	0.354925
0.500183	0.501634	0.483379	0.092397	0.182127	0.492064	0.521703	0.500550
0.452297	0.495684	0.523411	0.159446	0.193868	0.491829	0.523301	0.511424
0.528476	0.510565	0.505360	0.145884	0.203848	0.528173	0.478461	0.514649
0.472166	0.471368	0.513118	0.131424	0.212861	0.491058	0.504524	0.464280
0.469915	0.482730	0.490022	0.099054	0.202905	0.487456	0.513020	0.495347
0.521418	0.511388	0.529541	0.113276	0.197657	0.500262	0.480065	0.489942
0.524427	0.478129	0.502270	0.127474	0.177480	0.481171	0.484318	0.478768
0.508644	0.480176	0.478910	0.162241	0.213040	0.496439	0.490724	0.487977
0.493032	0.494812	0.483350	0.130755	0.216488	0.497271	0.472116	0.501717
0.482151	0.506842	0.508065	0.127282	0.174122	0.521468	0.524944	0.497333
0.495070	0.464287	0.480318	0.100114	0.163870	0.508538	0.454943	0.484261
0.480402	0.474450	0.541547	0.641836	0.491519	0.192909	0.488832	0.204985
0.519097	0.512681	0.458974	0.629126	0.498641	0.196078	0.496362	0.213908
0.496320	0.537512	0.538081	0.648956	0.469889	0.235317	0.492432	0.218431
0.493086	0.514051	0.501673	0.623781	0.510803	0.193691	0.473198	0.208188
0.488821	0.494403	0.504325	0.618550	0.468506	0.214434	0.502181	0.212148
0.517732	0.511872	0.518640	0.668286	0.497708	0.190175	0.503795	0.222851
0.503269	0.509414	0.508717	0.609070	0.493919	0.184605	0.498472	0.212786
0.525872	0.506636	0.508697	0.643769	0.503431	0.206732	0.474435	0.191924
0.514469	0.493692	0.505922	0.653806	0.503121	0.212397	0.521140	0.166152
0.459602	0.481742	0.487619	0.642660	0.505508	0.193350	0.476407	0.207347
0.500540	0.476966	0.514733	0.637497	0.495488	0.181935	0.481289	0.214745
0.491564	0.512822	0.519078	0.331595	0.201806	0.219155	0.499263	0.247207
0.520705	0.496620	0.485748	0.361269	0.195622	0.242355	0.481422	0.198874
0.516579	0.499878	0.473085	0.359908	0.185507	0.205400	0.525017	0.204648
0.529457	0.510390	0.528341	0.353160	0.189809	0.217357	0.507402	0.174857
0.486906	0.514211	0.482504	0.353141	0.204651	0.208675	0.508990	0.242333
0.456053	0.460414	0.503847	0.352944	0.195234	0.215780	0.507325	0.170159
0.488584	0.505720	0.491342	0.345869	0.236559	0.221420	0.516208	0.194180
0.452617	0.518091	0.521103	0.394400	0.188552	0.197478	0.496656	0.169267
0.462165	0.519932	0.504672	0.328165	0.153815	0.138777	0.490102	0.194452
0.496899	0.517587	0.498353	0.370096	0.192709	0.177988	0.501177	0.189636
0.476405	0.488528	0.519332	0.356552	0.216291	0.187738	0.510425	0.214877
0.523683	0.493270	0.482369	0.375265	0.522043	0.510075	0.202644	0.479410
0.511261	0.524626	0.503629	0.374828	0.495874	0.534978	0.179504	0.492914
0.512046	0.494797	0.481587	0.370254	0.497553	0.491885	0.178896	0.468337
0.526811	0.473346	0.474097	0.371324	0.499957	0.525690	0.178606	0.503541
0.523834	0.521798	0.516974	0.370471	0.489288	0.500336	0.205602	0.504610
0.513547	0.523986	0.528028	0.355780	0.505906	0.515878	0.226007	0.495892
0.512022	0.489307	0.512564	0.360274	0.474091	0.505679	0.175606	0.489442
0.484348	0.493797	0.495639	0.353491	0.491703	0.488903	0.228633	0.502309
0.483266	0.527342	0.492303	0.339314	0.515108	0.498187	0.203701	0.497512
0.530213	0.493140	0.491574	0.365390	0.490649	0.520841	0.190639	0.509460
0.509158	0.501173	0.525503	0.409590	0.490742	0.461284	0.192502	0.502059
0.485616	0.494243	0.475782	0.232607	0.482542	0.467082	0.542075	0.523512
0.501816	0.457381	0.525747	0.225053	0.500740	0.487569	0.520521	0.498639
0.503779	0.499614	0.506354	0.208572	0.470345	0.470705	0.492059	0.519878
0.501836	0.487879	0.482391	0.178543	0.495374	0.506573	0.509158	0.496783
0.503215	0.531119	0.498382	0.175173	0.484375	0.512072	0.524345	0.465922
0.505073	0.481619	0.518055	0.199593	0.509989	0.485994	0.510728	0.479762
0.493869	0.498476	0.512294	0.182464	0.525109	0.485101	0.529498	0.512749
0.508377	0.514076	0.504200	0.200945	0.501793	0.501459	0.520174	0.520470
0.503942	0.527172	0.479348	0.204811	0.476538	0.491146	0.522042	0.501871
0.479545	0.513119	0.503018	0.199476	0.529522	0.486032	0.471682	0.504502
0.501995	0.504834	0.489053	0.242128	0.497644	0.520700	0.525479	0.492118
0.555148	0.510939	0.496766	0.527380	0.476422	0.514894	0.501183	0.517852
0.498069	0.463745	0.458261	0.504446	0.497887	0.497841	0.510567	0.474060
0.493086	0.484318	0.495919	0.510770	0.517196	0.509003	0.496648	0.466905
0.476304	0.482277	0.491434	0.487703	0.509189	0.500496	0.501410	0.490428
0.447190	0.491364	0.460090	0.488069	0.452893	0.490107	0.477428	0.469255
0.441790	0.503999	0.497573	0.471243	0.506826	0.517960	0.513759	0.486332
0.512927	0.542406	0.498754	0.488710	0.516316	0.492685	0.524651	0.480211
0.527381	0.474501	0.512554	0.496790	0.517467	0.498912	0.499891	0.532891
0.544856	0.528030	0.478717	0.514183	0.470351	0.506066	0.484378	0.513962
0.517544	0.491049	0.502213	0.483424	0.485241	0.471415	0.506100	0.540929
0.509414	0.505655	0.475526	0.505423	0.502072	0.508034	0.499874	0.500557
0.472160	0.511915	0.496631	0.593818	0.518983	0.503246	0.217345	0.479735
0.544043	0.485609	0.540118	0.623806	0.492741	0.495062	0.209657	0.518070
0.567600	0.489267	0.501129	0.655928	0.459096	0.489102	0.183757	0.493499
0.497085	0.517920	0.493955	0.625072	0.507572	0.489814	0.184931	0.524107
0.489192	0.520646	0.493384	0.634113	0.471962	0.515693	0.205303	0.471610
0.501610	0.510367	0.488638	0.664158	0.521758	0.514943	0.194791	0.472507
0.517315	0.518492	0.506336	0.611811	0.477154	0.521575	0.212204	0.498059
0.503503	0.522016	0.461773	0.597537	0.498316	0.501932	0.228358	0.486203
0.529726	0.475265	0.517787	0.643244	0.500226	0.537651	0.232174	0.480686
0.515579	0.499879	0.523528	0.630603	0.502189	0.507079	0.217920	0.553869
0.504451	0.488904	0.511428	0.639064	0.486718	0.513754	0.186102	0.478353
0.512505	0.498898	0.482485	0.518334	0.204246	0.507904	0.218936	0.484623
0.480530	0.515578	0.504951	0.467498	0.205267	0.489581	0.186443	0.483174
0.523588	0.479467	0.509821	0.484943	0.182727	0.509465	0.206964	0.510917
0.521766	0.497944	0.495128	0.486098	0.207448	0.505292	0.210581	0.514451
0.510701	0.494184	0.514754	0.522698	0.203802	0.501221	0.221252	0.505630
0.501927	0.528521	0.470190	0.504562	0.126347	0.504553	0.228342	0.500263
0.498740	0.492110	0.494495	0.490992	0.190142	0.503759	0.221653	0.500537
0.469833	0.501503	0.495199	0.510704	0.213019	0.496828	0.182784	0.494691
0.513699	0.497627	0.524402	0.504380	0.184962	0.503345	0.226607	0.470617
0.501070	0.490560	0.508145	0.471009	0.245397	0.547251	0.205886	0.501766
0.493302	0.502236	0.504215	0.503585	0.216142	0.494700	0.189582	0.519209
0.456989	0.528053	0.541343	0.635221	0.507802	0.495365	0.518453	0.477991
0.476744	0.496042	0.496316	0.617618	0.528601	0.516793	0.524881	0.515972
0.486605	0.505543	0.496304	0.637488	0.507143	0.472078	0.505109	0.525408
0.477220	0.495319	0.485877	0.677669	0.505234	0.516559	0.541618	0.529057
0.515139	0.486414	0.461478	0.624007	0.531328	0.500743	0.469707	0.487426
0.471359	0.523369	0.497233	0.634278	0.505169	0.517788	0.499995	0.493127
0.498342	0.498810	0.518497	0.654367	0.502748	0.475289	0.490493	0.497512
0.504709	0.499756	0.481511	0.629122	0.468885	0.522627	0.506218	0.492274
0.475401	0.506591	0.490067	0.634414	0.546682	0.523660	0.493299	0.520201
0.503189	0.498039	0.537387	0.604821	0.482375	0.485282	0.521356	0.501111
0.469976	0.503324	0.489270	0.639653	0.517126	0.511714	0.490943	0.488380
0.486393	0.486650	0.537632	0.517184	0.508137	0.518831	0.502534	0.472316
0.482014	0.502013	0.516167	0.490658	0.518260	0.463875	0.492631	0.481204
0.507466	0.517755	0.489010	0.511616	0.505700	0.505640	0.517989	0.472676
0.471694	0.486566	0.560101	0.486526	0.490928	0.516788	0.496089	0.540012
0.497018	0.508145	0.476254	0.536235	0.474214	0.482652	0.503283	0.510456
0.498138	0.513842	0.493805	0.483832	0.497961	0.511310	0.491284	0.507867
0.531043	0.490218	0.520459	0.489784	0.494229	0.473850	0.532306	0.504006
0.479356	0.522017	0.510949	0.518978	0.465538	0.492331	0.469820	0.488220
0.490205	0.507204	0.482015	0.480503	0.501803	0.484710	0.502086	0.500934
0.503302	0.485979	0.508154	0.560956	0.519029	0.507157	0.509137	0.523515
0.496055	0.490223	0.493953	0.471938	0.458650	0.515684	0.505068	0.508875
0.507836	0.518362	0.504380	0.376055	0.485701	0.364655	0.524271	0.355343
0.504446	0.503307	0.515206	0.387718	0.519835	0.367003	0.488247	0.364311
0.499613	0.521759	0.511954	0.339171	0.517347	0.347752	0.514105	0.365227
0.503647	0.525950	0.510953	0.343145	0.493364	0.322824	0.513912	0.378181
0.516562	0.513563	0.475871	0.388574	0.467542	0.377141	0.509319	0.386421
0.459090	0.503975	0.504436	0.370375	0.473516	0.358928	0.507426	0.340109
0.485266	0.476492	0.489182	0.370084	0.501678	0.362126	0.498644	0.363389
0.499309	0.509027	0.488464	0.361500	0.502457	0.352900	0.500869	0.342960
0.491695	0.481223	0.502526	0.354624	0.485102	0.349575	0.499653	0.387211
0.525342	0.544551	0.502873	0.363063	0.484161	0.359383	0.488777	0.344305
0.490855	0.485281	0.537240	0.381723	0.497357	0.343674	0.489878	0.356700
0.492950	0.501768	0.522423	0.408790	0.218634	0.487211	0.509478	0.505542
0.500159	0.514743	0.465317	0.383508	0.236126	0.525874	0.506343	0.521685
0.529263	0.499549	0.522020	0.361802	0.178118	0.502450	0.491376	0.522191
0.499792	0.513711	0.471081	0.361871	0.225810	0.505738	0.480593	0.511144
0.483124	0.529233	0.503418	0.340542	0.184713	0.495639	0.500943	0.535331
0.536017	0.509098	0.523917	0.376836	0.200828	0.480505	0.508222	0.500151
0.491614	0.491331	0.548713	0.365327	0.224457	0.482474	0.488109	0.501771
0.493742	0.481140	0.507658	0.380347	0.248049	0.494560	0.513146	0.511106
0.444845	0.535718	0.523590	0.363486	0.187417	0.489021	0.496486	0.520241
0.505195	0.525563	0.503723	0.381098	0.200313	0.503962	0.498792	0.461712
0.506881	0.488576	0.471603	0.351038	0.194480	0.493948	0.483402	0.489390
0.480604	0.518357	0.509582	0.383680	0.205226	0.159792	0.499551	0.498574
0.525758	0.509663	0.522349	0.390374	0.179498	0.232314	0.526096	0.461696
0.498897	0.528889	0.520406	0.388290	0.177873	0.214074	0.482557	0.511818
0.491605	0.460883	0.537213	0.370795	0.227535	0.195678	0.510290	0.495080
0.509644	0.491399	0.528345	0.382366	0.201559	0.219607	0.492126	0.528039
0.493296	0.484838	0.521901	0.360840	0.213050	0.241327	0.515799	0.459746
0.509405	0.503384	0.468864	0.377097	0.195128	0.214855	0.476408	0.509230
0.483695	0.451703	0.490620	0.397488	0.225943	0.182253	0.499647	0.448780
0.509353	0.514305	0.523346	0.356511	0.204780	0.226529	0.459636	0.500632
0.497386	0.487581	0.482872	0.388789	0.199116	0.170722	0.539485	0.506864
0.509166	0.476240	0.490706	0.350269	0.220903	0.177971	0.493757	0.497191
0.473549	0.496597	0.518420	0.633382	0.500870	0.490598	0.189404	0.528775
0.532574	0.455796	0.516200	0.613905	0.479567	0.525244	0.207415	0.523531
0.538788	0.528457	0.508628	0.644470	0.474510	0.512364	0.162710	0.489585
0.508022	0.468309	0.461823	0.618303	0.510520	0.481739	0.167961	0.504441
0.517310	0.472071	0.502577	0.643271	0.507474	0.486037	0.213662	0.530633
0.530455	0.472074	0.481504	0.636807	0.482247	0.485530	0.208486	0.506040
0.475849	0.517417	0.502391	0.640381	0.484958	0.493613	0.222690	0.515095
0.483556	0.497783	0.510599	0.661029	0.512094	0.493830	0.197705	0.452486
0.471693	0.495660	0.507038	0.647454	0.532955	0.499534	0.190494	0.496308
0.468973	0.524887	0.538943	0.616870	0.512200	0.506456	0.231524	0.485766
0.512252	0.533585	0.495587	0.651790	0.506669	0.490113	0.154606	0.498302
0.488819	0.485667	0.522265	0.375862	0.197072	0.164609	0.491006	0.175106
0.476204	0.483042	0.523809	0.383042	0.220597	0.196559	0.515674	0.184454
0.489733	0.511253	0.518891	0.337108	0.187796	0.210617	0.456352	0.226909
0.536000	0.501900	0.532419	0.336953	0.221781	0.186894	0.472617	0.244933
0.498741	0.507256	0.474902	0.371436	0.200028	0.197867	0.484151	0.166660
0.505685	0.462512	0.485180	0.330801	0.197975	0.205298	0.478649	0.226446
0.489602	0.541522	0.490670	0.365795	0.191090	0.192738	0.521606	0.202525
0.509598	0.523790	0.498229	0.358540	0.232211	0.188445	0.485005	0.215804
0.477390	0.534600	0.534675	0.360055	0.188816	0.169141	0.508173	0.204824
0.523821	0.483735	0.491514	0.368550	0.178621	0.212404	0.488982	0.192691
0.525363	0.529227	0.514878	0.389914	0.206960	0.174415	0.484703	0.185435
0.506365	0.487482	0.478658	0.646772	0.463738	0.489659	0.525384	0.504100
0.459460	0.501199	0.514222	0.643435	0.492477	0.508092	0.491346	0.484216
0.441318	0.511849	0.520023	0.671793	0.519953	0.527546	0.510259	0.493241
0.513493	0.498776	0.489640	0.638799	0.481700	0.484781	0.500811	0.505124
0.531876	0.514554	0.511631	0.656450	0.509265	0.474818	0.503212	0.518476
0.491560	0.474823	0.525342	0.609710	0.505489	0.509287	0.483036	0.488988
0.527277	0.512686	0.498052	0.643927	0.490402	0.505003	0.460526	0.450814
0.473887	0.525570	0.498831	0.630265	0.516661	0.515102	0.514066	0.508444
0.499383	0.498447	0.497529	0.616693	0.495846	0.460227	0.481351	0.473459
0.517048	0.503236	0.505365	0.600034	0.504457	0.502058	0.525398	0.519485
0.495109	0.504355	0.494852	0.635053	0.498356	0.525788	0.465506	0.500521
0.491728	0.516746	0.507427	0.498086	0.467562	0.107412	0.205849	0.086425
0.515131	0.513005	0.492362	0.455937	0.476726	0.146317	0.230479	0.114898
0.515762	0.497134	0.514164	0.492166	0.540412	0.140201	0.181570	0.103902
0.517999	0.462470	0.507743	0.539582	0.529279	0.163213	0.197625	0.107204
0.539324	0.510479	0.470990	0.462967	0.484671	0.116712	0.219686	0.137922
0.469176	0.484621	0.480771	0.483403	0.508309	0.124329	0.212174	0.145374
0.492547	0.519517	0.505990	0.447159	0.506445	0.098115	0.201167	0.108683
0.532765	0.511709	0.507353	0.486144	0.500102	0.141464	0.214840	0.112049
0.500159	0.506013	0.477382	0.499240	0.490797	0.119642	0.228342	0.089654
0.510195	0.521527	0.485613	0.488017	0.492785	0.152679	0.163724	0.140247
0.477038	0.496610	0.482888	0.481766	0.472983	0.135615	0.182697	0.110167
0.494475	0.476822	0.481178	0.628425	0.509943	0.506989	0.198333	0.485663
0.484921	0.473059	0.504450	0.632934	0.530224	0.509270	0.208051	0.503006
0.511203	0.498777	0.470757	0.674446	0.505025	0.494020	0.189909	0.489032
0.519871	0.494532	0.526528	0.645105	0.514174	0.510013	0.174400	0.506301
0.517217	0.471291	0.501278	0.614240	0.554928	0.521071	0.178459	0.461497
0.492751	0.518989	0.490566	0.643293	0.501969	0.500915	0.160482	0.463783
0.495442	0.490847	0.497024	0.645838	0.501384	0.510957	0.195183	0.501687
0.455216	0.497027	0.538004	0.635702	0.514908	0.500798	0.225469	0.521995
0.475874	0.503152	0.528291	0.643844	0.502029	0.507171	0.191177	0.503686
0.521171	0.474149	0.442701	0.650710	0.505454	0.522288	0.211360	0.494863
0.458259	0.526774	0.484053	0.638395	0.484251	0.515519	0.219254	0.473374
0.473673	0.502707	0.489662	0.647692	0.497301	0.164685	0.450823	0.217760
0.482158	0.472259	0.481537	0.628089	0.519831	0.194842	0.506479	0.187089
0.498304	0.492047	0.487661	0.672844	0.546926	0.209115	0.527234	0.209263
0.501235	0.516753	0.546484	0.641560	0.515725	0.217564	0.482615	0.191682
0.513338	0.471598	0.531430	0.660152	0.488884	0.191415	0.496421	0.228315
0.471268	0.481480	0.518857	0.630800	0.522756	0.181894	0.473305	0.226790
0.477739	0.473923	0.479675	0.597765	0.487081	0.166264	0.493823	0.180489
0.514963	0.513425	0.482125	0.653789	0.465321	0.206048	0.518170	0.176358
0.505473	0.481655	0.511038	0.614113	0.518221	0.229502	0.519271	0.191834
0.532964	0.472761	0.496177	0.637981	0.555925	0.219940	0.493119	0.188552
0.492338	0.490542	0.480617	0.647433	0.503596	0.187591	0.520932	0.195270
0.497450	0.541907	0.504254	0.492461	0.478167	0.499000	0.529520	0.507620
0.462885	0.482460	0.499605	0.484002	0.476654	0.488025	0.532507	0.490679
0.537944	0.511204	0.513881	0.521335	0.485289	0.469529	0.497859	0.509472
0.467043	0.525745	0.489493	0.513531	0.499863	0.478715	0.532156	0.517657
0.489740	0.499445	0.488854	0.488467	0.500176	0.497136	0.468389	0.479285
0.499066	0.469325	0.478793	0.464328	0.447695	0.497925	0.491994	0.483115
0.503278	0.513762	0.505823	0.485865	0.487203	0.479482	0.492157	0.517672
0.511687	0.471107	0.469922	0.493271	0.533306	0.474955	0.504785	0.455226
0.508582	0.483631	0.521434	0.488592	0.484108	0.489303	0.491828	0.506739
0.498837	0.477780	0.518248	0.517741	0.503706	0.496350	0.466579	0.492250
0.500043	0.498802	0.464680	0.497323	0.500543	0.516563	0.473287	0.511483
0.501870	0.468373	0.522577	0.484688	0.512002	0.529386	0.495143	0.521018
0.476445	0.507328	0.511312	0.514558	0.489741	0.478445	0.535288	0.488930
0.484584	0.486526	0.533194	0.524131	0.483619	0.487102	0.520054	0.516153
0.522171	0.516156	0.480957	0.521038	0.514166	0.512531	0.507442	0.538485
0.515258	0.488082	0.483438	0.511967	0.477185	0.566934	0.471388	0.496212
0.455427	0.484709	0.507752	0.487599	0.532020	0.483963	0.486634	0.493927
0.509381	0.515768	0.506154	0.505020	0.495997	0.491007	0.532774	0.490017
0.505755	0.498448	0.471957	0.505355	0.509608	0.488812	0.499626	0.501680
0.532313	0.485278	0.469405	0.518469	0.512036	0.493114	0.525973	0.503381
0.542767	0.471749	0.480369	0.502177	0.485313	0.464694	0.489775	0.489222
0.490737	0.518729	0.504613	0.506747	0.485123	0.534963	0.471500	0.514403
0.522414	0.531231	0.480404	0.349102	0.544344	0.206641	0.525834	0.185361
0.517811	0.525924	0.504869	0.323102	0.483829	0.204854	0.465390	0.222890
0.468834	0.506410	0.537535	0.338723	0.470734	0.228029	0.514843	0.166787
0.477304	0.487798	0.486209	0.361100	0.502104	0.214574	0.495980	0.194569
0.524887	0.477713	0.483557	0.366340	0.515529	0.183792	0.488034	0.176920
0.504387	0.479206	0.473667	0.378615	0.466955	0.248416	0.518367	0.178883
0.502662	0.464382	0.494865	0.370799	0.464111	0.197908	0.462909	0.235360
0.485354	0.492347	0.524019	0.349289	0.503146	0.201939	0.527884	0.202857
0.518405	0.486527	0.509597	0.344073	0.517956	0.222798	0.480634	0.186968
0.493155	0.451141	0.543949	0.389286	0.506043	0.185334	0.523912	0.196019
0.510856	0.477610	0.533074	0.371827	0.515448	0.214426	0.532956	0.188815
0.485052	0.493571	0.492205	0.099381	0.485537	0.523054	0.505611	0.519597
0.499653	0.491983	0.462418	0.131564	0.505816	0.483198	0.508560	0.508519
0.478908	0.504376	0.519792	0.125350	0.529069	0.516245	0.505653	0.474828
0.531841	0.481151	0.491365	0.136233	0.510139	0.526714	0.482328	0.521000
0.507684	0.529008	0.483045	0.126958	0.489141	0.469682	0.464287	0.506260
0.512381	0.469161	0.437110	0.136906	0.512568	0.482414	0.493307	0.484662
0.490413	0.500018	0.524455	0.108610	0.509619	0.485982	0.520066	0.518546
0.507654	0.520534	0.497185	0.139450	0.486277	0.481448	0.492885	0.537022
0.509398	0.507238	0.451711	0.130427	0.505503	0.502663	0.491997	0.444470
0.475174	0.514125	0.528830	0.125290	0.499182	0.516114	0.467850	0.537825
0.473830	0.480144	0.497765	0.117572	0.470113	0.511223	0.496240	0.500145
0.510432	0.512099	0.493945	0.529061	0.509330	0.496824	0.513634	0.489311
0.492591	0.477450	0.501934	0.508422	0.497803	0.485829	0.492660	0.501282
0.499634	0.477776	0.499377	0.477529	0.534098	0.510432	0.433345	0.451414
0.512751	0.475060	0.505256	0.453436	0.497319	0.524221	0.482657	0.485825
0.501930	0.513168	0.501517	0.527960	0.491581	0.475974	0.505544	0.520657
0.480812	0.459835	0.533819	0.486243	0.488514	0.521580	0.466527	0.495513
0.530492	0.487806	0.496979	0.498258	0.508956	0.507175	0.494762	0.463277
0.462893	0.494437	0.507349	0.483436	0.480201	0.518598	0.506095	0.489085
0.477567	0.512053	0.522890	0.498244	0.515536	0.507442	0.475060	0.466915
0.499828	0.475932	0.502230	0.504300	0.477818	0.484394	0.489536	0.502797
0.493864	0.512805	0.514084	0.482501	0.520333	0.485413	0.487453	0.497541
0.471631	0.475316	0.477360	0.193736	0.203826	0.496864	0.510737	0.493523
0.494448	0.526037	0.474012	0.193188	0.193078	0.481803	0.500257	0.484386
0.523639	0.480013	0.489886	0.214415	0.213278	0.489916	0.487664	0.503953
0.500357	0.484017	0.508724	0.190864	0.202105	0.486487	0.487364	0.519494
0.485140	0.494084	0.481841	0.200720	0.193085	0.482181	0.522044	0.500576
0.483912	0.515094	0.467981	0.183470	0.199171	0.453023	0.489305	0.494152
0.482879	0.501128	0.509478	0.198049	0.203419	0.503839	0.494612	0.490858
0.503717	0.473722	0.515161	0.222418	0.199421	0.495232	0.518256	0.522194
0.512894	0.514366	0.477574	0.187592	0.152160	0.507615	0.510261	0.500359
0.494895	0.507890	0.491268	0.202012	0.214158	0.501750	0.523777	0.496485
0.487578	0.497335	0.499844	0.212645	0.198899	0.536750	0.529369	0.491174
0.508252	0.501922	0.503298	0.532549	0.494771	0.183519	0.523981	0.231058
0.489091	0.515132	0.484219	0.502694	0.493578	0.211831	0.506762	0.232225
0.492910	0.518839	0.531257	0.495205	0.498963	0.192209	0.491385	0.197897
0.484465	0.497968	0.559549	0.442514	0.504779	0.213637	0.513541	0.226025
0.522107	0.509703	0.501051	0.498765	0.506293	0.223858	0.492535	0.178317
0.469060	0.508788	0.483498	0.496291	0.497916	0.207422	0.507621	0.193994
0.477921	0.518941	0.493285	0.536738	0.511684	0.205181	0.510346	0.260844
0.479042	0.515007	0.512092	0.475574	0.502604	0.193107	0.475069	0.244416
0.513735	0.510311	0.505273	0.497943	0.549523	0.243173	0.487364	0.219007
0.452765	0.495768	0.475489	0.447797	0.482191	0.223471	0.518223	0.186823
0.478883	0.507239	0.481445	0.534577	0.493037	0.154492	0.511672	0.174891
0.479148	0.493935	0.519282	0.509438	0.202317	0.504584	0.203213	0.169830
0.495009	0.524526	0.496465	0.474925	0.192182	0.498211	0.210328	0.175077
0.502347	0.526474	0.489622	0.483117	0.209167	0.480755	0.227747	0.176943
0.446316	0.512382	0.518886	0.484778	0.192915	0.503525	0.215027	0.220908
0.467825	0.475236	0.532074	0.492761	0.217122	0.492939	0.226543	0.209288
0.545697	0.511846	0.472324	0.506781	0.211632	0.505782	0.213211	0.171371
0.523756	0.503218	0.500097	0.497763	0.208772	0.500518	0.210566	0.198662
0.499296	0.537601	0.483068	0.490279	0.205599	0.511804	0.233981	0.217880
0.519293	0.508897	0.510677	0.496505	0.188908	0.496024	0.211695	0.178920
0.490898	0.493929	0.511487	0.505206	0.212910	0.521671	0.223480	0.222099
0.472382	0.489367	0.525959	0.492344	0.182312	0.474020	0.209074	0.188796
0.506620	0.491094	0.505093	0.482954	0.229070	0.378948	0.486683	0.395448
0.559890	0.521819	0.515205	0.493082	0.199976	0.368541	0.489127	0.383409
0.496944	0.492073	0.506788	0.507743	0.183206	0.370974	0.504942	0.372840
0.497882	0.503873	0.488124	0.479684	0.213843	0.367432	0.512712	0.351268
0.477693	0.483121	0.529262	0.484292	0.216630	0.349691	0.503004	0.372074
0.502585	0.492739	0.518217	0.486793	0.158170	0.367626	0.506113	0.352430
0.501260	0.464864	0.518151	0.494989	0.193084	0.390101	0.488963	0.346071
0.505372	0.498558	0.514734	0.514861	0.163212	0.386986	0.500186	0.350355
0.504172	0.530584	0.490204	0.526771	0.218523	0.335460	0.502474	0.336182
0.520370	0.496686	0.467505	0.478975	0.180957	0.361092	0.483691	0.386469
0.476763	0.492279	0.511942	0.475246	0.216404	0.371970	0.519885	0.344998
0.466832	0.206527	0.465653	0.500490	0.218712	0.500042	0.183939	0.513233
0.522727	0.188201	0.505796	0.529668	0.177124	0.506720	0.195911	0.497522
0.527017	0.183175	0.469376	0.491034	0.221878	0.483768	0.188647	0.495952
0.507645	0.207589	0.474214	0.522753	0.190983	0.525708	0.214246	0.509359
0.504512	0.194656	0.478030	0.500069	0.185899	0.512037	0.218225	0.510679
0.525059	0.210307	0.505483	0.518006	0.183467	0.479898	0.236351	0.484996
0.507004	0.229903	0.490817	0.517994	0.178934	0.463146	0.202774	0.471747
0.548546	0.205828	0.503980	0.483242	0.188393	0.478484	0.218597	0.491546
0.494467	0.201082	0.512746	0.526863	0.193482	0.480368	0.196008	0.531587
0.482851	0.174030	0.505411	0.497746	0.188875	0.488483	0.197740	0.521572
0.499662	0.208902	0.491318	0.523443	0.204274	0.476684	0.164691	0.492987
0.538209	0.515856	0.536215	0.634202	0.497273	0.495395	0.492522	0.533711
0.500626	0.438538	0.496039	0.615308	0.505400	0.496038	0.490318	0.488700
0.497502	0.482946	0.486477	0.642522	0.518771	0.549499	0.489932	0.513545
0.464949	0.469493	0.472761	0.629071	0.520485	0.493761	0.473626	0.530133
0.523006	0.530870	0.500952	0.586150	0.477581	0.520208	0.497829	0.473530
0.518948	0.473193	0.512581	0.660587	0.477647	0.499797	0.497677	0.507123
0.492091	0.527070	0.506818	0.651117	0.496160	0.473798	0.504834	0.471861
0.470857	0.493461	0.497716	0.625271	0.496678	0.474041	0.507844	0.472617
0.512118	0.496545	0.550559	0.603861	0.504348	0.468030	0.486013	0.499951
0.477333	0.482646	0.514007	0.640590	0.517417	0.505658	0.494776	0.474644
0.474834	0.468799	0.525920	0.637766	0.522435	0.499684	0.494523	0.507701
0.535682	0.538020	0.489098	0.632547	0.493118	0.470269	0.498060	0.486379
0.482114	0.511245	0.480766	0.632814	0.523018	0.546419	0.506731	0.524347
0.510044	0.493589	0.501038	0.606668	0.471582	0.487677	0.484615	0.478381
0.503736	0.499728	0.469236	0.615856	0.487827	0.479543	0.529397	0.471488
0.482043	0.491156	0.540845	0.620953	0.506635	0.495774	0.455280	0.499957
0.523952	0.502422	0.493633	0.629103	0.503501	0.486680	0.505306	0.457200
0.500349	0.493834	0.491240	0.660808	0.494051	0.492891	0.493325	0.490579
0.499543	0.498207	0.481704	0.621331	0.456890	0.490210	0.514018	0.502684
0.470889	0.493868	0.521531	0.641494	0.530125	0.486930	0.482188	0.521873
0.512164	0.513825	0.487876	0.680955	0.533659	0.462139	0.497718	0.510567
0.504422	0.543742	0.487476	0.664396	0.511037	0.510324	0.491991	0.508403
0.488515	0.502746	0.470695	0.508299	0.481044	0.482796	0.513322	0.511224
0.541960	0.507744	0.496955	0.540815	0.483680	0.523678	0.498727	0.489986
0.531952	0.510911	0.531972	0.507348	0.514028	0.474923	0.519714	0.487205
0.485406	0.540752	0.520547	0.521065	0.494796	0.485093	0.492302	0.491171
0.482068	0.557319	0.535011	0.510596	0.515917	0.463696	0.500003	0.511148
0.539915	0.507494	0.490158	0.478579	0.479633	0.522106	0.500574	0.519435
0.502716	0.526365	0.542657	0.473669	0.555447	0.470010	0.496453	0.457555
0.500839	0.504377	0.539489	0.520235	0.490758	0.458517	0.507292	0.484119
0.502175	0.493245	0.518266	0.493878	0.490967	0.475915	0.496152	0.507158
0.485468	0.499930	0.474293	0.486261	0.520240	0.525335	0.536373	0.512070
0.470900	0.509220	0.508841	0.499192	0.497160	0.472259	0.499329	0.510145
0.484231	0.533155	0.513725	0.507680	0.497168	0.531121	0.511616	0.538981
0.488555	0.473986	0.520073	0.510925	0.498162	0.526548	0.483795	0.485781
0.535838	0.498879	0.497444	0.487205	0.490498	0.531535	0.459482	0.503067
0.505969	0.528347	0.534344	0.525195	0.493162	0.524781	0.450173	0.491999
0.524565	0.491499	0.495613	0.507859	0.521431	0.511992	0.517866	0.480786
0.499651	0.497186	0.476657	0.475535	0.489245	0.514772	0.492761	0.528951
0.520375	0.512181	0.528781	0.522554	0.493738	0.483498	0.490384	0.491247
0.496676	0.505395	0.507306	0.483944	0.476180	0.516155	0.519160	0.507925
0.472377	0.492276	0.487390	0.520855	0.500663	0.507546	0.489848	0.464807
0.493188	0.508637	0.473700	0.529764	0.545796	0.465012	0.494788	0.486156
0.534752	0.522376	0.482361	0.501191	0.479066	0.516708	0.510076	0.483660
0.487559	0.525000	0.506565	0.494574	0.498650	0.496965	0.507924	0.481543
0.469577	0.511630	0.493977	0.489814	0.497469	0.490278	0.482121	0.500186
0.497137	0.537417	0.481821	0.516271	0.469827	0.491733	0.535902	0.529700
0.507789	0.517607	0.521903	0.507439	0.524358	0.482739	0.525822	0.519959
0.514626	0.483017	0.496958	0.497035	0.501237	0.473099	0.517074	0.486808
