0.470514	0.496258	0.484195	0.199144	0.478160	0.468595	0.477609	0.499114
0.492368	0.499589	0.486561	0.201282	0.478913	0.486585	0.477975	0.467511
0.482636	0.481818	0.480675	0.176401	0.486148	0.476502	0.463356	0.495290
0.492860	0.454618	0.456193	0.204204	0.478419	0.499618	0.486176	0.498713
0.477061	0.470445	0.476305	0.197973	0.495670	0.469105	0.499226	0.482988
0.487366	0.489447	0.498111	0.208735	0.499617	0.479375	0.492050	0.498621
0.489802	0.489778	0.473627	0.193894	0.476493	0.457015	0.481647	0.498688
0.452754	0.497149	0.475855	0.215058	0.498833	0.468413	0.496521	0.498127
0.479098	0.471707	0.487095	0.203947	0.495490	0.494242	0.492924	0.485724
0.495485	0.455124	0.474281	0.215299	0.492184	0.492622	0.489322	0.497743
0.483658	0.487342	0.471086	0.254688	0.476655	0.469080	0.499419	0.494455
0.459527	0.491437	0.477290	0.367045	0.487544	0.229919	0.455448	0.223771
0.495516	0.485865	0.498371	0.380404	0.498606	0.200924	0.471721	0.223185
0.484276	0.489763	0.499591	0.363517	0.492150	0.173586	0.484150	0.181308
0.496120	0.468965	0.462235	0.335259	0.498567	0.182998	0.486638	0.183398
0.495622	0.486346	0.446273	0.363118	0.482785	0.197039	0.484027	0.207508
0.453741	0.495827	0.487042	0.363103	0.471231	0.165857	0.494696	0.202608
0.468648	0.467444	0.485417	0.385757	0.494902	0.230581	0.492334	0.228716
0.490939	0.498427	0.481218	0.345802	0.498566	0.248091	0.484731	0.192609
0.491577	0.488140	0.476466	0.372751	0.477884	0.218838	0.492156	0.223902
0.493495	0.457480	0.471086	0.314524	0.473480	0.159723	0.471740	0.200032
0.486134	0.473301	0.495680	0.345323	0.498332	0.229019	0.460002	0.171174
0.498666	0.497921	0.476695	0.378705	0.492206	0.214265	0.488621	0.205183
0.436024	0.461180	0.484872	0.391048	0.494611	0.196581	0.473604	0.213049
0.474197	0.474441	0.486885	0.401758	0.483513	0.164355	0.480724	0.225010
0.485420	0.478877	0.477083	0.351457	0.497578	0.172901	0.496704	0.189739
0.496588	0.480056	0.475902	0.366169	0.493069	0.177768	0.475163	0.206700
0.481130	0.495169	0.476593	0.424451	0.499803	0.151331	0.452813	0.211085
0.497589	0.474835	0.488166	0.346629	0.498237	0.169017	0.486555	0.213008
0.462105	0.488283	0.475178	0.366113	0.471747	0.219097	0.483260	0.214988
0.491477	0.490939	0.471050	0.358456	0.488628	0.219857	0.480792	0.184663
0.484658	0.489674	0.491274	0.375690	0.496174	0.166282	0.483597	0.188138
0.493102	0.498439	0.476854	0.330411	0.495802	0.196136	0.471538	0.202739
0.473044	0.497293	0.485674	0.494310	0.491838	0.479295	0.196958	0.496998
0.487768	0.491308	0.495338	0.492587	0.481706	0.468666	0.190595	0.497544
0.485730	0.479603	0.475633	0.475803	0.499996	0.491584	0.167992	0.487672
0.488594	0.482032	0.499792	0.473951	0.482305	0.487188	0.205684	0.475473
0.496713	0.487989	0.486570	0.499809	0.485414	0.465730	0.204347	0.469828
0.476399	0.456299	0.455432	0.495137	0.493218	0.477468	0.207505	0.475259
0.498637	0.481575	0.485805	0.486426	0.455017	0.498425	0.204518	0.482079
0.495553	0.490478	0.481651	0.491449	0.480334	0.480173	0.196965	0.481871
0.493404	0.486069	0.496732	0.492823	0.499110	0.481593	0.204172	0.498511
0.453074	0.475156	0.471992	0.477739	0.461145	0.462051	0.190698	0.493542
0.480424	0.483431	0.410781	0.486710	0.496148	0.490665	0.186501	0.496872
0.494057	0.483282	0.375902	0.406926	0.372962	0.492098	0.484440	0.495508
0.472666	0.486101	0.368644	0.363847	0.365553	0.482778	0.482134	0.472453
0.493034	0.483628	0.397929	0.393861	0.347263	0.479850	0.475326	0.461540
0.462228	0.488455	0.358991	0.361824	0.356949	0.458758	0.483455	0.488720
0.491324	0.491995	0.376041	0.338617	0.354026	0.497663	0.482731	0.472149
0.478314	0.497591	0.363953	0.353679	0.374560	0.495264	0.487325	0.492048
0.489449	0.490531	0.361845	0.356102	0.397352	0.492708	0.499668	0.469637
0.496476	0.482570	0.369386	0.353658	0.380232	0.475259	0.483691	0.497476
0.483888	0.498692	0.363845	0.363158	0.340108	0.492435	0.490172	0.488137
0.492903	0.498414	0.378666	0.369608	0.354472	0.495056	0.498944	0.461148
0.499264	0.488228	0.353642	0.362961	0.396573	0.494010	0.497302	0.497822
0.497673	0.499669	0.457604	0.360645	0.476973	0.191645	0.199019	0.113645
0.468805	0.483343	0.476037	0.363653	0.495394	0.200706	0.197315	0.151601
0.472188	0.465311	0.497660	0.333359	0.487521	0.207894	0.208209	0.150315
0.474109	0.480892	0.489143	0.362443	0.471519	0.163103	0.178735	0.120462
0.498800	0.498705	0.494819	0.343146	0.497843	0.202871	0.216082	0.110984
0.496301	0.491313	0.477077	0.368451	0.486669	0.189136	0.214453	0.148523
0.487901	0.491630	0.488056	0.357190	0.495749	0.239541	0.213301	0.147830
0.494541	0.484553	0.498151	0.371871	0.498370	0.194910	0.218249	0.122364
0.494547	0.494279	0.487199	0.363508	0.454979	0.222643	0.194323	0.128385
0.495526	0.495800	0.480751	0.373143	0.479337	0.211544	0.211134	0.144015
0.482315	0.488219	0.484318	0.358431	0.499798	0.206581	0.199412	0.142866
0.497263	0.168864	0.485880	0.494155	0.482216	0.205801	0.162249	0.205702
0.488669	0.205745	0.471927	0.461611	0.493721	0.160454	0.234476	0.205007
0.485788	0.190334	0.486454	0.491865	0.492487	0.185710	0.204194	0.172717
0.472457	0.186732	0.487673	0.476625	0.499326	0.189711	0.180233	0.170171
0.498583	0.177545	0.482078	0.474779	0.492416	0.193077	0.188483	0.207784
0.478585	0.207753	0.497215	0.461268	0.494215	0.212075	0.204221	0.215995
0.469514	0.175178	0.465859	0.470787	0.479948	0.187497	0.185972	0.218083
0.486366	0.188069	0.467325	0.489035	0.488660	0.202884	0.225424	0.207280
0.494658	0.226776	0.495223	0.474803	0.459207	0.207608	0.169523	0.174943
0.497546	0.191024	0.496119	0.498235	0.468962	0.195090	0.223108	0.211516
0.496400	0.181733	0.467596	0.496753	0.482561	0.223598	0.160965	0.228772
0.487252	0.494657	0.494627	0.108173	0.229607	0.477273	0.241376	0.490033
0.475275	0.487881	0.485705	0.112637	0.229130	0.491567	0.207333	0.495065
0.470067	0.499425	0.477561	0.140277	0.218971	0.471130	0.229644	0.482210
0.490830	0.496649	0.482021	0.139273	0.225950	0.487669	0.195827	0.472892
0.499567	0.499306	0.444139	0.113822	0.189749	0.482002	0.223472	0.448445
0.499377	0.463506	0.494080	0.133541	0.197997	0.494950	0.231065	0.492735
0.485470	0.462824	0.472255	0.109970	0.208915	0.453753	0.184840	0.491622
0.494464	0.478566	0.497564	0.132020	0.136886	0.498086	0.214586	0.479704
0.498155	0.491103	0.496343	0.128515	0.229009	0.494260	0.179415	0.497603
0.458350	0.494328	0.489915	0.115081	0.224939	0.491952	0.190934	0.494749
0.474406	0.490894	0.448904	0.138086	0.203245	0.486757	0.199277	0.497332
0.471851	0.488357	0.366165	0.365224	0.345296	0.481412	0.202407	0.481103
0.475444	0.477667	0.371564	0.364659	0.353035	0.460066	0.191152	0.493948
0.489330	0.492912	0.317855	0.396256	0.368923	0.485468	0.185826	0.497641
0.471812	0.485085	0.384523	0.351404	0.396826	0.471674	0.226411	0.483079
0.468686	0.459580	0.361260	0.352265	0.366117	0.449189	0.234736	0.498530
0.458574	0.491327	0.369063	0.323911	0.354314	0.476832	0.211776	0.476545
0.485290	0.489346	0.357212	0.375512	0.377804	0.492369	0.177236	0.485707
0.474676	0.473154	0.354270	0.391584	0.384122	0.466210	0.216468	0.469422
0.498341	0.495112	0.389270	0.388298	0.415809	0.490046	0.229173	0.484989
0.477064	0.490201	0.383410	0.353383	0.363943	0.494816	0.198620	0.488205
0.457013	0.493991	0.348699	0.401481	0.371355	0.485851	0.190730	0.489357
0.492370	0.484710	0.365472	0.480425	0.354324	0.485768	0.190307	0.495826
0.475305	0.499484	0.359401	0.495313	0.363697	0.495603	0.221465	0.482073
0.492093	0.492629	0.375615	0.488867	0.354215	0.493858	0.185915	0.494159
0.468165	0.481201	0.315050	0.489212	0.347434	0.494062	0.186173	0.487646
0.496485	0.486196	0.358071	0.474384	0.366685	0.488291	0.172836	0.494021
0.494421	0.490392	0.388165	0.488321	0.368965	0.467650	0.243560	0.482326
0.457872	0.496420	0.375205	0.494902	0.399237	0.449125	0.231843	0.475424
0.480372	0.486455	0.375406	0.490484	0.397394	0.486295	0.196437	0.470696
0.457790	0.488375	0.359723	0.468246	0.352471	0.499695	0.221385	0.493591
0.484599	0.491693	0.366305	0.495827	0.320786	0.492892	0.161006	0.492657
0.499536	0.477552	0.382893	0.495818	0.379380	0.460269	0.203887	0.487790
0.497313	0.454466	0.472299	0.111720	0.497206	0.490010	0.485461	0.398162
0.467536	0.485723	0.483676	0.145828	0.485055	0.488572	0.495794	0.428199
0.497493	0.471989	0.479071	0.139807	0.478825	0.484695	0.477573	0.387807
0.499192	0.499296	0.478599	0.160565	0.461617	0.481583	0.487697	0.389011
0.480323	0.490467	0.481849	0.143570	0.489565	0.495628	0.481569	0.343102
0.490318	0.468358	0.462063	0.088942	0.498336	0.496657	0.468918	0.358609
0.485836	0.478623	0.499943	0.121077	0.480161	0.484041	0.470636	0.386538
0.472644	0.489053	0.495636	0.175111	0.486763	0.475406	0.481787	0.349128
0.479598	0.498443	0.490359	0.113794	0.453397	0.481782	0.491638	0.328770
0.479477	0.488505	0.498593	0.125230	0.493040	0.465533	0.487852	0.385191
0.485469	0.497521	0.496067	0.091305	0.497989	0.482428	0.487840	0.391357
0.486412	0.494497	0.479435	0.149095	0.485699	0.366262	0.480229	0.347445
0.482025	0.466513	0.471810	0.154940	0.495160	0.375163	0.479904	0.409586
0.477291	0.494071	0.477470	0.137346	0.494613	0.357559	0.466027	0.351872
0.484226	0.481745	0.499524	0.118826	0.488571	0.363007	0.489085	0.376639
0.497406	0.483462	0.476898	0.129516	0.493667	0.359149	0.499241	0.334541
0.499223	0.497713	0.493935	0.099597	0.475026	0.342553	0.497514	0.365687
0.486348	0.497343	0.484838	0.120545	0.492514	0.356940	0.460937	0.338772
0.499764	0.466753	0.490204	0.098778	0.497928	0.378023	0.474378	0.363348
0.478654	0.492158	0.483147	0.088218	0.494215	0.389130	0.485591	0.345494
0.471841	0.485959	0.484234	0.123487	0.482794	0.350197	0.464260	0.387049
0.487299	0.493426	0.493115	0.117865	0.499756	0.358504	0.463323	0.354925
0.499817	0.498366	0.483379	0.092397	0.182127	0.492064	0.478297	0.499450
0.452297	0.495684	0.476589	0.159446	0.193868	0.491829	0.476699	0.488576
0.471524	0.489435	0.494640	0.145884	0.203848	0.471827	0.478461	0.485351
0.472166	0.471368	0.486882	0.131424	0.212861	0.491058	0.495476	0.464280
0.469915	0.482730	0.490022	0.099054	0.202905	0.487456	0.486980	0.495347
0.478582	0.488612	0.470459	0.113276	0.197657	0.499738	0.480065	0.489942
0.475573	0.478129	0.497730	0.127474	0.177480	0.481171	0.484318	0.478768
0.491356	0.480176	0.478910	0.162241	0.213040	0.496439	0.490724	0.487977
0.493032	0.494812	0.483350	0.130755	0.216488	0.497271	0.472116	0.498283
0.482151	0.493158	0.491935	0.127282	0.174122	0.478532	0.475056	0.497333
0.495070	0.464287	0.480318	0.100114	0.163870	0.491462	0.454943	0.484261
0.480402	0.474450	0.458453	0.358164	0.491519	0.192909	0.488832	0.204985
0.480903	0.487319	0.458974	0.370874	0.498641	0.196078	0.496362	0.213908
0.496320	0.462488	0.461919	0.351044	0.469889	0.235317	0.492432	0.218431
0.493086	0.485949	0.498327	0.376219	0.489197	0.193691	0.473198	0.208188
0.488821	0.494403	0.495675	0.381450	0.468506	0.214434	0.497819	0.212148
0.482268	0.488128	0.481360	0.331714	0.497708	0.190175	0.496205	0.222851
0.496731	0.490586	0.491283	0.390930	0.493919	0.184605	0.498472	0.212786
0.474128	0.493364	0.491303	0.356231	0.496569	0.206732	0.474435	0.191924
0.485531	0.493692	0.494078	0.346194	0.496879	0.212397	0.478860	0.166152
0.459602	0.481742	0.487619	0.357340	0.494492	0.193350	0.476407	0.207347
0.499460	0.476966	0.485267	0.362503	0.495488	0.181935	0.481289	0.214745
0.491564	0.487178	0.480922	0.331595	0.201806	0.219155	0.499263	0.247207
0.479295	0.496620	0.485748	0.361269	0.195622	0.242355	0.481422	0.198874
0.483421	0.499878	0.473085	0.359908	0.185507	0.205400	0.474983	0.204648
0.470543	0.489610	0.471659	0.353160	0.189809	0.217357	0.492598	0.174857
0.486906	0.485789	0.482504	0.353141	0.204651	0.208675	0.491010	0.242333
0.456053	0.460414	0.496153	0.352944	0.195234	0.215780	0.492675	0.170159
0.488584	0.494280	0.491342	0.345869	0.236559	0.221420	0.483792	0.194180
0.452617	0.481909	0.478897	0.394400	0.188552	0.197478	0.496656	0.169267
0.462165	0.480068	0.495328	0.328165	0.153815	0.138777	0.490102	0.194452
0.496899	0.482413	0.498353	0.370096	0.192709	0.177988	0.498823	0.189636
0.476405	0.488528	0.480668	0.356552	0.216291	0.187738	0.489575	0.214877
0.476317	0.493270	0.482369	0.375265	0.477957	0.489925	0.202644	0.479410
0.488739	0.475374	0.496371	0.374828	0.495874	0.465022	0.179504	0.492914
0.487954	0.494797	0.481587	0.370254	0.497553	0.491885	0.178896	0.468337
0.473189	0.473346	0.474097	0.371324	0.499957	0.474310	0.178606	0.496459
0.476166	0.478202	0.483026	0.370471	0.489288	0.499664	0.205602	0.495390
0.486453	0.476014	0.471972	0.355780	0.494094	0.484122	0.226007	0.495892
0.487978	0.489307	0.487436	0.360274	0.474091	0.494321	0.175606	0.489442
0.484348	0.493797	0.495639	0.353491	0.491703	0.488903	0.228633	0.497691
0.483266	0.472658	0.492303	0.339314	0.484892	0.498187	0.203701	0.497512
0.469787	0.493140	0.491574	0.365390	0.490649	0.479159	0.190639	0.490540
0.490842	0.498827	0.474497	0.409590	0.490742	0.461284	0.192502	0.497941
0.485616	0.494243	0.475782	0.232607	0.482542	0.467082	0.457925	0.476488
0.498184	0.457381	0.474253	0.225053	0.499260	0.487569	0.479479	0.498639
0.496221	0.499614	0.493646	0.208572	0.470345	0.470705	0.492059	0.480122
0.498164	0.487879	0.482391	0.178543	0.495374	0.493427	0.490842	0.496783
0.496785	0.468881	0.498382	0.175173	0.484375	0.487928	0.475655	0.465922
0.494927	0.481619	0.481945	0.199593	0.490011	0.485994	0.489272	0.479762
0.493869	0.498476	0.487706	0.182464	0.474891	0.485101	0.470502	0.487251
0.491623	0.485924	0.495800	0.200945	0.498207	0.498541	0.479826	0.479530
0.496058	0.472828	0.479348	0.204811	0.476538	0.491146	0.477958	0.498129
0.479545	0.486881	0.496982	0.199476	0.470478	0.486032	0.471682	0.495498
0.498005	0.495166	0.489053	0.242128	0.497644	0.479300	0.474521	0.492118
0.444852	0.489061	0.496766	0.472620	0.476422	0.485106	0.498817	0.482148
0.498069	0.463745	0.458261	0.495554	0.497887	0.497841	0.489433	0.474060
0.493086	0.484318	0.495919	0.489230	0.482804	0.490997	0.496648	0.466905
0.476304	0.482277	0.491434	0.487703	0.490811	0.499504	0.498590	0.490428
0.447190	0.491364	0.460090	0.488069	0.452893	0.490107	0.477428	0.469255
0.441790	0.496001	0.497573	0.471243	0.493174	0.482040	0.486241	0.486332
0.487073	0.457594	0.498754	0.488710	0.483684	0.492685	0.475349	0.480211
0.472619	0.474501	0.487446	0.496790	0.482533	0.498912	0.499891	0.467109
0.455144	0.471970	0.478717	0.485817	0.470351	0.493934	0.484378	0.486038
0.482456	0.491049	0.497787	0.483424	0.485241	0.471415	0.493900	0.459071
0.490586	0.494345	0.475526	0.494577	0.497928	0.491966	0.499874	0.499443
0.472160	0.488085	0.496631	0.406182	0.481017	0.496754	0.217345	0.479735
0.455957	0.485609	0.459882	0.376194	0.492741	0.495062	0.209657	0.481930
0.432400	0.489267	0.498871	0.344072	0.459096	0.489102	0.183757	0.493499
0.497085	0.482080	0.493955	0.374928	0.492428	0.489814	0.184931	0.475893
0.489192	0.479354	0.493384	0.365887	0.471962	0.484307	0.205303	0.471610
0.498390	0.489633	0.488638	0.335842	0.478242	0.485057	0.194791	0.472507
0.482685	0.481508	0.493664	0.388189	0.477154	0.478425	0.212204	0.498059
0.496497	0.477984	0.461773	0.402463	0.498316	0.498068	0.228358	0.486203
0.470274	0.475265	0.482213	0.356756	0.499774	0.462349	0.232174	0.480686
0.484421	0.499879	0.476472	0.369397	0.497811	0.492921	0.217920	0.446131
0.495549	0.488904	0.488572	0.360936	0.486718	0.486246	0.186102	0.478353
0.487495	0.498898	0.482485	0.481666	0.204246	0.492096	0.218936	0.484623
0.480530	0.484422	0.495049	0.467498	0.205267	0.489581	0.186443	0.483174
0.476412	0.479467	0.490179	0.484943	0.182727	0.490535	0.206964	0.489083
0.478234	0.497944	0.495128	0.486098	0.207448	0.494708	0.210581	0.485549
0.489299	0.494184	0.485246	0.477302	0.203802	0.498779	0.221252	0.494370
0.498073	0.471479	0.470190	0.495438	0.126347	0.495447	0.228342	0.499737
0.498740	0.492110	0.494495	0.490992	0.190142	0.496241	0.221653	0.499463
0.469833	0.498497	0.495199	0.489296	0.213019	0.496828	0.182784	0.494691
0.486301	0.497627	0.475598	0.495620	0.184962	0.496655	0.226607	0.470617
0.498930	0.490560	0.491855	0.471009	0.245397	0.452749	0.205886	0.498234
0.493302	0.497764	0.495785	0.496415	0.216142	0.494700	0.189582	0.480791
0.456989	0.471947	0.458657	0.364779	0.492198	0.495365	0.481547	0.477991
0.476744	0.496042	0.496316	0.382382	0.471399	0.483207	0.475119	0.484028
0.486605	0.494457	0.496304	0.362512	0.492857	0.472078	0.494891	0.474592
0.477220	0.495319	0.485877	0.322331	0.494766	0.483441	0.458382	0.470943
0.484861	0.486414	0.461478	0.375993	0.468672	0.499257	0.469707	0.487426
0.471359	0.476631	0.497233	0.365722	0.494831	0.482212	0.499995	0.493127
0.498342	0.498810	0.481503	0.345633	0.497252	0.475289	0.490493	0.497512
0.495291	0.499756	0.481511	0.370878	0.468885	0.477373	0.493782	0.492274
0.475401	0.493409	0.490067	0.365586	0.453318	0.476340	0.493299	0.479799
0.496811	0.498039	0.462613	0.395179	0.482375	0.485282	0.478644	0.498889
0.469976	0.496676	0.489270	0.360347	0.482874	0.488286	0.490943	0.488380
0.486393	0.486650	0.462368	0.482816	0.491863	0.481169	0.497466	0.472316
0.482014	0.497987	0.483833	0.490658	0.481740	0.463875	0.492631	0.481204
0.492534	0.482245	0.489010	0.488384	0.494300	0.494360	0.482011	0.472676
0.471694	0.486566	0.439899	0.486526	0.490928	0.483212	0.496089	0.459988
0.497018	0.491855	0.476254	0.463765	0.474214	0.482652	0.496717	0.489544
0.498138	0.486158	0.493805	0.483832	0.497961	0.488690	0.491284	0.492133
0.468957	0.490218	0.479541	0.489784	0.494229	0.473850	0.467694	0.495994
0.479356	0.477983	0.489051	0.481022	0.465538	0.492331	0.469820	0.488220
0.490205	0.492796	0.482015	0.480503	0.498197	0.484710	0.497914	0.499066
0.496698	0.485979	0.491846	0.439044	0.480971	0.492843	0.490863	0.476485
0.496055	0.490223	0.493953	0.471938	0.458650	0.484316	0.494932	0.491125
0.492164	0.481638	0.495620	0.376055	0.485701	0.364655	0.475729	0.355343
0.495554	0.496693	0.484794	0.387718	0.480165	0.367003	0.488247	0.364311
0.499613	0.478241	0.488046	0.339171	0.482653	0.347752	0.485895	0.365227
0.496353	0.474050	0.489047	0.343145	0.493364	0.322824	0.486088	0.378181
0.483438	0.486437	0.475871	0.388574	0.467542	0.377141	0.490681	0.386421
0.459090	0.496025	0.495564	0.370375	0.473516	0.358928	0.492574	0.340109
0.485266	0.476492	0.489182	0.370084	0.498322	0.362126	0.498644	0.363389
0.499309	0.490973	0.488464	0.361500	0.497543	0.352900	0.499131	0.342960
0.491695	0.481223	0.497474	0.354624	0.485102	0.349575	0.499653	0.387211
0.474658	0.455449	0.497127	0.363063	0.484161	0.359383	0.488777	0.344305
0.490855	0.485281	0.462760	0.381723	0.497357	0.343674	0.489878	0.356700
0.492950	0.498232	0.477577	0.408790	0.218634	0.487211	0.490522	0.494458
0.499841	0.485257	0.465317	0.383508	0.236126	0.474126	0.493657	0.478315
0.470737	0.499549	0.477980	0.361802	0.178118	0.497550	0.491376	0.477809
0.499792	0.486289	0.471081	0.361871	0.225810	0.494262	0.480593	0.488856
0.483124	0.470767	0.496582	0.340542	0.184713	0.495639	0.499057	0.464669
0.463983	0.490902	0.476083	0.376836	0.200828	0.480505	0.491778	0.499849
0.491614	0.491331	0.451287	0.365327	0.224457	0.482474	0.488109	0.498229
0.493742	0.481140	0.492342	0.380347	0.248049	0.494560	0.486854	0.488894
0.444845	0.464282	0.476410	0.363486	0.187417	0.489021	0.496486	0.479759
0.494805	0.474437	0.496277	0.381098	0.200313	0.496038	0.498792	0.461712
0.493119	0.488576	0.471603	0.351038	0.194480	0.493948	0.483402	0.489390
0.480604	0.481643	0.490418	0.383680	0.205226	0.159792	0.499551	0.498574
0.474242	0.490337	0.477651	0.390374	0.179498	0.232314	0.473904	0.461696
0.498897	0.471111	0.479594	0.388290	0.177873	0.214074	0.482557	0.488182
0.491605	0.460883	0.462787	0.370795	0.227535	0.195678	0.489710	0.495080
0.490356	0.491399	0.471655	0.382366	0.201559	0.219607	0.492126	0.471961
0.493296	0.484838	0.478099	0.360840	0.213050	0.241327	0.484201	0.459746
0.490595	0.496616	0.468864	0.377097	0.195128	0.214855	0.476408	0.490770
0.483695	0.451703	0.490620	0.397488	0.225943	0.182253	0.499647	0.448780
0.490647	0.485695	0.476654	0.356511	0.204780	0.226529	0.459636	0.499368
0.497386	0.487581	0.482872	0.388789	0.199116	0.170722	0.460515	0.493136
0.490834	0.476240	0.490706	0.350269	0.220903	0.177971	0.493757	0.497191
0.473549	0.496597	0.481580	0.366618	0.499130	0.490598	0.189404	0.471225
0.467426	0.455796	0.483800	0.386095	0.479567	0.474756	0.207415	0.476469
0.461212	0.471543	0.491372	0.355530	0.474510	0.487636	0.162710	0.489585
0.491978	0.468309	0.461823	0.381697	0.489480	0.481739	0.167961	0.495559
0.482690	0.472071	0.497423	0.356729	0.492526	0.486037	0.213662	0.469367
0.469545	0.472074	0.481504	0.363193	0.482247	0.485530	0.208486	0.493960
0.475849	0.482583	0.497609	0.359619	0.484958	0.493613	0.222690	0.484905
0.483556	0.497783	0.489401	0.338971	0.487906	0.493830	0.197705	0.452486
0.471693	0.495660	0.492962	0.352546	0.467045	0.499534	0.190494	0.496308
0.468973	0.475113	0.461057	0.383130	0.487800	0.493544	0.231524	0.485766
0.487748	0.466415	0.495587	0.348210	0.493331	0.490113	0.154606	0.498302
0.488819	0.485667	0.477735	0.375862	0.197072	0.164609	0.491006	0.175106
0.476204	0.483042	0.476191	0.383042	0.220597	0.196559	0.484326	0.184454
0.489733	0.488747	0.481109	0.337108	0.187796	0.210617	0.456352	0.226909
0.464000	0.498100	0.467581	0.336953	0.221781	0.186894	0.472617	0.244933
0.498741	0.492744	0.474902	0.371436	0.200028	0.197867	0.484151	0.166660
0.494315	0.462512	0.485180	0.330801	0.197975	0.205298	0.478649	0.226446
0.489602	0.458478	0.490670	0.365795	0.191090	0.192738	0.478394	0.202525
0.490402	0.476210	0.498229	0.358540	0.232211	0.188445	0.485005	0.215804
0.477390	0.465400	0.465325	0.360055	0.188816	0.169141	0.491827	0.204824
0.476179	0.483735	0.491514	0.368550	0.178621	0.212404	0.488982	0.192691
0.474637	0.470773	0.485122	0.389914	0.206960	0.174415	0.484703	0.185435
0.493635	0.487482	0.478658	0.353228	0.463738	0.489659	0.474616	0.495900
0.459460	0.498801	0.485778	0.356565	0.492477	0.491908	0.491346	0.484216
0.441318	0.488151	0.479977	0.328207	0.480047	0.472454	0.489741	0.493241
0.486507	0.498776	0.489640	0.361201	0.481700	0.484781	0.499189	0.494876
0.468124	0.485446	0.488369	0.343550	0.490735	0.474818	0.496788	0.481524
0.491560	0.474823	0.474658	0.390290	0.494511	0.490713	0.483036	0.488988
0.472723	0.487314	0.498052	0.356073	0.490402	0.494997	0.460526	0.450814
0.473887	0.474430	0.498831	0.369735	0.483339	0.484898	0.485934	0.491556
0.499383	0.498447	0.497529	0.383307	0.495846	0.460227	0.481351	0.473459
0.482952	0.496764	0.494635	0.399966	0.495543	0.497942	0.474602	0.480515
0.495109	0.495645	0.494852	0.364947	0.498356	0.474212	0.465506	0.499479
0.491728	0.483254	0.492573	0.498086	0.467562	0.107412	0.205849	0.086425
0.484869	0.486995	0.492362	0.455937	0.476726	0.146317	0.230479	0.114898
0.484238	0.497134	0.485836	0.492166	0.459588	0.140201	0.181570	0.103902
0.482001	0.462470	0.492257	0.460418	0.470721	0.163213	0.197625	0.107204
0.460676	0.489521	0.470990	0.462967	0.484671	0.116712	0.219686	0.137922
0.469176	0.484621	0.480771	0.483403	0.491691	0.124329	0.212174	0.145374
0.492547	0.480483	0.494010	0.447159	0.493555	0.098115	0.201167	0.108683
0.467235	0.488291	0.492647	0.486144	0.499898	0.141464	0.214840	0.112049
0.499841	0.493987	0.477382	0.499240	0.490797	0.119642	0.228342	0.089654
0.489805	0.478473	0.485613	0.488017	0.492785	0.152679	0.163724	0.140247
0.477038	0.496610	0.482888	0.481766	0.472983	0.135615	0.182697	0.110167
0.494475	0.476822	0.481178	0.371575	0.490057	0.493011	0.198333	0.485663
0.484921	0.473059	0.495550	0.367066	0.469776	0.490730	0.208051	0.496994
0.488797	0.498777	0.470757	0.325554	0.494975	0.494020	0.189909	0.489032
0.480129	0.494532	0.473472	0.354895	0.485826	0.489987	0.174400	0.493699
0.482783	0.471291	0.498722	0.385760	0.445072	0.478929	0.178459	0.461497
0.492751	0.481011	0.490566	0.356707	0.498031	0.499085	0.160482	0.463783
0.495442	0.490847	0.497024	0.354162	0.498616	0.489043	0.195183	0.498313
0.455216	0.497027	0.461996	0.364298	0.485092	0.499202	0.225469	0.478005
0.475874	0.496848	0.471709	0.356156	0.497971	0.492829	0.191177	0.496314
0.478829	0.474149	0.442701	0.349290	0.494546	0.477712	0.211360	0.494863
0.458259	0.473226	0.484053	0.361605	0.484251	0.484481	0.219254	0.473374
0.473673	0.497293	0.489662	0.352308	0.497301	0.164685	0.450823	0.217760
0.482158	0.472259	0.481537	0.371911	0.480169	0.194842	0.493521	0.187089
0.498304	0.492047	0.487661	0.327156	0.453074	0.209115	0.472766	0.209263
0.498765	0.483247	0.453516	0.358440	0.484275	0.217564	0.482615	0.191682
0.486662	0.471598	0.468570	0.339848	0.488884	0.191415	0.496421	0.228315
0.471268	0.481480	0.481143	0.369200	0.477244	0.181894	0.473305	0.226790
0.477739	0.473923	0.479675	0.402235	0.487081	0.166264	0.493823	0.180489
0.485037	0.486575	0.482125	0.346211	0.465321	0.206048	0.481830	0.176358
0.494527	0.481655	0.488962	0.385887	0.481779	0.229502	0.480729	0.191834
0.467036	0.472761	0.496177	0.362019	0.444075	0.219940	0.493119	0.188552
0.492338	0.490542	0.480617	0.352567	0.496404	0.187591	0.479068	0.195270
0.497450	0.458093	0.495746	0.492461	0.478167	0.499000	0.470480	0.492380
0.462885	0.482460	0.499605	0.484002	0.476654	0.488025	0.467493	0.490679
0.462056	0.488796	0.486119	0.478665	0.485289	0.469529	0.497859	0.490528
0.467043	0.474255	0.489493	0.486469	0.499863	0.478715	0.467844	0.482343
0.489740	0.499445	0.488854	0.488467	0.499824	0.497136	0.468389	0.479285
0.499066	0.469325	0.478793	0.464328	0.447695	0.497925	0.491994	0.483115
0.496722	0.486238	0.494177	0.485865	0.487203	0.479482	0.492157	0.482328
0.488313	0.471107	0.469922	0.493271	0.466694	0.474955	0.495215	0.455226
0.491418	0.483631	0.478566	0.488592	0.484108	0.489303	0.491828	0.493261
0.498837	0.477780	0.481752	0.482259	0.496294	0.496350	0.466579	0.492250
0.499957	0.498802	0.464680	0.497323	0.499457	0.483437	0.473287	0.488517
0.498130	0.468373	0.477423	0.484688	0.487998	0.470614	0.495143	0.478982
0.476445	0.492672	0.488688	0.485442	0.489741	0.478445	0.464712	0.488930
0.484584	0.486526	0.466806	0.475869	0.483619	0.487102	0.479946	0.483847
0.477829	0.483844	0.480957	0.478962	0.485834	0.487469	0.492558	0.461515
0.484742	0.488082	0.483438	0.488033	0.477185	0.433066	0.471388	0.496212
0.455427	0.484709	0.492248	0.487599	0.467980	0.483963	0.486634	0.493927
0.490619	0.484232	0.493846	0.494980	0.495997	0.491007	0.467226	0.490017
0.494245	0.498448	0.471957	0.494645	0.490392	0.488812	0.499626	0.498320
0.467687	0.485278	0.469405	0.481531	0.487964	0.493114	0.474027	0.496619
0.457233	0.471749	0.480369	0.497823	0.485313	0.464694	0.489775	0.489222
0.490737	0.481271	0.495387	0.493253	0.485123	0.465037	0.471500	0.485597
0.477586	0.468769	0.480404	0.349102	0.455656	0.206641	0.474166	0.185361
0.482189	0.474076	0.495131	0.323102	0.483829	0.204854	0.465390	0.222890
0.468834	0.493590	0.462465	0.338723	0.470734	0.228029	0.485157	0.166787
0.477304	0.487798	0.486209	0.361100	0.497896	0.214574	0.495980	0.194569
0.475113	0.477713	0.483557	0.366340	0.484471	0.183792	0.488034	0.176920
0.495613	0.479206	0.473667	0.378615	0.466955	0.248416	0.481633	0.178883
0.497338	0.464382	0.494865	0.370799	0.464111	0.197908	0.462909	0.235360
0.485354	0.492347	0.475981	0.349289	0.496854	0.201939	0.472116	0.202857
0.481595	0.486527	0.490403	0.344073	0.482044	0.222798	0.480634	0.186968
0.493155	0.451141	0.456051	0.389286	0.493957	0.185334	0.476088	0.196019
0.489144	0.477610	0.466926	0.371827	0.484552	0.214426	0.467044	0.188815
0.485052	0.493571	0.492205	0.099381	0.485537	0.476946	0.494389	0.480403
0.499653	0.491983	0.462418	0.131564	0.494184	0.483198	0.491440	0.491481
0.478908	0.495624	0.480208	0.125350	0.470931	0.483755	0.494347	0.474828
0.468159	0.481151	0.491365	0.136233	0.489861	0.473286	0.482328	0.479000
0.492316	0.470992	0.483045	0.126958	0.489141	0.469682	0.464287	0.493740
0.487619	0.469161	0.437110	0.136906	0.487432	0.482414	0.493307	0.484662
0.490413	0.499982	0.475545	0.108610	0.490381	0.485982	0.479934	0.481454
0.492346	0.479466	0.497185	0.139450	0.486277	0.481448	0.492885	0.462978
0.490602	0.492762	0.451711	0.130427	0.494497	0.497337	0.491997	0.444470
0.475174	0.485875	0.471170	0.125290	0.499182	0.483886	0.467850	0.462175
0.473830	0.480144	0.497765	0.117572	0.470113	0.488777	0.496240	0.499855
0.489568	0.487901	0.493945	0.470939	0.490670	0.496824	0.486366	0.489311
0.492591	0.477450	0.498066	0.491578	0.497803	0.485829	0.492660	0.498718
0.499634	0.477776	0.499377	0.477529	0.465902	0.489568	0.433345	0.451414
0.487249	0.475060	0.494744	0.453436	0.497319	0.475779	0.482657	0.485825
0.498070	0.486832	0.498483	0.472040	0.491581	0.475974	0.494456	0.479343
0.480812	0.459835	0.466181	0.486243	0.488514	0.478420	0.466527	0.495513
0.469508	0.487806	0.496979	0.498258	0.491044	0.492825	0.494762	0.463277
0.462893	0.494437	0.492651	0.483436	0.480201	0.481402	0.493905	0.489085
0.477567	0.487947	0.477110	0.498244	0.484464	0.492558	0.475060	0.466915
0.499828	0.475932	0.497770	0.495700	0.477818	0.484394	0.489536	0.497203
0.493864	0.487195	0.485916	0.482501	0.479667	0.485413	0.487453	0.497541
0.471631	0.475316	0.477360	0.193736	0.203826	0.496864	0.489263	0.493523
0.494448	0.473963	0.474012	0.193188	0.193078	0.481803	0.499743	0.484386
0.476361	0.480013	0.489886	0.214415	0.213278	0.489916	0.487664	0.496047
0.499643	0.484017	0.491276	0.190864	0.202105	0.486487	0.487364	0.480506
0.485140	0.494084	0.481841	0.200720	0.193085	0.482181	0.477956	0.499424
0.483912	0.484906	0.467981	0.183470	0.199171	0.453023	0.489305	0.494152
0.482879	0.498872	0.490522	0.198049	0.203419	0.496161	0.494612	0.490858
0.496283	0.473722	0.484839	0.222418	0.199421	0.495232	0.481744	0.477806
0.487106	0.485634	0.477574	0.187592	0.152160	0.492385	0.489739	0.499641
0.494895	0.492110	0.491268	0.202012	0.214158	0.498250	0.476223	0.496485
0.487578	0.497335	0.499844	0.212645	0.198899	0.463250	0.470631	0.491174
0.491748	0.498078	0.496702	0.467451	0.494771	0.183519	0.476019	0.231058
0.489091	0.484868	0.484219	0.497306	0.493578	0.211831	0.493238	0.232225
0.492910	0.481161	0.468743	0.495205	0.498963	0.192209	0.491385	0.197897
0.484465	0.497968	0.440451	0.442514	0.495221	0.213637	0.486459	0.226025
0.477893	0.490297	0.498949	0.498765	0.493707	0.223858	0.492535	0.178317
0.469060	0.491212	0.483498	0.496291	0.497916	0.207422	0.492379	0.193994
0.477921	0.481059	0.493285	0.463262	0.488316	0.205181	0.489654	0.260844
0.479042	0.484993	0.487908	0.475574	0.497396	0.193107	0.475069	0.244416
0.486265	0.489689	0.494727	0.497943	0.450477	0.243173	0.487364	0.219007
0.452765	0.495768	0.475489	0.447797	0.482191	0.223471	0.481777	0.186823
0.478883	0.492761	0.481445	0.465423	0.493037	0.154492	0.488328	0.174891
0.479148	0.493935	0.480718	0.490562	0.202317	0.495416	0.203213	0.169830
0.495009	0.475474	0.496465	0.474925	0.192182	0.498211	0.210328	0.175077
0.497653	0.473526	0.489622	0.483117	0.209167	0.480755	0.227747	0.176943
0.446316	0.487618	0.481114	0.484778	0.192915	0.496475	0.215027	0.220908
0.467825	0.475236	0.467926	0.492761	0.217122	0.492939	0.226543	0.209288
0.454303	0.488154	0.472324	0.493219	0.211632	0.494218	0.213211	0.171371
0.476244	0.496782	0.499903	0.497763	0.208772	0.499482	0.210566	0.198662
0.499296	0.462399	0.483068	0.490279	0.205599	0.488196	0.233981	0.217880
0.480707	0.491103	0.489323	0.496505	0.188908	0.496024	0.211695	0.178920
0.490898	0.493929	0.488513	0.494794	0.212910	0.478329	0.223480	0.222099
0.472382	0.489367	0.474041	0.492344	0.182312	0.474020	0.209074	0.188796
0.493380	0.491094	0.494907	0.482954	0.229070	0.378948	0.486683	0.395448
0.440110	0.478181	0.484795	0.493082	0.199976	0.368541	0.489127	0.383409
0.496944	0.492073	0.493212	0.492257	0.183206	0.370974	0.495058	0.372840
0.497882	0.496127	0.488124	0.479684	0.213843	0.367432	0.487288	0.351268
0.477693	0.483121	0.470738	0.484292	0.216630	0.349691	0.496996	0.372074
0.497415	0.492739	0.481783	0.486793	0.158170	0.367626	0.493887	0.352430
0.498740	0.464864	0.481849	0.494989	0.193084	0.390101	0.488963	0.346071
0.494628	0.498558	0.485266	0.485139	0.163212	0.386986	0.499814	0.350355
0.495828	0.469416	0.490204	0.473229	0.218523	0.335460	0.497526	0.336182
0.479630	0.496686	0.467505	0.478975	0.180957	0.361092	0.483691	0.386469
0.476763	0.492279	0.488058	0.475246	0.216404	0.371970	0.480115	0.344998
0.466832	0.206527	0.465653	0.499510	0.218712	0.499958	0.183939	0.486767
0.477273	0.188201	0.494204	0.470332	0.177124	0.493280	0.195911	0.497522
0.472983	0.183175	0.469376	0.491034	0.221878	0.483768	0.188647	0.495952
0.492355	0.207589	0.474214	0.477247	0.190983	0.474292	0.214246	0.490641
0.495488	0.194656	0.478030	0.499931	0.185899	0.487963	0.218225	0.489321
0.474941	0.210307	0.494517	0.481994	0.183467	0.479898	0.236351	0.484996
0.492996	0.229903	0.490817	0.482006	0.178934	0.463146	0.202774	0.471747
0.451454	0.205828	0.496020	0.483242	0.188393	0.478484	0.218597	0.491546
0.494467	0.201082	0.487254	0.473137	0.193482	0.480368	0.196008	0.468413
0.482851	0.174030	0.494589	0.497746	0.188875	0.488483	0.197740	0.478428
0.499662	0.208902	0.491318	0.476557	0.204274	0.476684	0.164691	0.492987
0.461791	0.484144	0.463785	0.365798	0.497273	0.495395	0.492522	0.466289
0.499374	0.438538	0.496039	0.384692	0.494600	0.496038	0.490318	0.488700
0.497502	0.482946	0.486477	0.357478	0.481229	0.450501	0.489932	0.486455
0.464949	0.469493	0.472761	0.370929	0.479515	0.493761	0.473626	0.469867
0.476994	0.469130	0.499048	0.413850	0.477581	0.479792	0.497829	0.473530
0.481052	0.473193	0.487419	0.339413	0.477647	0.499797	0.497677	0.492877
0.492091	0.472930	0.493182	0.348883	0.496160	0.473798	0.495166	0.471861
0.470857	0.493461	0.497716	0.374729	0.496678	0.474041	0.492156	0.472617
0.487882	0.496545	0.449441	0.396139	0.495652	0.468030	0.486013	0.499951
0.477333	0.482646	0.485993	0.359410	0.482583	0.494342	0.494776	0.474644
0.474834	0.468799	0.474080	0.362234	0.477565	0.499684	0.494523	0.492299
0.464318	0.461980	0.489098	0.367453	0.493118	0.470269	0.498060	0.486379
0.482114	0.488755	0.480766	0.367186	0.476982	0.453581	0.493269	0.475653
0.489956	0.493589	0.498962	0.393332	0.471582	0.487677	0.484615	0.478381
0.496264	0.499728	0.469236	0.384144	0.487827	0.479543	0.470603	0.471488
0.482043	0.491156	0.459155	0.379047	0.493365	0.495774	0.455280	0.499957
0.476048	0.497578	0.493633	0.370897	0.496499	0.486680	0.494694	0.457200
0.499651	0.493834	0.491240	0.339192	0.494051	0.492891	0.493325	0.490579
0.499543	0.498207	0.481704	0.378669	0.456890	0.490210	0.485982	0.497316
0.470889	0.493868	0.478469	0.358506	0.469875	0.486930	0.482188	0.478127
0.487836	0.486175	0.487876	0.319045	0.466341	0.462139	0.497718	0.489433
0.495578	0.456258	0.487476	0.335604	0.488963	0.489676	0.491991	0.491597
0.488515	0.497254	0.470695	0.491701	0.481044	0.482796	0.486678	0.488776
0.458040	0.492256	0.496955	0.459185	0.483680	0.476322	0.498727	0.489986
0.468048	0.489089	0.468028	0.492652	0.485972	0.474923	0.480286	0.487205
0.485406	0.459248	0.479453	0.478935	0.494796	0.485093	0.492302	0.491171
0.482068	0.442681	0.464989	0.489404	0.484083	0.463696	0.499997	0.488852
0.460085	0.492506	0.490158	0.478579	0.479633	0.477894	0.499426	0.480565
0.497284	0.473635	0.457343	0.473669	0.444553	0.470010	0.496453	0.457555
0.499161	0.495623	0.460511	0.479765	0.490758	0.458517	0.492708	0.484119
0.497825	0.493245	0.481734	0.493878	0.490967	0.475915	0.496152	0.492842
0.485468	0.499930	0.474293	0.486261	0.479760	0.474665	0.463627	0.487930
0.470900	0.490780	0.491159	0.499192	0.497160	0.472259	0.499329	0.489855
0.484231	0.466845	0.486275	0.492320	0.497168	0.468879	0.488384	0.461019
0.488555	0.473986	0.479927	0.489075	0.498162	0.473452	0.483795	0.485781
0.464162	0.498879	0.497444	0.487205	0.490498	0.468465	0.459482	0.496933
0.494031	0.471653	0.465656	0.474805	0.493162	0.475219	0.450173	0.491999
0.475435	0.491499	0.495613	0.492141	0.478569	0.488008	0.482134	0.480786
0.499651	0.497186	0.476657	0.475535	0.489245	0.485228	0.492761	0.471049
0.479625	0.487819	0.471219	0.477446	0.493738	0.483498	0.490384	0.491247
0.496676	0.494605	0.492694	0.483944	0.476180	0.483845	0.480840	0.492075
0.472377	0.492276	0.487390	0.479145	0.499337	0.492454	0.489848	0.464807
0.493188	0.491363	0.473700	0.470236	0.454204	0.465012	0.494788	0.486156
0.465248	0.477624	0.482361	0.498809	0.479066	0.483292	0.489924	0.483660
0.487559	0.475000	0.493435	0.494574	0.498650	0.496965	0.492076	0.481543
0.469577	0.488370	0.493977	0.489814	0.497469	0.490278	0.482121	0.499814
0.497137	0.462583	0.481821	0.483729	0.469827	0.491733	0.464098	0.470300
0.492211	0.482393	0.478097	0.492561	0.475642	0.482739	0.474178	0.480041
0.485374	0.483017	0.496958	0.497035	0.498763	0.473099	0.482926	0.486808
